g++ -std=c++20 -Wall -Wextra -Wpedantic -Wshadow -Wconversion -Wunreachable-code -Wno-unused-parameter -O3 -o build/simulation jass.o simulation.o
build/simulation
110100000101000100001100000010000000,000000001000010001000001101101000001,000000010010100010010000010000011100,001011100000001000100010000000100010,99,1896ms
000001000010010000001010000000100111,101000100000001100000001100001010000,010110000100100001110100000000000000,000000011001000010000000011110001000,120,2313ms
101111000000000010000000100110000000,010000000100001000001100011000100010,000000011011100000000000000001001101,000000100000010101110011000000010000,177,1717ms
111101011000000100000000100000000000,000000100000010010011111001000000000,000000000110001000000000010101110100,000010000001100001100000000010001011,157,6923ms
011001110100000000000000000000101001,100110001000000100010010110000000000,000000000001010011001001001010010000,000000000010101000100100000101000110,69,76087ms
001111011000000000110000000000000010,100000000001000010001011000001001100,010000100000011101000100001000100000,000000000110100000000000110110010001,122,20544ms
011011111100000000000000000000100000,000000000000110010100001000111000010,100100000010001101000000001000011000,000000000001000000011110110000000101,157,141ms
111110001010000000010000010000000000,000000000000001000000100100111011010,000001100001100000001011001000100000,000000010100010111100000000000000101,177,999ms
101001101001001000001000000010000000,010100000000010110010000010001000100,000010010000100001000010001100010001,000000000110000000100101100000101010,103,5631ms
011011101100100000000000100000000000,100000010011000000001001011000001000,000100000000000101010000000010110110,000000000000011010100110000101000001,89,21647ms
011000011001000001010010010000000000,000000100100011000100001000100001100,000001000000000010001100101001110000,100110000010100100000000000010000011,57,30470ms
000101100000010100000011000001010000,001000001000000011110000010010000001,000010000011100000000100100000101100,110000010100001000001000001100000010,0,160ms
100011011000100000000000000010000101,001000000100000101101000010000001010,010000000000011010010010001000110000,000100100011000000000101100101000000,125,1869ms
111111010000000000010000000010000000,000000001010000010100101100000100100,000000000001101101001000011000000001,000000100100010000000010000101011010,141,1608ms
010010001001000110000000100001000100,000100010000010001001011000100000010,000000000110100000110100010000101000,101001100000001000000000001010010001,53,10723ms
001011000000000000010111000000100001,000000100011000111001000000001000100,110000010000110000000000101010000010,000100001100001000100000010100011000,129,4693ms
001011101000000001000110000010000000,000000010011010000000001110000100010,010000000100000000011000001001011001,100100000000101110100000000100000100,90,1705ms
001001100000100000000010100001000110,100000001000000110000100010000111000,010010010010001001001000000100000001,000100000101010000110001001010000000,92,8413ms
101110111000010001000000000000000000,000001000100001000000000110110010010,000000000010000010001101001001000101,010000000001100100110010000000101000,156,1947ms
110011001000000000000101100000001000,001000010100110100100010000000000010,000000100010000011011000010001000001,000100000001001000000000001110110100,125,18935ms
110001001110100000000001000000000010,000100000000000110001010000110000101,001010010001011000010000001001000000,000000100000000001100100110000111000,136,2178ms
000101010000001100001000110010000000,000010101000000010000000000100010111,000000000111010000110100000001001000,111000000000100001000011001000100000,36,25742ms
100010000100000101000000011100000001,000001000000110010011001100000100000,011000000001001000100000000010011010,000100111010000000000110000001000100,144,1713ms
010110011000000001010010100000000000,000000100010001110000101000001000100,100000000000100000000000011100110011,001001000101010000101000000010001000,164,8350ms
011100111011000100000000000000000000,000001000100000000100110000010100110,000010000000010001010001000101001001,100000000000101010001000111000010000,108,16039ms
000111010000010000100000100000000011,111000000000000000001010000011011000,000000001001001111000100000000100100,000000100110100000010001011100000000,45,2451ms
000000001000100000110100011000000011,000101000100000110000001100010000100,101000100000011000000010000101010000,010010010011000001001000000000101000,106,3222ms
000110110000010010011000000000000100,000000001000101000100100010011001000,101001000011000001000010001000000010,010000000100000100000001100100110001,132,3636ms
111010001100100000000001000000001000,000101100000001001110000001000010000,000000010001000010000110010001100100,000000000010010100001000100110000011,116,18146ms
111001100000001000001001000010000000,000000000001010100000100101100010010,000110000110100000100000010000100001,000000011000000011010010000001001100,177,154ms
100110001001000000100000000011000010,010001000100000010001001010100001000,001000110000100100000000100000010101,000000000010011001010110001000100000,121,7716ms
101100110001000000000000000010010001,000001000100101011000001010001000000,000010001010000000000110000100100110,010000000000010100111000101000001000,157,1997ms
100101111000000001000000100000000100,000010000000110100111011000000000000,001000000001000000000000011110011010,010000000110001010000100000001100001,144,8761ms
101110101000000000000010000000101000,010000000001101110001000100000000001,000001000000000001110001011010010000,000000010110010000000100000101000110,177,2368ms
011101011000000000000000000011100000,000010100100101000000011010000000100,100000000000010011001100000000011010,000000000011000100110000101100000001,144,7416ms
100000010101010010100000000000011000,000101001010000100010001000001000001,000010000000100001001010001110100000,011000100000001000000100110000000110,105,678ms
001010101010101000100000100000000000,000100000100000011000010000100110001,100000000001000000001100001011001100,010001010000010100010001010000000010,113,42843ms
011111010000000000000000000010100100,000000000001110000010000110001000011,000000101110001010100100000000010000,100000000000000101001011001100001000,118,51070ms
101110100000010000101000010000000000,010001001000101000010000100110000000,000000010010000010000101000001101100,000000000101000101000010001000010011,118,13861ms
110111111000000000000000000000001000,001000000100011000001000001001010010,000000000010000100100101010110000001,000000000001100011010010100000100100,177,360ms
111101110000000000000010000000000010,000010001100010100000001000000100101,000000000010000000111100110100010000,000000000001101011000000001011001000,157,424ms
010011010000010101000000000100000010,100100000101101000100000000010010000,000000100010000000001110010001101000,001000001000000010010001101000000101,63,10989ms
110010110000000010001010010000000000,000000000110101001000000100010010010,000001000001000100100001000101001100,001100001000010000010100001000100001,129,9506ms
100011010001010010000001000000000001,010000100010000000001010000010001110,001100001000100000100000001100110000,000000000100001101010100110001000000,132,10722ms
010011011100010000000010001000000000,100000000010100000010101100010010000,001000000000001111001000000100000110,000100100001000000100000010001101001,75,24555ms
001101001001000110000000010000000100,000000000010000001000110101110010000,000010010000110000110001000000001001,110000100100001000001000000001100010,49,6682ms
001011001000000100011000010000100000,000000000010100010000000101010011100,010000100001010001000001000100000011,100100010100001000100110000001000000,87,13918ms
101000100110100001000000000010001000,000000001000010110000010110000100001,010000010000000000010100001101010010,000111000001001000101001000000000100,157,4829ms
000010001000010100110000110010000000,100101010000000000000001000100110001,010000000111000000001010001001001000,001000100000101011000100000000000110,30,7061ms
001000010000100001000101001010001000,100100100000011110000000100001000000,000011000011000000001000010000000111,010000001100000000110010000100110000,0,354ms
100011100100000000000110000000000110,010000010001001110010000011000000000,001100000010110000000000100101100000,000000001000000001101001000010011001,129,12404ms
001101011101000000000010001000000000,010000000000010110000001000100011100,000010000000000001010100110010100010,100000100010101000101000000001000001,62,6034ms
101101010010000000010000010000000001,000000000001011100000011100001000010,010010000100000001101000001100010000,000000101000100010000100000010101100,157,122ms
100000110000000010000010010000011100,010110000010001000000001000110000001,001001001001010101100000000000100000,000000000100100000011100101001000010,104,11911ms
100001001001000000010000000001100110,010000110110000100001010000000010000,001100000000101000100100000110000001,000010000000010011000001111000001000,124,5908ms
110011111000000000010000000010000000,001000000101001000000100010000010011,000100000000000111000010101001001000,000000000010110000101001000100100100,115,1160ms
100111100000000000010010010010000000,011000000011001001000000100100000010,000000001100100100001100000001101000,000000010000010010100001001000010101,125,6079ms
011001111000000000000001100000100000,100000000000000010000010001110010101,000110000000110100110100000001000000,000000000111001001001000010000001010,134,12202ms
011111101000000000000010000000010000,000000000001010010001101001010001000,100000010010001000100000010100100010,000000000100100101010000100001000101,177,265ms
000110010100000000100000100000110001,010000000000000100001100001110001100,100001001010101000010010000001000000,001000100001010011000001010000000010,148,2161ms
000001111000000000001000101100100000,000010000100000001100001000011010001,011100000010100010000000000000001110,100000000001011100010110010000000000,102,52029ms
111111101010000000000000000000000000,000000000000001010001011001100000110,000000000100110100110000110000001000,000000010001000001000100000011110001,177,156ms
110110110001001000000000000000000001,001000000010000010011000000101100010,000001001000110100000100100010000100,000000000100000001100011011000011000,146,3755ms
001110111000000001010000000000000010,000001000001000100100010010100101000,110000000110011000000000000000010101,000000000000100010001101101011000000,177,433ms
100110000001011000000100100100000000,010001000110000010000000001000100101,000000000000100001100011010010011000,001000111000000100011000000001000010,124,2820ms
010000011100100100000100100001000000,001100100001011011000000010000000000,100000000000000000011010001100100101,000011000010000000100001000010011010,119,107295ms
010101001000100000010100101000000000,000000100100000010000001000111011000,100000000000010000001010010000100111,001010010011001101100000000000000000,116,104071ms
111011001000000010000000010000000010,000000010010100101000101000100100000,000000000101000000111000001001001001,000100100000011000000010100010010100,157,906ms
000100111100000000000001000101100000,100000000000010111110010010000000000,000011000010001000001100100000000011,011000000001100000000000001010011100,47,5387ms
110101111000000000000010000000000001,001010000010100100011000000101000000,000000000100011000100000111010000010,000000000001000011000101000000111100,157,2594ms
010100010010000000010000000010110010,100000000101000101001001000000001001,000011101000100000000110100000000100,001000000000011010100000011101000000,56,7947ms
001100011001000010000000100000110000,010010100000100100000110000000001010,000000000000010000011001001101000101,100001000110001001100000010010000000,24,10728ms
110010100000011000000000100010001000,000100000010100000001000011001100001,001000010000000000010111000000010110,000001001101000111100000000100000000,143,1961ms
000010101000000000001000010011101000,000001000011110100000000101100000000,101100000000001010100011000000000001,010000010100000001010100000000010110,125,3362ms
111001010000000000000010101000000010,000100000111001000001000000011010000,000000100000010101000100010100001001,000010001000100010110001000000100100,131,4526ms
111111011000000000000000000000000001,000000100010000001100000000110101100,000000000001010100000111111000000000,000000000100101010011000000001010010,156,3548ms
011110011000000100000000000000000101,000001000000110000000010000111110000,000000000001000011011100010000001010,100000100110001000100001101000000000,88,44454ms
010001111000000010010010001000000000,001100000010000100100000000110010010,100000000100000001001101000000001101,000010000001111000000000110001100000,146,1181ms
100010011000010001000010000100000100,011000100101001000000100010000000001,000000000010000100001000101011101000,000101000000100010110001000000010010,73,12203ms
101001000000000010000101010010000010,010010001111000000000000000000111000,000100010000000101111000000001000100,000000100000111000000010101100000001,89,6248ms
000010000011000111010000010000001000,110000011100000000001011000010000000,000100000000101000000000101100010110,001001100000010000100100000001100001,15,439ms
110011011001000000010000000000000001,000000100010110101000000011000001000,000000000100001000100100100100100110,001100000000000010001011000011010000,157,905ms
001001000100000010000010001110010000,000010101011000100001000000001100000,000100000000111000100100100000001001,110000010000000001010001010000000110,57,1179ms
011101101000000000001000000000001100,000010000000000001000101100110010010,100000010000110110010000001000100000,000000000111001000100010010001000001,141,5378ms
110001010100000010000000010000100100,000110000000101100100000000000011010,001000100001010001011010001000000000,000000001010000000000101100111000001,157,2237ms
111110110000100010000000000000000000,000000001001010000100100011110000000,000000000110000001010000100000011011,000001000000001100001011000001100100,177,465ms
010011100000000010000100000100010001,000000011011000100100000000001100100,101000000100111001000000100010000000,000100000000000000011011011000001010,157,1778ms
111011011100000010000000000000000000,000100000000001000110001010000100110,000000000000100101000000101101011000,000000100011010000001110000010000001,151,1824ms
100100001001100001010000000010000100,010000000110000110100000000001101000,000001110000010000001001000100010010,001010000000001000000110111000000001,100,8603ms
110000000000110000101000000011000010,000000011101000011000000000100001100,001011100000001000000111000000010000,000100000010000100010000111000100001,134,3951ms
010101101000000001000011000000001000,000000010110001000010000011001100000,101010000000100000100000100000000111,000000000001010110001100000110010000,143,3725ms
010111011000000010000000000000100010,000000000100000001011110000110010000,101000000010011000100000001001001000,000000100001100100000001110000000101,177,655ms
001110001000000000001000000010001101,000001010010000110010110000000100000,110000100100000001000001010000010010,000000000001111000100000101101000000,164,5542ms
001100000001010100001000000000111000,000001000100000000110111100000000100,100000001000001011000000010011000010,010010110010100000000000001100000001,58,8459ms
001110110001100100000000000000000010,100000000010001010000010011000001100,000001000100000001110100000110010000,010000001000010000001001100001100001,110,12406ms
100001011110000000000010100000000001,001010000000000000000101000011101010,010000100001010010100000011000000100,000100000000101101011000000100010000,144,5348ms
001111000001000100001000100001000000,010000001010001000000001011010000001,100000100000100010000010000100110010,000000010100010001110100000000001100,141,3223ms
110001101010000000001000001000100000,000010000000011100100001000101000100,001000000001100000010100110000011000,000100010100000011000010000010000011,119,2388ms
010000100000001110100010000000010100,100001001000000001000000011011001000,000010000111100000001001000000100001,001100010000010000010100100100000010,39,1193ms
001010001010000000101000000000100110,100100000101100000000001100100001000,010000000000000110010110010010000001,000001110000011001000000001001010000,60,2642ms
011011110000000000100000000000010001,000100001001010001000001011010000000,000000000110100010000000100000101110,100000000000001100011110000101000000,81,25676ms
000110111010010000001000000000010000,111001000100001000000100100001000000,000000000001000001100001010100100011,000000000000100110010010001010001100,79,15564ms
011111111000000000000000000010000000,100000000000110101010100010001000000,000000000000000010101001100100110100,000000000111001000000010001000001011,135,10778ms
101000001000001100000001110010000000,000100000011100010001010000001010000,010010010100000000110100000000101000,000001100000010001000000001100000111,157,194ms
101100000100010000000010100001010000,000000011010000011010101001000000000,000011000000001100101000000110000001,010000100001100000000000010000101110,157,2100ms
011110010000000010100000110000000000,000001001010000100010000000001101010,100000000001011001000110000100010000,000000100100100000001001001010000101,177,3978ms
000000100000001010100000100111000010,000000000111000001010101000000010100,100001001000010000001000011000101000,011110010000100100000010000000000001,79,6667ms
101101000001000000010001000000000110,000010000010011100000000100110100000,000000111000100000001000011001000001,010000000100000011100110000000011000,88,2024ms
110001110100000001000000000100100000,000000001010010000001010001001010010,000110000001000010010000110000000101,001000000000101100100101000010001000,166,646ms
001001001100000000000100000010110001,000000000000011001001011100001000100,010010100000000000110000011100000010,100100010011100110000000000000001000,116,30613ms
101001111000100010000000000000010000,000010000110010000100000000011001100,000000000001000000001010101100100011,010100000000001101010101010000000000,113,53047ms
000000000010010000001100101010010100,110010101000000000000011010001000000,000001000101100000010000000100100011,001100010000001111100000000000001000,0,3986ms
110111001000010100000000010000000000,000000000000001001010100100010110100,001000010010100010000010001100000010,000000100101000000101001000001001001,174,3277ms
110010000100000000000010000110000101,000100001001101010110000000001000000,000001000010010100000001100000011010,001000110000000001001100011000100000,118,3995ms
000101001001010010000001010001000000,100010010000100000101000001000011000,010000000110001101000000000100100100,001000100000000000010110100010000011,57,31811ms
100110111000010000000010000001000000,000000000010001010010000101010000011,001000000100000001101000000100011100,010001000001100100000101010000100000,177,686ms
110100011000001001000000000010010000,000000000000110000100111000100000101,000011100100000000011000110000001000,001000000011000110000000001001100010,157,1247ms
010100111101000000000100001000000000,100010000000001100000000110010010001,001000000010110010100001000100000100,000001000000000001011010000001101010,116,4806ms
111000100000100000001000100000000110,000111000000000110000100001010000001,000000010000000000100011010101011000,000000001111011001010000000000100000,157,2383ms
101101110010000010000010000000000000,000000001001001000101000101000000110,010000000100100000000000000111011001,000010000000010101010101010000100000,157,1613ms
010001110000100000000001000001000101,000100000000000001101100000110001010,101010000001011000000010100000010000,000000001110000110010000011000100000,121,12796ms
101010111000010000100001000000000000,000001000011001000000100001010000011,000100000100100011010010100000000100,010000000000000100001000010101111000,157,570ms
100011101000000000000100100000001010,010000000100010110000001000000010101,001100010000101000111000000100000000,000000000011000001000010011011100000,157,303ms
101011010000000000011101000000000000,000100001010000000000000010001111001,010000100000010101100000100100000100,000000000101101010000010001010000010,157,777ms
011100011000000100000000100000010100,100001100001101010000000000011000000,000010000000010000011110010000101000,000000000110000001100001001100000011,45,26280ms
111100101000000100000000000100001000,000001010000101000000001111000100000,000010000110010000101110000000000100,000000000001000011010000000011010011,157,940ms
100010110001100110000000000000000001,000000001010000000010101000011000110,010000000100001000101000011000011000,001101000000010001000010100100100000,142,1904ms
110110000000000000000110000001010010,001000000001000100111000110010000000,000001100000100010000001000100101001,000000011110011001000000001000000100,177,7048ms
110111010000000000000000000010100001,000000000001000111100001001001000100,000000001000011000001110010100001000,001000100110100000010000100000010010,177,463ms
100100011100010000001000001000010000,000011000011001001000100000001000100,000000100000100010000011110010100000,011000000000000100110000000100001011,83,2663ms
100111010000010100000000000011000000,010000100000000000000101010000100111,001000000101001001110010000100000000,000000001010100010001000101000011000,163,1659ms
110101110000010000010000001000000000,000000001010000010001100110011000000,000000000100100100000011000100110010,001010000001001001100000000000001101,153,4253ms
111111000100000000000100000000001000,000000000000100010110000010001110100,000000010001001101000001001010000010,000000101010010000001010100100000001,147,742ms
010101111000010000000000100010000000,101000000110000000110000001001001000,000000000000101010000101000100110100,000010000001000101001010010000000011,81,7192ms
011111110000000000000000100000000100,000000000101101001001000000010011000,100000001000000000100000011101100010,000000000010010110010111000000000001,177,161ms
001111010100000001000000000000001010,000000001011001000110001011000000000,010000000000100110000110000000110100,100000100000010000001000100111000001,104,25541ms
111000000001000000010010000000010110,000000000000001010100100010100101001,000000111010100100000001001010000000,000111000100010001001000100001000000,92,8117ms
101111010001000000010100000000000000,010000001100010000000000100110110000,000000100010001110101010000000000001,000000000000100001000001011001001110,160,3899ms
000110001000110000000100010001010000,010000110100000000000001000100101001,000001000010000101001000001010000110,101000000001001010110010100000000000,20,2683ms
111110101000000000000100000000100000,000001000001100100101001000001010000,000000000010011011000000110100000001,000000010100000000010010001010001110,161,2052ms
100111111000000010100000000000000000,001000000100001001000000101000110010,010000000000000100011110000010001100,000000000011110000000001010101000001,177,206ms
010111101000000000000010100000000100,000000000000011100100000000010101011,101000010110100010000100000000010000,000000000001000001011001011101000000,177,1002ms
110110001000100000000000010101000000,001001100100000100000001000000010011,000000000000010011010000101010001100,000000010011001000101110000000100000,137,13675ms
111100000000001010001010001000000000,000001100000010000010000010111000001,000000010101000001100001000000111000,000010001010100100000100100000000110,146,1690ms
101101011011000000000000000001000000,000000000000011010001000110010101000,010000000100000101110101001000000000,000010100000100000000010000100010111,157,1971ms
101100010101000001010000000000100000,010010000010100000100110010100000000,000000001000010100000001101011000100,000001100000001010001000000000011011,102,4620ms
011100100000001000100000100000001100,000000000010010101000001011000100001,000010011000100010001000000101000010,100001000101000000010110000010010000,95,6558ms
100111000100110000000000010100000000,011000001000000100000100100001001100,000000000001001011101001000000000011,000000110010000000010010001010110000,145,4294ms
011010000110001000000000010000001010,000000010001000010101011000000110000,100000101000000000010000001111000100,000101000000110101000100100000000001,157,1480ms
100010001000000000000010000011101010,000001000000001001101100110000010000,011000110101000000000001000100000100,000100000010110110010000001000000001,157,3487ms
101110001000000100000001010100000000,000001100010000001010010001000000101,010000010000101000000100000010011010,000000000101010010101000100001100000,177,717ms
011000010100001001010000010000001000,000100100010000100001010000000000111,000001000001100010100000101110000000,100010001000010000000101000001110000,107,1823ms
100001000100010000100000001000110010,001000001011000000010011000010000001,010010010000000010000100100101001000,000100100000101101001000010000000100,147,1228ms
111010000110000000001001100000000000,000100000000001000100010010101000011,000000000001010001000100001010110100,000001111000100110010000000000001000,116,13155ms
110111100100000000010100000000000000,000000010001101100000000000000110101,001000000000010011100000101100001000,000000001010000000001011010011000010,177,801ms
011000110000011100000000000100000010,000011000101000011010000100010000000,000000000010000000001110001000011101,100100001000100000100001010001100000,64,42152ms
110010111001000000000000000100000100,000000000000001100101001100010000011,001000000110100001000000001000111000,000101000000010010010110010001000000,157,489ms
111110011000100000000000000100000000,000000000010000000110010100010101001,000001100000010001001101000001000010,000000000101001110000000011000010100,164,407ms
110000100010000000000011000101001000,000010000001010001001100000000100011,001100000100000100100000010010010100,000001011000101010010000101000000000,157,766ms
010000000010100001000000000010111001,000000101000010000100011011000000100,001000010001001100001100100000000010,100111000100000010010000000101000000,23,11609ms
001110011000000100100010000100000000,100000000101000000000001100001011010,000001100010001001010100010010000000,010000000000110010001000001000100101,98,4235ms
001000011001110000000000001110000000,000100100100000000100011010000010001,110001000000000000001000100001101100,000010000010001111010100000000000010,157,2591ms
101010110000000000000010100000010100,010000000111011000100000000001100000,000101000000100101001100000000000011,000000001000000010010001011110001000,96,1660ms
010000010000000010010000100101110000,001011000100001000000000011000000011,000100000010110000000111000010000100,100000101001000101101000000000001000,45,3764ms
000110100000010000010001100001000001,100000001111000100000010000010000100,001000010000100011100000001100001000,010001000000001000001100010000110010,89,5760ms
010110000000100100100011000000010000,001001001101010000000000000010001010,100000010010000001011000100001100000,000000100000001010000100011100000101,129,16977ms
010111010010100000000100000001000000,100000100100000000010010001000010110,000000001000000100101000110100100001,001000000001011011000001000010001000,112,5215ms
001011011000000000000001010010000100,000000000101010101001000001001000001,000100100010100000110000100000001010,110000000000001010000110000100110000,83,5077ms
111010110000000000000010000000000101,000000001010010101100000000110010000,000100000101001010010100011000000000,000001000000100000001001100001101010,157,1834ms
011101100010010001000000100000000000,100000000100000100101011000000000011,000010001001000000010100011010001000,000000010000101010000000000101110100,85,77746ms
010100110001000010010001000000001000,001010000000000100000110000100110001,100000000100001001000000011001000110,000001001010110000101000100010000000,117,16495ms
111101100000000000000000100000100001,000000010011000000100011001000010010,000010001000101001010000010011000000,000000000100010110001100000100001100,143,874ms
111011110000000000001100000000000000,000000000011000001000000100000111011,000000001000000100110010011100000100,000100000100111010000001000011000000,157,134ms
111111110000000000000000010000000000,000000000001000100101001001100010010,000000000010001011000110000000101001,000000001100110000010000100011000100,162,3268ms
000110101010100001000000100100000000,010000000101000000000110010001101000,001000000000001000100001001010010011,100001010000010110011000000000000100,75,7879ms
011110100000000001100000000100000010,000000001001101000000101001000110000,100000000110010000000000100011001001,000001010000000110011010010000000100,177,449ms
111100010000000010000001000101000000,000010001000010000001110110000010000,000000100000100001110000001010100010,000001000111001100000000000000001101,157,1098ms
011000100011001000011000000010000000,100100010100100000000000101001010000,000010000000010000000011010100001110,000001001000000111100100000000100001,71,1484ms
110100001000100001000000101010000000,000001000000010100100101000000010101,000000100100001000011000010101001000,001010010011000010000010000000100010,136,1374ms
001010010100100000000000010001011000,000101100000010000000110100000100100,010000000001001100000001001110000010,100000001010000011111000000000000001,71,4013ms
011100110000010000010100010000000000,000000001000000011001010100000011010,100001000101100100000001001000100000,000010000010001000100000000111000101,157,2272ms
101001010001001010000000100000001000,010100100010000100001100000101000000,000010000000100000000011000010110011,000000001100010001110000011000000100,71,13522ms
110111011000000000000000000000001010,001000100110000001000111010000000000,000000000000100010101000101010100001,000000000001011100010000000101010100,140,61734ms
101111101000011000000000000000000000,010000000000000011100011011000000100,000000010001000000001100100001001011,000000000110100100010000000110110000,163,835ms
111101001000100000000000000000010001,000000100110000100100001001011000000,000000010000010000011110000000100110,000010000001001011000000110100001000,114,10337ms
111001011001000010000000001000000000,000100100100010100000001010000000011,000010000000000001001010100011011000,000000000010101000110100000100100100,121,7202ms
101100001000001100000000001100100000,000001000010000001000000110001011010,000000010001110000010111000000000100,010010100100000010101000000010000001,100,3957ms
100110101001010010000000100000000000,000001000100000000001100001010000111,011000000000100001000001000100111000,000000010010001100110010010001000000,169,3340ms
110000011100001000100010000100000000,001010000001100000000000100001110100,000000100010000111011001000010000000,000101000000010000000100011000001011,157,695ms
100101010000110000000010000000100001,010010100000000010010100001000001010,001000000011001100001001000100000100,000000001100000001100000110011010000,83,6217ms
010011001000000001100001000100000001,100000010000001000001100000010011010,001000100100100010010000000001100100,000100000011010100000010111000000000,110,33945ms
001011100001001000010001000001000000,110000000010010100100000010010000100,000000011000000011000100101000100010,000100000100100000001010000100011001,29,1318ms
111101101010000001000000000000000000,000010000001010100010100000110000010,000000000000001000101011101001000100,000000010100100010000000010000111001,127,2297ms
011110111000000000000000010000000001,000001000001011110010100001000000000,100000000010100001000000100001011010,000000000100000000101011000110100100,164,14357ms
111100011001000100000000000001000000,000000100100000000110100001100100010,000001000010010000001010010010001001,000010000000101011000001100000010100,134,1966ms
111101111000000001000000000000000000,000000000010001110100000101000100010,000000000000100000010111010100001001,000010000101010000001000000011010100,142,3050ms
011011010000000100001000000100001000,000000000011110010010000000000100011,000100001000000001100111101000000000,100000100100001000000000010011010100,118,11893ms
100000101100010000100010001000000001,001000000011000000000100010010110010,010110010000101011000000000100000000,000001000000000100011001100001001100,177,816ms
101011011001100000000000010000000000,000000000100001010010110101001000000,010100100010000000001001000010000110,000000000000010101100000000100111001,137,8030ms
110000010000001101000000010000110000,000011000101000000000100001110000010,000100001000110010001001000000000101,001000100010000000110010100001001000,77,1113ms
010100011000000000000000111001001000,101000000000001111001100000000000100,000011100001000000010001000010010001,000000000110110000100010000100100010,55,11834ms
111100100010000100000011000000000000,000000000001101000100100100100100010,000010010000000000010000011011001001,000001001100010011001000000000010100,143,13486ms
111000010000101000010000000011000000,000110000011000011000001001100000000,000001000100000100001100100000100011,000000101000010000100010010000011100,142,2039ms
010110001000000000000110000111000000,100000000000010010101000010000100011,000001010101100101000000001000001000,001000100010001000010001100000010100,118,3256ms
001000001001100001110000110000000000,010000000000001000001110000100010101,000101010000000110000000000011100010,100010100110010000000001001000001000,61,61085ms
010101110000010000000011000000100000,000000000011000010101000011100010000,101010001000000000000100100010001010,000000000100101101010000000001000101,157,2190ms
010010111100101100000000000000000000,000000000010010011000011010010000001,000101000001000000110100000101001000,101000000000000000001000101000110110,92,55649ms
011100010000110001000000000100010000,000001101100000100111000000000000100,000010000001000000000011011011100000,100000000010001010000100100000001011,75,26734ms
011000001010000000000001011000001010,100100010001100000100000000100110000,000010000100001011010100100000000100,000001100000010100001010000011000001,51,862ms
011001011000000100100001000000000001,000000000010001001011000111010000000,000010000100010010000110000100010010,100100100001100000000000000001101100,115,22583ms
001110100000000001011000010000000100,000001001101000000000001000000011011,110000010000010000000100101110000000,000000000010101110100010000001100000,166,400ms
011001101100000000000000100001010000,000110010001001000000010010010001000,100000000000010010011100001100000100,000000000010100101100001000000100011,149,4423ms
110101101000000000000000000001100100,000000000000101100100010010010010010,001010010100010011000101000000000000,000000000011000000011000101100001001,157,993ms
000000011110010010000100100001000000,001001000000100001000001000010111000,100110100000000100001000011000000001,010000000001001000110010000100000110,128,6474ms
110011000001010000000000001001000001,000100010000100101001100000000000110,001000001100000010010010010000011000,000000100010001000100001100110100000,139,591ms
011001000000000101000101000000001010,000000010010100000000000001111010001,100110001000011000001000110000000000,000000100101000010110010000000100100,142,8733ms
010111000100000000001010100000001000,000000011010000010010001001001000010,000000100001011100000100010100100000,101000000000100001100000000010010101,112,2107ms
101101100001000010000000010000010000,000000011010100000000100000100100110,010010000000001000001011001011000000,000000000100010101110000100000001001,120,4996ms
101000110100000000010000000100010100,000000000011000010100010010011000001,000110000000000100001001101000100010,010001001000111001000100000000001000,129,9379ms
010001000100001000011000100100100000,100000010000000011100100000010010010,000110001001000100000010001001001000,001000100010110000000001010000000101,100,809ms
101101101000000100000000000100000001,010000000110100000100100000010000110,000010010001011010000010001001000000,000000000000000001011001110000111000,146,1810ms
011110001000100000100010000000100000,000000010010010000000001001111010000,100000100101000010011000000000001010,000001000000001101000100110000000101,177,285ms
110010011000011000000000000010001000,000000000001000011100000010100010101,001001100110000100001001001000000000,000100000000100000010110100001100010,157,3388ms
001101100010000010001000000000001100,000000001000001100110100100000010010,000010010001110001000000010001000001,110000000100000000000011001110100000,43,860ms
000001100100001001010100000010100000,110010001010010000000000011000000001,000100000000100100000011000101011000,001000010001000010101000100000000110,19,994ms
010100100010100000000000110000101000,001010000000001101000101001000010000,000001010100000010010000000111000100,100000001001010000101010000000000011,88,3724ms
000011010100000000110100001001000000,010000000001000110000001100010100100,100000101010010001000000010000010010,001100000000101000001010000100001001,142,935ms
101011001000100001000010000000000010,010000100000000000010000011001011001,000000000111011010000001000010100000,000100010000000100101100100100000100,111,29773ms
001010011010010100000000000000000101,110000000100000010101101000000000010,000100100000001001010000001101001000,000001000001100000000010110010110000,67,4101ms
100010100001000000001001000001011000,001000000000000100110110001100000100,000001011010011010000000000000100001,010100000100100001000000110010000010,93,15557ms
000001110001000010010100000100010000,001000001000000001000001010010101001,100010000000101000100010101001000000,010100000110010100001000000000000110,115,4512ms
101100101000010100010000010000000000,000000000101100000000111000001001001,000001000000001011001000001100100100,010010010010000000100000100010010010,85,31983ms
011111001000000101000000000010000000,000000110011100000000000110000001010,100000000000010010101100001000100100,000000000100001000010011000101010001,171,3143ms
100101011000100010100000001000000000,001000000000001001010000100001011001,010010100010010100000010000010000010,000000000101000000001101010100100100,154,1849ms
101111001010000000001000000000010000,000000000001011001000011000000001011,010000010000000100000000101110100100,000000100100100010110100010001000000,177,169ms
010000001001110001100000001000010000,100100100000001110000000010000001001,000010000110000000011010000110000100,001001010000000000000101100001100010,66,11031ms
000011110000000100001000000000001110,000000000001110001100000010101010000,000100001010001010010101000000100000,111000000100000000000010101010000001,14,2487ms
010001011100011000000000000000000011,101000000000000110010010101000001000,000100000011100000100001000001100100,000010100000000001001100010110010000,77,9322ms
101100100001010001000001000000000001,010010000000101010111100000000000000,000001011100000100000000101001000010,000000000010000000000010010110111100,114,34569ms
101000000100110010000000000000010101,010000101000001001100000010001001000,000101010011000000001100000010100000,000010000000000100010011101100000010,111,3643ms
001001101101000100010000000010000000,010000000010110010000001011000000010,100000000000001001000100100100001101,000110010000000000101010000001110000,119,21387ms
000111011001000001000000101000000000,000000000100000010010111010001000010,101000100010100000000000000100110001,010000000000011100101000000010001100,177,10319ms
010010101000011100000000010000100000,001000000001100000110100000110000001,000000010100000011001000100000011010,100101000010000000000011001001000100,62,3853ms
100100111000000001110000000000000001,011010000010001010001000000000011000,000000000101100000000001110100000110,000001000000010100000110001011100000,119,2653ms
101111011000000000001000000000000100,000000000001111100100010000000110000,010000100100000000000000111111000000,000000000010000011010101000000001011,177,35ms
000010010000000000101001000001110010,000100000110101001000010110000000000,010001000001010000000000001110001001,101000101000000110010100000000000100,48,67329ms
100011000000100100010000000010000110,000100111001011000100000000000000001,001000000000000001000011011001011000,010000000110000010001100100100100000,63,2863ms
011111000000000000100001000001100000,000000101000000010010000110010001100,100000000110010000001100000000010011,000000010001101101000010001100000000,177,1295ms
101101001010000000000000011000100000,000000000100111010000000100011000001,010000010000000101010010000000011010,000010100001000000101101000100000100,109,5039ms
001100110100001000000100000100000100,000000001001100110010000000000110010,000010000010000000100011110001001000,110001000000010001001000001010000001,93,3229ms
000010011000001000101001011000000000,100000000101000101010000100010000010,001001000000110010000100000001110000,010100100010000000000010000100001101,27,23167ms
000111101000000000010000001000101000,000000000011001110001110000000000100,100000010100110000100001110000000000,011000000000000001000000000111010011,157,70997ms
011101110010000000000100000000000001,000000000001011000000011000100111000,100010000000000110011000111000000000,000000001100100001100000000011000110,157,2479ms
001110000000100100010000100001000010,010000000010011010001100000010000100,000000001101000000000000011100011001,100001110000000001100011000000100000,71,1944ms
100000000000100011100100100000001001,011000110100000100001000000000000110,000111000001000000000011010000110000,000000001010011000010000001111000000,95,3882ms
010110111000000000000000010000100010,100001000001010110100001000000000001,001000000100001000000110101100000100,000000000010100001011000000011011000,122,20470ms
101111111000000000000000010000000000,000000000001001011100011101000000000,000000000000010000011000000110111001,010000000110100100000100000001000110,161,826ms
110101000000010100000110100000000000,001000011101100010001000001000000000,000010100010001001000001010000001010,000000000000000000110000000111110101,93,77685ms
001010110100100100000000000000000011,000000000000011000100001001001111000,000101000001000001011110100000000000,110000001010000010000000010110000100,60,96100ms
010001001000001000110001101000000000,100000000001010000000000000011110101,000100010000000100000110010100001010,001010100110100011001000000000000000,73,76500ms
101001011010000000010000010000000100,000100000001001000001000000101101010,010000000000100110100101100010000000,000010100100010001000010001000010001,157,1925ms
000011000010000001000001110010000010,100000001001010100000000001001100100,011100110100100010000100000000000000,000000000000001000111010000100011001,104,13557ms
111111111000000000000000000000000000,000000000010001110001110000000011000,000000000101010000100000110010100010,000000000000100001010001001101000101,177,128ms
011110101100100000001000000000000000,100000000000000010000110001000011101,000001000001001100010000010110000010,000000010010010001100001100001100000,123,6039ms
001101111000000100000001000001000000,110000000111100000000000000110100000,000000000000000011101110000000010011,000010000000011000010000111000001100,73,13026ms
100110110100100000001000000000100000,000000001001001010000001010010011000,010001000000000001010100100101000001,001000000010010100100010001000000110,177,169ms
110110101000000010000000000100010000,001000000100011100100000001010000100,000000010000000001001000110001100011,000001000011100000010111000000001000,148,3906ms
100111101001000001000010000000000000,000000000010100010001100000001010011,011000010100000100100000100100001000,000000000000011000010001011010100100,177,280ms
001011010100000001000000000011010000,100000100001000100000011010000101000,000100000010010000110000000100000111,010000001000101010001100101000000000,96,15637ms
010100001000000000000101000001100110,000000010101001000011000000100011000,000011000000000100100010111010000000,101000100010110011000000000000000001,62,22568ms
000000101001010010000001000000011010,000001000100100100000100110001000100,110110000000001000110010000100000000,001000010010000001001000001010100001,162,836ms
110110100001000000000001010000010000,001001000100100100100000000010001001,000000010010000001000010100101100100,000000001000011010011100001000000010,157,7059ms
011111011000010000100000000000000000,100000000100101000000000101000001110,000000100011000010010110000001100000,000000000000000101001001010110010001,120,7947ms
000010110010000000001100001010010000,010000000100001010110010000100000001,000000001000110001000001100000101100,101101000001000100000000010001000010,0,386ms
110000101000010100110000000010000000,000011000110000000000110000000010101,000000000001000010001000111001001010,001100010000101001000001000100100000,86,6688ms
110000001101100100100000000000000001,001000000010000010010000010000011110,000101010000001000001010001110000000,000010100000010001000101100001100000,157,142ms
000101000000100100010001110010000000,111000010011001000000010000000010000,000010101100010000000100001000100100,000000000000000011101000000101001011,16,6917ms
100000100000000110010000101000011000,010010001101000000101000000100000010,000000010010010000000101010010000101,001101000000101001000010000001100000,48,624ms
111001111000000000000000000001000001,000000000011001101010011000000000100,000000000000100010101000011110100000,000110000100010000000100100000011010,157,239ms
000100000001011000001010000100000110,000010000010000101010001101000000001,010001000000000010100100000011011000,101000111100100000000000010000100000,44,6290ms
000100001110000100000010010000001100,000010010000110010000100001100010000,010001000001001000001000100011100000,101000100000000001110001000000000011,25,544ms
001001111010000000001100001000000000,000100000100010111010000010000000010,010000000001101000000001000010110001,100010000000000000100010100101001100,56,44947ms
001010100000101101100001000000000000,100100011001000000000000000000101101,010000000010010000011000011010010000,000001000100000010000110100101000010,39,23249ms
010000101010000001010010001000000001,000000000100110100001001010000100010,100000000001000000100000100011011100,001111010000001010000100000100000000,92,17552ms
000001010100001000000001011100001000,000000001010000000110010000011010001,100010100000000111001100100000000000,011100000001110000000000000000100110,84,17451ms
111100111100000000000000010000000000,000001000000010000011110000111000000,000000000001000110100000100000101011,000010000010101001000001001000010100,157,349ms
011000111001000001000000000000001001,100100000110001010000011000000010000,000011000000010000100100000111000100,000000000000100100011000111000100010,98,14282ms
010100000110001001100001000001000000,001011001000010010001000000100001000,100000000001100000010100001010100100,000000110000000100000010110000010011,103,6155ms
000100100000000100000100110100100100,100001001011001000101010000000000000,000010010000010001010000001001010010,011000000100100010000001000010001001,0,1819ms
100011001010000000000100010000101000,010000000001000010001000100101000011,001100110000110001000011000000000000,000000000100001100110000001010010100,119,11331ms
101010100000100001000010000010000010,000000000000001110000001010001011001,010001011001000000000100001000100100,000100000110010000111000100100000000,122,6141ms
010010100000010100101000000001000001,100001000101000000000110001000101000,000000000010001010010001010100000110,001100011000100001000000100010010000,57,5342ms
000111100000000000011100000010000001,010000000100100101100000010000101000,000000001000011000000000101001010110,101000010011000010000011000100000000,55,2937ms
011011000000000011010110000000000000,000000000010000100100000010100111010,000000100101001000001001101010000000,100100011000110000000000000001000101,75,44673ms
000111110000000000010000000001000011,010000001001010000100010010000100100,001000000010000010001001100010011000,100000000100101101000100001100000000,76,19838ms
001101110000000101000000001000010000,100000000001101000000010010001000110,000000001100010000110001000010101000,010010000010000010001100100100000001,86,5234ms
001100001000000100001000011000100010,100001100101000000000001000101010000,000000010000001010100100100010000101,010010000010110001010010000000001000,34,3843ms
101010001110010000000001000100000000,010100100000000001101010000000001001,000001000000001100010100101010010000,000000010001100010000000010001100110,117,3680ms
010101000101001000100001000010000000,000000010010100000000010101100001001,000000100000010110000100000001110010,101010001000000001011000010000000100,70,7846ms
001000100010001000011000010100000001,110110000000000100000011100000100000,000001011001010000100000000011010000,000000000100100011000100001000001110,62,5283ms
010110101100100000000000010001000000,001000000011011010100000001010000000,100001000000000100000001100100101010,000000010000000001011110000000010101,177,1830ms
100010010100000110000000000110000010,000000000011011001001010001000001000,001000100000000000110101010000100001,010101001000100000000000100001010100,122,15870ms
100001100000010100100000000010011000,000010011000000001000010010000100110,010100000100100010010100000100000001,001000000011001000001001101001000000,154,380ms
011010111100100000000000000000010000,000001000010010000010001101100000100,100000000001001010001100010000001001,000100000000000101100010000011100010,157,1149ms
001011111001000001000000000000100000,010000000010010000100110011000000010,000100000000001100010000000011011100,100000000100100010001001100100000001,52,7117ms
100000001000110000010000000101100010,001010010011000000000000101000001001,010100100000000110001011000010000000,000001000100001001100100010000010100,135,847ms
001100100000001000001001010001000100,000000010001000000000010101100111000,100010001010110001100100000000000000,010001000100000110010000000010000011,129,15959ms
000110011101001000000000000001010000,010001000010110011100000000010000000,000000100000000100001100100000101110,101000000000000000010011011100000001,52,25777ms
001000111000000010100100010000100000,100110000101010000010001000010000000,000000000010000101001000101000011010,010001000000101000000010000101000101,38,14276ms
011010010001110100000000000000000010,000100101000001000011000000000011100,100000000010000010000101110010000001,000001000100000001100010001101100000,126,17837ms
111010011000000000000001000000010100,000000000001001101001000101000000011,000000100100110010100000010110000000,000101000010000000010110000001101000,157,116ms
010011000100000000001100100001001000,000000100000000000010001001110000111,101100000000001111000010000000100000,000000011011110000100000010000010000,113,14869ms
010010110110000000000000100010010000,100001000000001011010001000000100100,000000001000110100100010001001000010,001100000001000000001100010100001001,78,2696ms
100110011000000100010000010000001000,000001100010000000001001000100110001,010000000100010010100010100001000010,001000000001101001000100001010000100,177,491ms
101001100000010001001000001001000000,000010000100101000010101000000000110,000000000011000110100010000110100000,010100011000000000000000110000011001,120,10999ms
110011010000000010010010010000000000,000000000110010100100000100010001001,001000100000101001001001000001100000,000100001001000000000100001100010110,130,5782ms
011010110001001001100000000000000000,000000000010000000000001100111100011,100000000100100010010000010000011100,000101001000010100001110001000000000,157,3010ms
100101110001000010100100000000000000,000000000000000000010000010111011110,000000001100110101001001000000100000,011010000010001000000010101000000001,108,36145ms
000100010000001011010000100000001010,011000001000100100000010010000110000,000010100101010000000101001001000000,100001000010000000101000000110000101,0,2160ms
000100101000000001001000101000010001,000000000110111000000100010001001000,011001010000000000110011000000000100,100010000001000110000000000110100010,103,69861ms
000000111000000100000001110000000110,100101000010100001000100000010000001,000010000101010010101010000000001000,011000000000001000010000001101110000,18,5496ms
010111001000000000100000011000000100,100000000101101000010100000101000000,000000010000000110000011100010001001,001000100010010001001000000000110010,83,24038ms
001101010110100000010000100000000000,000010101001000000101000000010100001,100000000000000010000011011000001110,010000000000011101000100000101010000,135,5389ms
110110111000000000001010000000000000,000000000001111000000000000110001011,000001000010000000110001010001100100,001000000100000111000100101000010000,177,490ms
101001110000000001000000101000100000,000000000000101010000001000110010110,000100001110000100010000000001001001,010010000001010000101110010000000000,142,20945ms
101011110000000000000101010000000000,000000001100100100100000001010010010,010000000001000011011000000101001000,000100000010011000000010100000100101,142,1285ms
111111100000000000000000000001001000,000000000110111000001010000000100001,000000011000000001000100101010010100,000000000001000110110001010100000010,160,368ms
100110010110000100000000000010010000,000000000001111010000000100000100011,001001100000000001010010001000001100,010000001000000000101101010101000000,147,32808ms
100111001010000000100100000100000000,001000000001011000000000010010011001,000000100100100001000010101001000010,010000010000000110011001000000100100,160,555ms
011000000000000010100001000011001001,000000101100000001001110000000000110,100011010010010100000000000000110000,000100000001101000010000111100000000,144,2095ms
111001001010000100100000000010000000,000000100001100000010000000100110101,000000010100001001001010111000000000,000110000000010010000101000001001010,157,827ms
101101111010000000000000000000000100,000000000000111000100000001001110001,010010000100000011000010010000001010,000000000001000100011101100110000000,157,433ms
111000001000001011000000001000000100,000100000000100000010010010010001011,000001010011010100000001100000010000,000010100100000000101100000101100000,123,4377ms
010001010000000011001100100000001000,001000000010110000010001010000100010,100010001001001100000010000010000001,000100100100000000100000001101010100,101,6163ms
101110000001000000110000010000100000,010000010110010000000001000000010101,000001100000000111000000001110000010,000000001000101000001110100001001000,160,3986ms
101011111000000000000000010000000010,000100000010001100100100000111000000,000000000101000011001011000000000101,010000000000110000010000101000111000,121,2269ms
010110100000011000000001000000000011,000000000111000100000010101010010000,001000011000000001001100010100001000,100001000000100010110000000001100100,95,6969ms
001010111100000010000000100000000001,110100000011010100001000000000000100,000000000000001001100100011100011000,000001000000100000010011000011100010,72,16516ms
110011101110000000000000000000000001,000100000000110011100100001000000100,001000000000000100001011000011001010,000000010001001000010000110100110000,157,360ms
110100111000000000000001000000010010,000001000001010001000000101001000101,000010000110100110101000000000100000,001000000000001000010110010110001000,157,666ms
101001001000001000100010000100100000,000110100010000000000100001000011100,000000000100110000001000110010000011,010000010001000111010001000001000000,139,4895ms
010001100000011000100010000001000100,000010000010000100011000001100101000,000100001001000010000000110010010010,101000010100100001000101000000000001,37,2004ms
111111001000001001000000000000000000,000000010100000000001000110110010010,000000100001000010010011000000101100,000000000010110100100100001001000001,150,1763ms
010110010000010000100001000000000110,000001000001000000000100011101110000,101000101000101001000000000000001001,000000000110000110011010100010000000,165,4673ms
101000011100000000000001000001001100,000010000000100111000100010010000010,010000000001011000001000101100000001,000101100010000000110010000000110000,147,1736ms
000011100001000000001001000000010110,000100011100011010010000000100000000,011000000010100101000100100000001000,100000000000000000100010011011100001,36,6888ms
101011101000010000100000000010000000,010000000001100111000011100000000000,000100010110001000000100000101010000,000000000000000000011000011000101111,157,2780ms
011010011000000010100100010000000000,100000000011000001000000100000100111,000000000100011000010010001100011000,000101100000100100001001000011000000,111,19552ms
100011111000010000000010010000000000,000000000010000000000100100110101011,000100000100000001111001000001000100,011000000001101110000000001000010000,132,4128ms
101010011001100000000000100000000001,010001100000001001000000010010110000,000100000100000000110010000101001100,000000000010010110001101001000000010,136,3247ms
100001111000001000000000000000110001,001000000010010001001010011000000100,010110000001000010100000100011000000,000000000100100100010101000100001010,177,1175ms
111110000000000010000000100101000000,000001110000000000001010001000010101,000000000010111000100100010010100000,000000001101000101010001000000001010,171,2653ms
010011101011000000001010000000000000,001000000100001010000101100000010001,000100000000110100100000010001000110,100000010000000001010000001110101000,83,6394ms
001101000000000100010010101100000000,010000100010100000001000010010000101,000000011000010011100001000001010000,100010000101001000000100000000101010,73,4939ms
000011111010000000100010000000000010,110000000001110100000000000011100000,001000000000001011000100001100010001,000100000100000000011001110000001100,55,3617ms
100111011000100000000000000110000000,000000100111000011101010000000000000,000000000000010100010000101000111100,011000000000001000000101010001000011,150,8920ms
111110111000001000000000000000000000,000000000110100000000001110001101000,000000000000010110111010000000000110,000001000001000001000100001110010001,163,1657ms
010000110110001000010000000001000010,000101001001010010001000000000100100,100010000000000001000110000100011001,001000000000100100100001111010000000,136,3007ms
010111100000000000010000000111000000,001000001000000000001010000000011111,100000010101001001000100001000100000,000000000010110110100001110000000000,177,388ms
011011001001000000000001000010000001,000000000010101000010100001001000110,000100110000000101001010010000001000,100000000100010010100000100100110000,78,8495ms
001011110000001101010000000000000000,010000000111010000001100000100000001,100000001000000010100001111000000100,000100000000100000000010000011111010,157,746ms
011011011000000010001000000000000001,100100000000100100010000010000010110,000000100110011000100100000100001000,000000000001000001000011101011100000,116,6540ms
111101000001000001000000000010000100,000000011100100100100100000000011000,000010000010010000001001110001000001,000000100000001010010010001100100010,130,2929ms
010010000010000000100100001101010000,000000001000111000000000110000001101,101101000000000010011010000000000010,000000110101000101000001000010100000,157,144ms
111001101000000010000000001000010000,000100000011000001001000010001001100,000000010100100000110011000010100000,000010000000011100000100100100000011,157,310ms
101100111000000000000000000000011010,000000000011001010000110000001100100,000011000100010000000001110100000001,010000000000100101111000001010000000,150,721ms
001001110000001010000100000100010000,010100001110000000100000110000001000,000010000000000001010010001010100110,100000000001110100001001000001000001,42,12100ms
001111111000000010000000000000000010,100000000010000000110010100001000101,000000000000111001000000011100011000,010000000101000100001101000010100000,104,12487ms
000000110100100110000000000111000000,100100000000010001010010000000100110,011000001000000000100101010000001001,000011000011001000001000101000010000,110,23260ms
011100101000100000001000000010100000,000000010010010101100000110100000000,100011000001000010000000001000011001,000000000100001000010111000001000110,129,4218ms
100001101000000000000001000100100011,000000000000111000110100000010011000,001110000100000101001010010000000000,010000010011000010000000101001000100,177,4849ms
100101101000000000010010000010000100,000000000000111001101100001100000000,000000010011000110000000110000100010,011010000100000000000001000001011001,73,24766ms
001000101100001000010000000101100000,010000000010100100000010110000011000,100100000000010001000101001000000110,000011010001000010101000000010000001,125,946ms
110000110000000000011001010000000100,000010001100000110000000000110110000,001100000000110000000100001000001011,000001000011001001100010100001000000,121,20798ms
010111110010000000000100010000000000,101000001000001001000001001000001010,000000000101110110010000000110000000,000000000000000000101010100001110101,100,49479ms
010101010110000010000101000000000000,001000000000110100101000000000110010,100000000001001001000000101010000101,000010101000000000010010010101001000,131,46370ms
000101110000010100000010000000100100,000010000000101001010000010001000011,100000001101000010100001001010000000,011000000010000000001100100100011000,126,991ms
011101010010000100001100000000000000,000010000100100000010001010101001000,000000101001010001100010100000000100,100000000000001010000000001010110011,105,6400ms
101000010110001000000001100001000000,000001000000000001010000011100011100,010110000000110000101010000010000000,000000101001000110000100000000100011,177,1042ms
110110011110000000000000001000000000,000000000000000101010100110010001100,001000000001011010100000000001110000,000001100000100000001011000100000011,177,187ms
111001000111000000000000000001000100,000000000000101101001001001000010001,000100110000000010010100010100000010,000010001000010000100010100010101000,157,387ms
001111100000001000000000001000100001,010000000101110101000001000000000100,000000001000000010010110100110010000,100000010010000000101000010001001010,94,8869ms
000101101110000100000000000001100000,000010000001011010000101000100000010,101000010000000000101010000010001001,010000000000100001010000111000010100,157,1725ms
100001110100101011000000000000000000,010000001001000000100011011000010000,000110000000000100001100100100001100,001000000010010000010000000011100011,153,6169ms
110010001010000000010000010010000010,001100000101000001100000000000100101,000000000000111100000010101101000000,000001110000000010001101000000011000,128,857ms
001100010001000000000000000010111010,100001000100001110100001000100000000,000010001000110000001010100001000100,010000100010000001010100011000000001,36,14701ms
110111110000000100000000100000000000,000000000000010010011000001110100001,000000001101000000100100010000011010,001000000010101001000011000001000100,177,384ms
000101011000000001001101000000010000,111000000000011000000010010000100010,000010100101100100010000001000000100,000000000010000010100000100111001001,42,11703ms
111000111100000000000000000010100000,000001000000100000010100001101000011,000110000010011000001000010000001100,000000000001000111100011100000010000,161,2318ms
110001111001000000011000000000000000,000000000010000001000010011101101000,000010000100111110000000100000010000,001100000000000000100101000010000111,133,4801ms
111101010000000000000000101000001000,000000101000001000100101000110000010,000000000010010101011000000001000101,000010000101100010000010010000110000,122,7428ms
100010111000000101000000101000000000,010001000110000000011000000001001100,000100000000001000100111010010000010,001000000001110010000000000100110001,99,13935ms
110011100101000000000100100000000000,000100011000000110000010000001000101,000000000000111000110000011000101000,001000000010000001001001000110010010,142,7858ms
011110000000010010100001000000000100,000000001101100100001010100000010000,100001110010000000010000000010001010,000000000000001001000100011101100001,177,712ms
100100101010000000000000010001010100,001000000001100001101100100000000010,010000010100000010010001001100001000,000011000000011100000010000010100001,157,897ms
111110100000000000000100000000100100,000000001100100010100000000010001011,000001010010000101000010011100000000,000000000001011000011001100001010000,161,756ms
010000111010000000010000110000000001,101100000000001100000100000100010010,000010000101010001100001001000000100,000001000000100010001010000011101000,90,7919ms
000111111100000000000000010010000000,010000000010001010010001001000000110,000000000001110001000010000001101001,101000000000000100101100100100010000,77,7647ms
010011110100000000001000000000000101,100100001001100010000100100010000000,001000000000001101000001010001011000,000000000010010000110010001100100010,65,6197ms
011001100100110001000000001000000000,000000000000000010000101110100001101,100100000011000100001010000001000010,000010011000001000110000000010110000,157,5400ms
101011100000000001100000000001000100,000000001001100010001000011100001000,000100000100000100000111100000110000,010000010010011000010000000010000011,136,1488ms
111001110000100000001000100000000000,000100000010011000100000000011101000,000000000101000110010100000100000101,000010001000000001000011011000010010,157,8459ms
110001000001010000000000010011001000,000000010000100001000010000100110101,000010101000001110000100001000000010,001100000110000000111001100000000000,91,31242ms
101110010100000011000000100000000000,000000000001010100010010010100000110,010000001000001000101100000010100001,000001100010100000000001001001011000,177,630ms
000100110001000000000000001101000101,100011001000010010000000010000010010,011000000000101100010010000010001000,000000000110000001101101100000100000,62,9087ms
001000000000010100000000001111010100,010001010100000010010001010000001000,100100001010100001100100000000100000,000010100001001000001010100000000011,123,7312ms
001001011010010000001000000100000001,010010000100100001000011001000000100,000000100000001010110100100001001000,100100000001000100000000010010110010,55,7464ms
110100100001001000000101010000000000,000001011000000000000000000111001011,000010000100000100011010001000110000,001000000010110011100000100000000100,135,69992ms
111010111000100000000000000001000000,000001000010000001010100000000100111,000000000000011110000000111100001000,000100000101000000101011000010010000,148,1699ms
010110110100000000100000000001000010,001001001000001110000000000100001001,000000000011000001011100101010000000,100000000000110000000011010000110100,69,82126ms
001010000011000101100000000010001000,000000100000110010000001000001100110,100000010100000000001000101100010001,010101001000001000010110010000000000,100,17434ms
001101101010000000000000010100001000,000010000100000101001100000011100000,110000010001110000010001000000010000,000000000000001010100010101000000111,157,725ms
001000110010000000000101000010000011,000100000100010110000010000001011000,000011000000100000010000101100100100,110000001001001001101000010000000000,28,12578ms
110101011000000000100000001001000000,000000100011000001001000000010010011,000000000000100000010110110100001100,001010000100011110000001000000100000,157,1591ms
000101111000000010000100110000000000,000000000101001001100010000100101000,011000000010110000001000000011000001,100010000000000100010001001000010110,82,11817ms
000111001000000000000001011110000000,111000000110000100011100000000000000,000000100000000011000010000000111011,000000010001111000100000100001000100,66,5683ms
100111110000000010000000000000001010,000000001001000000001000010001110101,001000000000111101000000001110000000,010000000110000000110111100000000000,163,1641ms
100101001000000001000100001001000001,000000000010001010001001000110110000,010010000101000100010000100000001010,001000110000110000100010010000000100,126,7891ms
010111111000000000010000000010000000,001000000100001010100100001000100100,000000000001000001001001100101010010,100000000010110100000010010000001001,115,10604ms
111011101000000000000000000000001010,000000000001110010010100001001010000,000100010010001001100001000010100000,000000000100000100001010110100000101,152,1209ms
110001100001010000000000000000100101,000000001010000110001000011011000000,001010010000101000110010000000000010,000100000100000001000101100100011000,157,1431ms
001100101000001000000001001100100000,000010000100000010000010000011011001,010000000011110100111000000000000000,100001010000000001000100110000000110,105,11977ms
101000111000001000000001000010000001,010000000000010001010010101000010100,000100000001100110001000000100100010,000011000110000000100100010001001000,136,1240ms
001110010000110001100000000000000100,100000100001001000011000100100001000,000000000000000000000111010011010011,010001001110000110000000001000100000,64,42119ms
111010101001000001000001000000000000,000000000000010000000110000111110100,000001010100100000100000001000001011,000100000010001110011000110000000000,157,1166ms
000110000111000000000000101011000000,100000000000010000010110000100101100,000001110000000111000000010000000011,011000001000101000101001000000010000,45,1734ms
111100110000001000000000100001000000,000011001100000100110001010000000000,000000000010110000000010000110001011,000000000001000011001100001000110100,143,70700ms
011001010010100000000000001000011000,000000100000001001110001100001000100,100110000001010110001100000000000000,000000001100000000000010010110100011,177,2426ms
110101001000010000000000001000100001,001000100010100001110001000000000100,000000010100001000001100100001011000,000010000001000110000010010110000010,120,6812ms
111000011000000000010101000000000010,000001000101011100001000100000000100,000110100000000010000000011100010001,000000000010100001100010000011101000,177,2593ms
110111000100011000000000000000000100,000000001010000110101001001000100000,000000100001000001010110010001000001,001000010000100000000000100110011010,148,10125ms
011110110100000000010000100000000000,000000001011001000001010001001100000,100000000000010011000101000000001110,000001000000100100100000010110010001,171,1740ms
110101010000000000000100010100001000,000000000001000000110000100011000111,001010101010001110000010000000000000,000000000100110001001001001000110000,157,1831ms
100001010000000011000000110000001010,000010000011011000000110000100010000,011100100100000000011000000010000100,000000001000100100100001001001100001,143,204ms
110110010000000010000000000000100110,000000101000010100100010000010010001,001000000011001001001001010000001000,000001000100100000010100101101000000,143,5321ms
011010001000000000001100010001000001,100101010110001000000000101000000000,000000000001010111000001000000111000,000000100000100000110010000110000110,37,24314ms
011111100001000000000000000001001000,000000000010010011000001001000010101,100000000100000000101100000110100010,000000011000101100010010110000000000,177,921ms
010100101000001100100000000000110000,100001000110000000010100000011000100,000000010001000001000010111000001010,001010000000110010001001000100000001,39,505ms
000010111000000100101000000000110000,100100000110010000000001000001001010,000000000000101011000010101000000101,011001000001000000010100010110000000,9,400ms
001001010000000000000101001010011000,110100000001000010000010000000100101,000000101000110001101000100001000000,000010000110001100010000010100000010,23,14498ms
111000110110000000010000100000000000,000000000000001100101000001000111001,000001001001100001000010010010000010,000110000000010010000101000101000100,134,684ms
110000111000100000000000010001010000,000000000001001001110001000000100110,001010000010010010000110000000001001,000101000100000100001000101110000000,117,2256ms
011101111010000000000000000000000001,100010000000010001100000010100100010,000000000101001010000001101010010000,000000000000100100011110000001001100,113,27070ms
011100000010110000101000000000010000,000001101000000111000000000001100100,000010010000000000000010010110001011,100000000101001000010101101000000000,87,94861ms
110010010000001000001000000000100101,000001100000110000000101100010001000,000100001001000000010000010101010010,001000000110000111100010001000000000,157,6654ms
101111100000000000000010000000000110,000000011000111010010000000001001000,000000000000000100001101100010110001,010000000111000001100000011100000000,139,6843ms
101110011000100000000010000000001000,010000000100000001000101000100100101,000000100001011100101000010001000000,000001000010000010010000101010010010,154,2295ms
100100110000000100100010000000000011,000001001101001001010000000100000100,010010000010100000000101110010000000,001000000000010010001000001001111000,134,3014ms
100101000000000100001100100100000010,001000010001010000100011001001000000,010000100110000000010000000010110100,000010001000101011000000010000001001,157,2540ms
000011101000000100011001000010000000,000000000010101001100010101000000010,010000000101000010000100010001001001,101100010000010000000000000100110100,51,36140ms
011100001000000000000011000001010100,000001000000010010011000101110000000,000010000101001001100000000000100011,100000110010100100000100010000001000,94,6644ms
100100100000000000000011110100001000,010000010011000001011000000000100100,000000001000011110100000001001000001,001011000100100000000100000010010010,96,3584ms
100100010000000000001001011010001000,011011101000011000000000000100000000,000000000000100010100000000001110111,000000000111000101010110100000000000,51,6171994ms
011000101000010000100000000100000110,100100000010000000001101110000010000,000010010101000011010010000001000000,000001000000101100000000001010101001,114,5696ms
111000101001000100000000100000100000,000100000100110000010100001100000010,000010000010001011000010000000001101,000001010000000000101001010011010000,110,16634ms
110010101000000000000001101010000000,000000010001010000001100000000101110,000001000110100100010010000100000001,001100000000001011100000010001010000,157,865ms
110100010010100010000000000000000110,000000101000010101000100010100001000,000011000101000000101000100010100000,001000000000001000010011001001010001,157,260ms
010010011010000010001000000010000001,000001000001000001100100010000100110,100100000100110100010000100000001000,001000100000001000000011001101010000,157,1380ms
000011001110001001000001010000000000,000100000001010010000110000101000100,110000010000100100000000100010010010,001000100000000000111000001000101001,127,28949ms
011011100000011000000000000000100001,000100000001000101001000110100010000,100000010000100010110001000011000000,000000001110000000000110001000001110,157,331ms
011001001101100000100000000001000000,000100100000000101010000110000110000,000000000010011000000110001010000011,100010010000000010001001000100001100,93,9181ms
100000111000100110000000000010000010,010111000001000000100000011000010000,000000000000011001010001000101001001,001000000110000000001110100000100100,77,11772ms
011101001000000000000001000010001010,000000000000111000000110010000100101,000010010100000110110000000101000000,100000100011000001001000101000010000,120,2499ms
011101000000100001000100000001100000,100010000010000110011010000000010000,000000011000001000100001100100000101,000000100101010000000000011010001010,95,4623ms
101010010000000000110110000000100000,000000100000010000000000101111001010,000100000010100111000001010000000100,010001001101001000001000000000010001,114,10752ms
111010010001100000000000000000101000,000000000000000001111111001000000100,000001101010010000000000110100000010,000100000100001110000000000011010001,157,2323ms
100010101000011010000001010000000000,000101000000000100101100100001000100,011000000000100001010010000110100000,000000010111000000000000001000011011,136,4335ms
001100111100000100100000000000010000,100001000000000001011001000001001100,000010000000011000000100011100000011,010000000011100010000010100010100000,82,2116ms
001111001000001000000110000000000100,010000000100010101010000100000001001,100000110010000000001001011010000000,000000000001100010100000000101110010,135,2659ms
010010010010000100011001000100000000,100000000100100010100000000001101010,001000000001010001000110001000000101,000101101000001000000000110010010000,60,2064ms
101010101100100000000000101000000000,010000000011001001001000000100000011,000100000000010100100101000010010100,000001010000000010010010010001101000,138,3824ms
101011000001000000000001101000100000,010000000100000101000100010001010010,000000001010110010001010000100001000,000100110000001000110000000010000101,106,3026ms
100110100101011000000000000000001000,001000010000000110100100010010000001,000000001000100000001011100100010100,010001000010000001010000001001100010,152,4197ms
101110110000000000000000100101000000,000000000000101101001110000000001001,010001000011000010100000001010100000,000000001100010000010001010000010110,177,58ms
110001011001110000000000001000000000,001000000100000011010000100000011001,000010000010000000000110010111100000,000100100000001100101001000000000110,125,2013ms
010101100001010100100010000000000000,000010001000000011000100101010000010,001000000010001000010001000000101101,100000010100100000001000010101010000,107,3107ms
100000011000001001011000000100001000,001011000000000000000011001001100001,000000000010100110000100100010010010,010100100101010000100000010000000100,66,14720ms
000111000110100000000000001001000100,010000010001000000100100100100100001,001000101000010110010000000000001010,100000000000001001001011010010010000,64,6920ms
111110010001001001000000000000000000,000000100000110100000000010010010011,000000001010000010110000001001100100,000001000100000000001111100100001000,156,340ms
110111101000010000000000000010000000,000000000100000001001001011100010100,000000010011000000110010000001100001,001000000000101110000100100000001010,154,502ms
110101100000000100000000010100000100,001000001101000000100101100001000000,000000000010110001011010000000000011,000010010000001010000000001010111000,132,10096ms
010011111000000000000000001000100001,001100000001100000000011110010000000,000000000100000101100100000100011100,100000000010011010011000000001000010,95,26758ms
000001001000000010100100000010100101,101100100000000000010000010001011000,010010010011101100000010000000000000,000000000100010001001001101100000010,50,6520103ms
101010000000111001000100000001000000,000100101000000000100011100110000000,000000010110000100001000001000010110,010001000001000010010000010000101001,83,11564ms
111011010010000000000000100000000100,000000000000010000001100000101011011,000000001000100110110000011000100000,000100100101001001000011000010000000,157,3309ms
111011000000000000100001000101000000,000000010000000111010010010000100010,000100001001101000001100000010000001,000000100110010000000000101000011100,157,41ms
100101100000101010000000100010000000,001010000001000000000100011001100010,010000000010000001111010000100001000,000000011100010100000001000000010101,157,641ms
011010101001000010100000000001000000,100000000010010000000100011100101000,000100000000001100011010100000010001,000001010100100001000001000010000110,75,9832ms
111011100000000000010000001001000000,000000000000010010000011010100010101,000100011100001001001000100000001000,000000000011100100100100000010100010,157,6949ms
000010100000100001101011000000001000,000100001100010010010100010010000000,101000000011001100000000001001100000,010001010000000000000000100100010111,57,28429ms
000100011010010001000000010010000001,010000000001001010000010100000110100,101011100000100000100000000000001010,000000000100000100011101001101000000,123,1860ms
000011011100000001000000001000101000,010000000000110010011010000001000001,000000100001001100100000110110000000,101100000010000000000101000000010110,77,889ms
101100011100100000000100000001000000,000010000001000111101001000000000100,000000100000000000000010011010101011,010001000010011000010000100100010000,119,11921ms
001111110000100000000001001000000000,010000000001010000010100000110000110,000000000010000111100010100000100001,100000001100001000001000010001011000,99,11704ms
111010100000011000001000001000000000,000000000000100100000101000000011111,000000011100000011000010000011100000,000101000011000000110000110100000000,151,2234ms
001110101000001000000000000011000010,000000010100110100100100001000000001,000000000010000010010011010000111000,110001000001000001001000100100000100,86,53664ms
000001101000001000001001000001101000,010000010011000100000000001100000110,001100000000010000100100110010000001,100010000100100011010010000000010000,41,9586ms
010101011000000000000011000001010000,001000000110000110000100110000000010,100010000000111000100000001000100001,000000100001000001011000000110001100,139,5449ms
101111110010001000000000000000000000,000000000100100001000111000100100010,010000001001000000000000011001011100,000000000000010110111000100010000001,165,9003ms
101000101000110000100001000100000000,000000000011000011001010001000101000,000110010000000100010100000001010001,010001000100001000000000110010000110,160,672ms
010001101010000000100000100000010001,001010000001010100000001000110000100,000100010000100011010110000000001000,100000000100001000001000011001100010,63,16894ms
011010100000101000000011000000000010,000100000100000100000000101010101001,000001001000010010001000010101010000,100000010011000001110100000000000100,64,5892ms
001111101000000000110000000000001000,000000010011000000001001100111000000,110000000000100011000110001000010000,000000000100011100000000010000100111,177,358ms
110100110000100100100000000000100000,000000000011001011000000000100011100,000010001100010000010001100001000010,001001000000000000001110011010000001,143,12402ms
100011110000000010000000000110000100,001100000000100000011000101000000011,010000000100010101000010000000111000,000000001011001000100101010001000000,157,1750ms
000000010001000110010001011000010000,100001001000001000001010000011001000,001100100000010001100000000100000011,010010000110100000000100100000100100,50,4390ms
111100001110000000001100000000000000,000000000000011100000001110001001001,000011000001000000010000001100100110,000000110000100011100010000010010000,157,223ms
100100000011000110100100010000000000,000000000000000001011011100000101100,010000011000110000000000000101010010,001011100100001000000000001010000001,117,63231ms
111011111000000000100000000000000000,000100000000001011000101010001000010,000000000001000100010010100010110001,000000000110110000001000001100001100,157,241ms
000001011010000000110000010100000001,000010000000111000001011000000100100,011000000100000110000000100001010010,100100100001000001000100001010001000,102,1272ms
110100101000000000000000100001100001,000000000100010011010100000000001110,000010010001100000001010001110000000,001001000010001100100001010000010000,150,1687ms
110011110010000100000000000100000000,001100000000000000101110010000000101,000000001000000011010001001000011010,000000000101111000000000100011100000,114,12183ms
