001010111010100000010000000000000100,000101000100011000100000000110100000,010000000000000010001001000001011011,100000000001000101000110111000000000,48,17518ms
010110010000000110000100000000011000,000001000101010000000001001101000001,101000000000001000101010010000100010,000000101010100001010000100010000100,177,1660ms
001000100100000001001011000000001100,100110000000110000000100100001010000,000001000010000000110000011110000001,010000011001001110000000000000100010,65,4289ms
111001111000000001000000000000000100,000000000011101100010000000011010000,000010000100010000100011101000001000,000100000000000010001100010100100011,157,870ms
001111001000000000000010000011100000,000000110001010100101000011000000000,100000000000101010010100100000000110,010000000110000001000001000100011001,134,53450ms
110010111000000000000000100000100001,000000000000101000001011010001010010,001000000011010110100100000000001000,000101000100000001010000001110000100,157,5838ms
001011111000010000001000010000000000,110000000000000001000101100010001001,000000000011000010000010001101010010,000100000100101100110000000000100100,52,39558ms
100000001101001010000000010100000001,010000100000010101000110100010000000,000011010010100000100001000001010000,001100000000000000011000001000101110,132,15138ms
100100111000000000101000000001100000,010010000010011010000000011000010000,001001000101000001010001100000000010,000000000000100100000110000110001101,128,25916ms
011101101000001000100000000000001000,000010010011110001000000100010000000,100000000100000010010001001100000110,000000000000000100001110010001110001,157,1414ms
010010000000111000000001110100000000,001100011100000001000100000000010010,100000000001000110101000000011000100,000001100010000000010010001000101001,113,1452ms
001100110000000001100000011000001000,010000000010010010000000100001100110,000011000101000100001100000100010000,100000001000101000010011000010000001,100,3944ms
110010011010000100001000000000010000,000000000100010000010000000111100011,001000100000000011000111011000000000,000101000001101000100000100000001100,137,15966ms
000010010000010100100010001000010001,010100000010001000010101000010000010,001001100001100000001000100101000000,100000001100000011000000010000101100,59,1092ms
111100011000010000000010000000000001,000000000100001000000101010010101100,000001100011000010000000001001010010,000010000000100101111000100100000000,134,2443ms
101000110100000010000010100100000000,010110000000010000000101000011010000,000001000001001101000000010000001110,000000001010100000111000001000100001,84,4767ms
001110101010000100101000000000000000,000000010101101000000000000011010100,100000000000010010010100001000001011,010001000000000001000011110100100000,160,33684ms
001011011001000010000000000000100010,000000000110001000001001001011010000,110100000000000100110100000000001001,000000100000110001000010110100000100,157,1351ms
100111000000100100010001010000000000,010000100010010011000100000001001000,000000001000000000100000101110010110,001000010101001000001010000000100001,160,25696ms
110001010110000000011010000000000000,000010000001101100000000100000000111,000000100000010010100101001010010000,001100001000000001000000010101101000,150,3006ms
000000101000100010010000001001001100,101101000100001001000001100000000000,010000000000010100001100010110100000,000010010011000000100010000000010011,11,334ms
111110011000100000010000000000000000,000000000000001000101000111010010001,000000100110000110000101000100100000,000001000001010001000010000001001110,177,194ms
110111101010000000000000100000000000,001000010000010100000011000000010110,000000000001001011010000000001101001,000000000100100000101100011110000000,131,24595ms
111000010001000000110100000000000010,000101000000000000001010100111001000,000000100100100010000000011000100101,000010001010011101000001000000010000,136,8981ms
111111010001000000000001000000000000,000000100000010100010100000011001010,000000001010000010100000011100110000,000000000100101001001010100000000101,177,1123ms
100110011000000110000011000000000000,001000000000010001000100011000011010,010000000010000000111000100110100000,000001100101101000000000000001000101,177,1923ms
100100001001001000010000000010000011,000001000000100001101000010100110000,011000110110010000000000000001000100,000010000000000110000111101000001000,146,2166ms
011010110000001000000000001001000100,000100000000010101100000000100011010,100001001001000000010011000000100001,000000000110100010001100110010000000,133,13239ms
011100100010011000100001000000000000,100011000100000000000010000100010101,000000001001100111001000001000001000,000000010000000000010100110011100010,93,74150ms
001111000000001000100100000000010001,000000011010000001000000111000100100,110000000000100100011001000101000000,000000100101010010000010000010001010,177,59ms
101100011000000000001000000010001010,000011000001101000010000010001000100,010000000010010011100110000000000001,000000100100000100000001101100110000,151,3125ms
110100110100110000000010000000000000,000000001010000100001000101010010010,001011000000000001110000010000001001,000000000001001010000101000101100100,157,654ms
101101100010000101000000000000010000,000010000001000010001111000001000001,000000010000000000110000011110100010,010000001100111000000000100000001100,157,10172ms
011111000000000000001000010001000100,000000100000100001000101001010011000,100000001000010000010010100100100010,000000010111001110100000000000000001,177,1123ms
011011001000000000010000010001000010,100000100010000000001010001100100001,000000000101011101100000000000011000,000100010000100010000101100010000100,94,19884ms
010011110000000000110100000001000000,001000000101010010001010000000100100,000000001010101001000000101010010000,100100000000000100000001010100001011,86,3382ms
111001000000000000000001001001000101,000000100110000001111100000010000000,000010011000100110000000000000011010,000100000001011000000010110100100000,151,5238ms
000010111000010000000001001010000001,001000000001100000011010100000001010,010001000100000010100000010101100000,100100000010001101000100000000010100,88,241ms
110001110001000000010000000100001000,000010001100100100000010000001100001,000000000010000001001000011010010110,001100000000011010100101100000000000,127,93031ms
010010101001000010000000000101001000,000101010010000101000100110000000000,100000000100101000100011001000000001,001000000000010000011000000010110110,146,54998ms
110010100010001000001000000000010001,001100001000000001000001010010001010,000000010100110110000110100000000000,000001000001000000110000001101100100,113,32553ms
010000100011100000001000000000011010,000100001000000000000001011111000100,000011010100000001000110000000100001,101000000000011110110000100000000000,38,37889ms
010011101000000000110000010000000001,100100010001000010000000100101000010,000000000110011101000000000010011000,001000000000100000001111001000100100,87,48779ms
000000110100001110100001000000000001,000000000001110000010000000010111100,001000000010000001001010111100000000,110111001000000000000100000001000010,16,12341ms
000101001100001001101010000000000000,011000000010010000010001000000010101,100010000000000000000000101111100010,000000110001100110000100010000001000,143,5612ms
000010100000010110000001000001000101,000000010100000000010110110000110000,010000000000101001001000000110001010,101101001011000000100000001000000000,0,813ms
011001100000010000001000000100001001,000000000110000110010001010000000110,000100010000101000100010001011000000,100010001001000001000100100000110000,95,4426ms
111101110000011000000000000000000000,000000000010100000010100010000011101,000010001000000111001000100001000010,000000000101000000100011001110100000,142,1013ms
111001001001000000000110000001000000,000010000110000001101000011010000000,000000100000010000010001100100001110,000100010000101110000000000000110001,131,23714ms
111100110000000100000010000000100000,000011000100101001000001010000000010,000000001011000000110000000110000101,000000000000010010001100101001011000,157,511ms
100100110100100000000100001001000000,001010000010000100001010000100001100,010001000000001010100001000000110010,000000001001010001010000110010000001,135,699ms
001111101000000000000100000000001001,100000000000001010100000000011100110,010000010101100101000000110000000000,000000000010010000011011001100010000,123,91723ms
010100011001010000000000011000001000,000000000010001000000001100001110101,001010100000000110011010000010000000,100001000100100001100100000100000010,54,10741ms
111000011100000011000001000000000000,000001000001010100000000010110100001,000010000000100000011010100000011010,000100100010001000100100001001000100,144,8533ms
111110111000000000000000010000000000,000001000000000100111000001100010001,000000000110010011000101100000000100,000000000001101000000010000011101010,156,1058ms
110100101010000100001000000000000100,000000010000110000010010011011000000,001001000101001001000000000000101010,000010000000000010100101100100010001,157,2103ms
011000100010100000110000000001001000,100000011001010001000100010000000001,000110000100001100001000100000010100,000001000000000010000011001110100010,95,3912ms
011001101010000001000100001000000000,100010000000000010110000100010000110,000100000000100000001011000001011001,000000010101011100000000010100100000,72,44368ms
010101010000010010010001100000000000,000000001011000000101100000100010100,001000000000000101000010010010001011,100010100100101000000000001001100000,52,15540ms
110100011001000000100000000011000000,000000000100100100000110100000101001,000010000010000011011001000000010010,001001100000011000000000011100000100,100,4631ms
100000000110000000011000111000000001,000101011000011000000000000001100010,010010100001000101100000000000011000,001000000000100010000111000110000100,109,36984ms
110010110001000000000000100000100001,000000000000100110000010010101001100,000100000100010000111000001010000010,001001001010001001000101000000010000,157,4136ms
110110011000010000010000100000000000,001000100111000000000000010010100010,000000000000000101000000001101011101,000001000000101010101111000000000000,135,80007ms
000001000000001100010001001000010011,110000100100110000000000000010001100,000110001001000011000000110000100000,001000010010000000101110000101000000,20,1849ms
010011001000100000100010001001000000,001000010110000000000100100110000010,100100000000010101010000010000100100,000000100001001010001001000000011001,137,2143ms
100111001100000000000000101000000010,010000110000100110001001000001000000,001000000001010000110100010000011000,000000000010001001000010000110100101,148,11653ms
010110011100000100000000100000000010,001000000010010000000101001011100000,000001100001100001000000000100001101,100000000000001010111010010000010000,138,23445ms
100111010000010000000001011000000000,001000100011001001001000000000000011,010000000100000100010000100101100100,000000001000100010100110000010011000,177,2550ms
000100110000010000010000000010010101,110000000001001000001000011000101000,000011001100100101000110000000000000,001000000010000010100001100101000010,71,34619ms
101001100000100000001000010100000010,000100000100010001010010100001100000,000000001000001100000101000010011001,010010010011000010100000001000000100,85,8748ms
111010011000000000001001010000000000,000001100001110000000010001100010000,000100000100001101100000100000100001,000000000010000010010100000011001110,157,272ms
100101010000100000000010110100000000,000000100001010000100001001010100010,011000000000000001011100000001011000,000010001110001110000000000000000101,133,6339ms
000110010000100000101010000001000100,000000100001001000010001100010010010,111000000100000010000100011000100000,000001001010010101000000000100001001,157,16268ms
010101001000000010000111000000100000,000000010111101000000000000110000010,001010000000000100101000100001001100,100000100000010001010000011000010001,72,32823ms
010000011100010100000110010000000000,100000000000100011011000001010000100,000011000001000000100000100100010011,001100100010001000000001000001101000,88,27911ms
111101011000000000000100000000100000,000010000100100001000000010000011011,000000100010001010111010100000000000,000000000001010100000001001111000100,157,1230ms
011011110000001000000100000000000001,000000000110010000100000011101000100,000000000000000101001011100000101010,100100001001100010010000000010010000,57,25673ms
110100010100000000010010000001000100,000000000010101000001000101110000001,000000100001000101000101010000101000,001011001000010010100000000000010010,85,2497ms
111000110000000000010000101010000000,000000001100010000000000010101011100,000000000011101110100001000000000010,000111000000000001001110000000100001,130,9403ms
101010011000100000000001000101000000,000000000100010000111100100000010010,000001100011000001000000011000000101,010100000000001110000010000010101000,99,4023ms
110111111000000000000000000010000000,001000000011100000100010000001010010,000000000000011001001000111100001000,000000000100000110010101000000100101,177,369ms
111011101000000000000000001000010000,000000000010010001000110000011100100,000000000001001100011000010100001010,000100010100100010100001100000000001,157,4325ms
011110001000000001000000001000100010,000000110001010100000010000111000000,100001000100000010100100010000001001,000000000010101000011001100000010100,177,3468ms
010011011000000111000000000000010000,000000000000100000000001001110001111,100100000010011000010000110000100000,001000100101000000101110000001000000,133,12602ms
111011011000000000000011000000000000,000100000011101000010000000101100000,000000100000010011001000000010001011,000000000100000100100100111000010100,119,7285ms
111010111001000000000000000000000010,000001000100100000000000001010110101,000000000000000111000101010101001000,000100000010011000111010100000000000,157,8791ms
010100010000010001100001000001001000,101011000001001000000100100000000010,000000000000100110010000001100100101,000000101110000000001010010010010000,40,4110ms
000010000000000000001111101100000010,001000001001101000000000010000110001,000000010100000111100000000001001100,110101100010010000010000000010000000,40,3969ms
001011110000000000000000001010001100,000000000110011010010001000001000010,000100000000100101101100000100100000,110000001001000000000010110000010001,93,12825ms
110000001000000000000101001100100100,001001010011001001100000000000000001,000010100000100000000010010001011010,000100000100010110011000100010000000,105,43908ms
001111110000000001100000000000000010,010000000001000010001100010111000000,100000000000111100010010001000100000,000000001110000000000001100000011101,164,1057ms
011001111010000100000001000000000000,000100000100000000011100011001000100,000010000000101010100010000100000011,100000000001010001000000100010111000,101,12651ms
110001111000000010010000000000100000,001000000011000001000010000000001111,000000000100101000101100001010010000,000110000000010100000001110101000000,157,1026ms
011011011000100100000000000000000010,000100000100000001000000101110100001,000000100010000000110110010000001100,100000000001011010001001000001010000,72,24649ms
010001101000000010001000101000000001,001000010100010101000000000101000010,100100000001100000010001000000111000,000010000010001000100110010010000100,99,35569ms
000101101110100000000100000001000000,111000000001000100000000100100000101,000010000000001001001011010000110000,000000010000010010110000001010001010,49,3656ms
001011001001000000000110000000000110,100000100000101000000001100000011001,000100000100010000111000010010100000,010000010010000111000000001101000000,72,3985ms
100111101010000000000000000000000101,010000000000000000100000110101110010,001000000000110011011100000010000000,000000010101001100000011001000001000,126,11202ms
110111110000000100001000000000000000,001000000001000001000001000001010111,000000001000110000010100110010100000,000000000110001010100010001100001000,147,9789ms
110101010000000000000000001001001010,000000100100110000010001100000000101,000010000010001110101100000000100000,001000001001000001000010010110010000,144,2809ms
010111101000001000000000000010000010,000000000100000000101000110101001001,001000010000010110000101000000110000,100000000011100001010010001000000100,97,29308ms
100101001000000100010000010000000101,010000000101110001001000100010000000,000010110000000000100110001100100000,001000000010001010000001000001011010,157,6769ms
101010101000000000110010000010000000,000001000010110100000000110001000010,010000010100001000000101000000100101,000100000001000011001000001100011000,157,108ms
001100010001010000010000000010011000,000010101000101001000001100000100000,010000000110000000100110000001000110,100001000000000110001000011100000001,102,1958ms
010110101000000001110000000000001000,000000000001100000001101000000110101,001000000100011100000000010101000010,100001010010000010000010101010000000,136,4765ms
111001011000010000010000000000000001,000100100010000001100001000010100010,000000000000000000001110111100001100,000010000101101110000000000001010000,131,59317ms
001001000000000110100000000110010100,000000001000010000011011110000000010,010100100010101000000000000001100001,100010010101000001000100001000001000,87,25299ms
011000101001010000000000100010001000,100100000010000001110000000001010010,000011010000100000000001010000100101,000000000100001110001110001100000000,61,17943ms
011000010010010001000001100000010000,100011000000000000000010010111000100,000100101101100100000000000000001010,000000000000001010111100001000100001,75,151649ms
111111000100000000010000000010000000,000000001000110010001001011000000010,000000000011001100000000100001011100,000000110000000001100110000100100001,152,1483ms
010001000000011000001000010001100010,000010011001000000100000001010001100,000100100000100001000111100000000001,101000000110000110010000000100010000,18,965ms
101101111100000000100000000000000000,000010000010000110001101000010010000,000000000000011000010000001101001011,010000000001100001000010110000100100,157,259ms
100111011001010010000000000000000000,001000000000000001010010101010001001,010000000110000000001100000101010100,000000100000101100100001010000100010,177,96ms
010000001010100000001000000001010011,101110000000000100000110100000000100,000001110001000000000000011110100000,000000000100011011110001000000001000,47,8037ms
011010000000010001100001000000101000,100100110110000000000110001000000000,000001000001101000000000010111000001,000000001000000110011000100000010110,76,8254ms
110101111010100000000000000000000000,000000000100000010011110110000010000,001000000000001100100001000011100001,000010000001010001000000001100001110,141,1962ms
101010110000010000000000001000001100,000100000011000101011000000000010001,000001001000001000000111110000100000,010000000100100010100000000111000010,97,3999ms
101101101000000000001001001000000000,010000000110001000100000000010011100,000000010000100010000110010100000011,000010000001010101010000100001100000,131,929ms
000011100000010011011000001000000000,101000000010001100000010100000001001,010000000001000000000000010111010110,000100011100100000100101000000100000,27,37308ms
000110110000100000000000100101001000,000000000000010010110101010000000110,010000000110001001001010000010000001,101001001001000100000000001000110000,102,9840ms
100101000000010001001001000000010100,000000000000101110110000010010000010,001010001010000000000000001101001001,010000110101000000000110100000100000,119,15337ms
001000001110000011010010000000000100,000011000000011000100101001000001000,010000010000000100001000100100100011,100100100001100000000000010011010000,72,42096ms
010100101000000100000000110000010001,001000000000001010001110001001000010,100001000010100000100000000110101000,000010010101010001010001000000000100,157,2903ms
101111111000000000000000000001000000,010000000001000010100110010010001000,000000000010000100011001101000000110,000000000100111001000000000100110001,159,852ms
011110000000001100001000100000001000,100000100100000001100001000010010001,000000001000110000010000011100000110,000001010011000010000110000001100000,93,6085ms
011001011000000010100010001000000000,000000100000000101001101000000100011,100100000010100000010000110010010000,000010000101011000000000000101001100,157,4870ms
010101011000000000100100000000100100,000000100010000011001000000010010011,000010000000001000010011110100001000,101000000101110100000000001001000000,107,11256ms
011101110001000000000000001000010000,000000000010000101010001000010001110,000010000100100000101000010001100001,100000001000011010000110100100000000,97,12286ms
110111010100000000010000100000000000,000000001010100001101000000100000101,001000100001000010000011000000101010,000000000000011100000100011011010000,164,396ms
111111111000000000000000000000000000,000000000110010001100001110010000000,000000000000100110010100000101101000,000000000001001000001010001000010111,177,78ms
001101100001000000010000001100100000,010000010110000000100010000010000101,000000001000011100001001110000001000,100010000000100011000100000001010010,56,6002ms
001010110001000100000000000000110100,010000000110001000010010010011000000,000100001000000011100100100100000001,100001000000110000001001001000001010,63,2494ms
011101010000000001000100010000000010,000010100101000100000001100001010000,100000000010001000000010000110101100,000000001000110010111000001000000001,157,3150ms
000001100000110000011000000101000001,110100010010000110000000001000001000,001000000001001000100011010010100000,000010001100000001000100100000010110,22,1144ms
100111110000010000000001100000000000,000000000000101000101110000101000100,000000001010000000010000011010001011,011000000101000111000000000000110000,104,34000ms
010110100010000000000000001001110000,001001011000001000001110000000001000,000000000100110010100000100110000001,100000000001000101010001010000000110,106,27665ms
111011100000100000000000000100000001,000000011101001000110000100000010000,000000000010010011000011000011100000,000100000000000100001100011000001110,157,873ms
111101100000000000010100010000000000,000000000001100111101010001000000000,000010000000001000000001000110111100,000000011110010000000000100001000011,146,1843ms
000101011100010001001000000000001000,101010000000000100010100100001100000,010000100010100000100010001100000010,000000000001001010000001010010010101,100,10470ms
011000011101011000010000000000000000,000010000000000010000100111101000001,000000100010100001001000000010011010,100101000000000100100011000000100100,87,44389ms
011010010000110000001010000000000010,000101100001000100000000010100000101,100000001000001001100101101000000000,000000000110000010010000000011111000,157,61112ms
101101010000100000000000000010001010,000010000000000011011000010101000001,010000000111001000000101100000000100,000000101000010100100010001000110000,157,1783ms
010011000100000001000001000001000011,000100010000010100101000010100100000,000000000001101000000110100010011000,101000101010000010010000001000000100,47,13050ms
110000101000100000101010010000000000,000001000011001001000001100100000010,000000010100010010000100001000111000,001110000000000100010000000011000101,142,3973ms
010111110100000000100000100000000000,001000000000100010000010000100011110,000000001000011101010000000001100001,100000000011000000001101011010000000,132,14442ms
100001010000000000001100000001101001,010100100100101000000000100100010000,000010001010010000100001010010000010,001000000001000111010010001000000100,88,14172ms
000011000010001100101000001010000000,101000000000010000010101010000000101,000000111100000000000010100101100000,010100000001100011000000000000011010,71,30004ms
111001110000110000000000000010000000,000000000000000010010100011001010110,000010000110001001001010000100000001,000100001001000100100001100000101000,157,110ms
001010000100000101100000101000000001,110000000000111010010000000100000010,000100000011000000001100010010011000,000001111000000000000011000001100100,32,5066ms
010000101000001001000101000010001000,000100000000000010011010110001000100,001011010110000000100000001000010000,100000000001110100000000000100100011,96,15884ms
111111011000000000010000000000000000,000000100100011000001010001000011000,000000000001100001000001100011100001,000000000010000110100100010100000110,152,1650ms
000101110000011100000100000000000001,110010000001000010001000001001001000,000000000110000001100000110100000110,001000001000100000010011000010110000,73,14887ms
111111100100010000000000000000000000,000000000001001010100110000001010010,000000001010100100010001001010001000,000000010000000001001000110100100101,177,69ms
111100100000000010000110000100000000,000011000011000100000000011000010100,000000011100000000110000100010100010,000000000000111001001001000001001001,157,18ms
011111100000000000000000010000100100,000000001100111010100110000000000000,100000000010000101000000001100001011,000000010001000000011001100011010000,177,5237ms
001101110000000000010000000000111000,010000000011001010100100100000000100,000000001000110000000011011110000000,100010000100000101001000000001000011,80,13279ms
111010101000000000000000000010001001,000101000011001011100000000000100000,000000010100110100011010000000000010,000000000000000000000101111101010100,130,70676ms
101110001000010100000011000000000000,000000010100100010100100000001000110,010000100000001001001000001100010001,000001000011000000010000110010101000,155,2936ms
100001001010110000000000001010000100,000010010000000100100011100001001000,010100000001000000001100010000110001,001000100100001011010000000100000010,109,7360ms
100000100110000011000011000100000000,010010001000010100010000110000010000,000000000001100000100000001010101011,001101010000001000001100000001000100,95,12956ms
110011000000000010100000000001100010,000000101000001100010001011100000000,000000010100110001000010000010010100,001100000011000000001100100000001001,146,470ms
101010111001000000100000000000000010,000001000100010101000001001101000000,010000000000100010001010110000010100,000100000010001000010100000010101001,136,733ms
011000110001000010001000000010000010,100010000000000001000100011000111000,000101000000100000010011100100000001,000000001110011100100000000001000100,89,5399ms
111111110000000000100000000000000000,000000000100101100010000101000100010,000000000001010011001000010100000101,000000001010000000000111000011011000,177,51ms
100001110000001100001000000001010000,001100000000000000110000000110101001,010010001010000000000011101000000100,000000000101110011000100010000000010,119,54227ms
000110100000010000001011100000010000,001001010000100010100000000000101100,110000001011001001000100000010000000,000000000100000100010000011101000011,120,18473ms
110011100000000000001100000000001001,000000000000010110010010110110000000,001100011101000001100000000001000000,000000000010101000000001001000110110,157,566ms
001010100000001100010001000000100001,100101010000100000001100000000010010,000000001110010010100010000010000100,010000000001000001000000111101001000,43,1331ms
101011011100000000000100000000000001,010100100000110000010010010000000010,000000000010001011000001101001100000,000000000001000100101000000110011100,89,26080ms
001101111100000100000000001000000000,010000000000110010000001000000110011,000000000011001000001010100101001000,100010000000000001110100010010000100,92,40311ms
001110100000001001000000000011010000,100001011110110010000000000000000000,010000000001000100001011101000000100,000000000000000000110100010100101011,61,246244ms
010101110000000000100000000101001000,000000000100001000011001000010010011,100000001011110000000000001000100100,001010000000000111000110110000000000,143,17841ms
001110110100001000000000000110000000,100000000001010001010110000000101000,000000001000000010101000101001000011,010001000010100100000001010000010100,115,2992ms
011001001000100010100000001000100000,100110000010000001011000000000010001,000000100001011100000100110000001000,000000010100000000000011000111000110,56,9399ms
001110001101100000100000100000000000,100000010000001010000001000100101010,010000000010000100011100001000000101,000001100000010001000010010011010000,136,4296ms
011101001100000000010001100000000000,000010010010110001000100000001000001,100000100001000010101000011000000100,000000000000001100000010000110111010,157,976ms
100010100100000000001001100100000100,000000011000100100010110010000000001,000101000000001010100000001011000010,011000000011010001000000000000111000,127,6535ms
100101110100000011000000000000100000,001000000000110100001000100001010001,000000000010000000010011011010000110,010010001001001000100100000100001000,104,6309ms
111000001000000000010010000001101000,000100000000100100101101001000000010,000010100100011011000000100000010000,000001010011000000000000010110000101,126,36439ms
000011111100001000000010000000000100,001000000000100000101100101001001000,010000000010000101000001000010110010,100100000001010010010000010100000001,66,8000ms
011010100010001001000000000010000001,000100001100100100000010010000100010,100001000000010000011100000001010100,000000010001000010100001101100001000,140,4701ms
000111110000000000100000100100001000,010000000101010100001110000010000000,100000000010101010010001000000010100,001000001000000001000000011001100011,152,5611ms
111100111010000000001000000000000000,000000000001110011000001000000001011,000001000100001000110010001010010000,000010000000000100000100110101100100,157,76ms
010001011000100000010010000010000010,001100100001010010100000000001000100,000010000110001000000100110000001001,100000000000000101001001001100110000,51,6146ms
010101100000000001100001000000011000,000000001000010100000110001001000110,000010010101100000011000010100000000,101000000010001010000000100010100001,118,2016ms
101100000000010100000101110000000000,000000100010100010100000000110011000,010000010001001001001000001000000011,000011001100000000010010000001100100,76,7849ms
111001100000000010000000100100100000,000000010001010000011010000000000111,000000000100100101000101001000011000,000110001010001000100000010011000000,141,2753ms
101110101000000000000001010100000000,000000000000010001110010100010000011,010001000101000010000000001000110100,000000010010101100001100000001001000,177,126ms
101111101000000000001000000000100000,000000010000000001100010000111001010,000000000010101010000101010000000101,010000000101010100010000101000010000,136,2490ms
000000010000000110000110101000010010,101000000011000000000001000110100001,010110100100011000100000000000001000,000001001000100001011000010001000100,113,5466ms
010010010101000000011000000001000010,101100000000110000100100000000100001,000001001000001110000000100010010100,000000100010000001000011011100001000,59,1437ms
111010010000100000001000100001000000,000000000000010001010101000100011001,000001001001001110000010001000000100,000100100110000000100000010010100010,97,16068ms
011110010010001010000000010000000000,000000000001100001101000001000011100,100000101100000100000100000011100000,000001000000010000010011100100000011,177,1621ms
011101000000010001000000000001001001,000000011100100100000010100110000000,000000000010001000110100001000010110,100010100001000010001001010000100000,76,17095ms
001011010001000001001000000000001001,110000000010000010010100000100000110,000000100000111000000010010011010000,000100001100000100100001101000100000,40,2064ms
010011100000110000000000010000010010,100000001000000001000100100110001001,001100000100001100001001000000100100,000000010011000010110010001001000000,63,10229ms
111001010000000001010100000010000000,000100101110001000000000000100001001,000000000001010000001011001000110010,000010000000100110100000110001000100,113,82079ms
101010010001000000000010000011001000,000100000100100001011100000000110000,010000100000010010100001001100000001,000001001010001100000000110000000110,150,334ms
010111100000101010000000000000000100,100000000000000000010100110011100010,000000010101000100100001000100011000,001000001010010001001010001000000001,124,36497ms
111101111000000000000000010000000000,000000000100100101101001000000001100,000000000010010010010010000011100001,000010000001001000000100101100010010,144,4254ms
100011100100000111000000000000100000,011000010010000000001010100110000000,000100000000000000110000011000011101,000000001001111000000101000001000010,110,32427ms
110111011000000000001000000000000010,000000000100100111100000000000101001,001000100001011000010000001010010000,000000000010000000000111110101000100,161,2106ms
001100111001000000000100000010001000,010001000010001010000000011100000100,000000000100100100100011000001100010,100010000000010001011000100000010001,74,19164ms
101111001000000001000001000000000010,000000110010000110000010000100010001,010000000101011000100000001010000100,000000000000100000011100110001101000,177,522ms
010001100000110001000100100000000010,000000001001001100100001001100001000,100110010000000000010010000010100100,001000000110000010001000010001010001,177,2391ms
101010100010000000000100000001100001,000000000101000100101001000110001000,010000000000111001010010100000000100,000101011000000010000000011000010010,104,12707ms
101010000100000000100100000011100000,010000110011001010000000100000000010,000101000000100101001000010000011000,000000001000010000010011001100000101,105,2749ms
100111100010000010001000100000000000,000000010101000100000110000000001101,010000001000011001100000010001100000,001000000000100000010001001110010010,161,2275ms
000101000001010000010000000110000011,000010001000001000100001010000011100,011000110110000010000000000001100000,100000000000100101001110101000000000,118,4199ms
001100100000110000000000100111000000,110000011000000000000010000000111001,000010000101000111000101000000000100,000001000010001000111000011000000010,52,31487ms
001000111000101000000001001010000000,010101000001000000001110100000000010,100010000100010011000000000001001100,000000000010000100110000010100110001,94,41489ms
111011001000000000000100000001001000,000100100011000000100001010000110000,000000010000000010001010001010000111,000000000100111101010000100100000000,136,8490ms
011110101000000000010100000000100000,000000000100011001001000010111000000,100001000000000110100010101000000100,000000010011100000000001000000011011,177,646ms
110000100101100000100100010000000000,000100001010000001001001000010001100,000001010000000110010010000101000010,001010000000011000000000101000110001,151,441ms
010001110100000001000100000001010000,000000000001001010010000101110000100,100110000000000000101010010000100010,001000001010110100000001000000001001,177,1224ms
111000000100000000010000001000000111,000010010000000000000101110001101000,000100000010001111000010000110000000,000001101001110000101000000000010000,137,4310ms
010111001001010000000000000001000010,001000010100100110010000100010000000,000000000000000001100111011000100001,100000100010001000001000000100011100,68,46555ms
001100011001000001101000001000000000,010010000000100110000000010001000101,000001100000001000000000100110111000,100000000110010000010111000000000010,67,118086ms
000000100000110100000000100110001100,010001010100001001001000000001100000,001010001001000010110110000000000000,100100000010000000000001011000010011,62,18796ms
110001000000001000100001100100000100,001100000001000101000100011000010000,000010001100000010011000000001100001,000000110010110000000010000010001010,157,659ms
000010110010101110000000000000100000,101000001101000000001000000011010000,010001000000010001100110001000001000,000100000000000000010001110100000111,39,43644ms
001110010001001000010001000001000000,000000000100000010001000101100110010,100001001000010100100000010000001100,010000100010100001000110000010000001,129,7281ms
110011110001010000100000000000000000,001000000000000100001001010110001001,000000001000101000010100101000100100,000100000110000011000010000001010010,118,1558ms
110110111000000000010000100000000000,000000000000001010101001000010100110,001000000111100100000100000101000000,000001000000010001000010011000011001,177,623ms
101011001000000010000000100010001000,000000100011101000001001001000000001,000100010100000100000010000001110100,010000000000010001110100010100000010,129,3646ms
110010101100000100000010000100000000,000000010000001010110000000000100111,000100000001100000000101011001010000,001001000010010001001000100010001000,127,403ms
001101001001000000000011100010000000,010000000000001000000000011100110011,100010000110000011100000000001001000,000000110000110100011100000000000100,157,630ms
101001001110000011000100000000000000,010000100000011000000001000100111000,000100010000000100010010111001000000,000010000001100000101000000010000111,135,17225ms
110000010000010000000010101000010010,000000100101000000110000000000101101,001000001000100100000101010110000000,000111000010001011001000000001000000,104,4607ms
111110100001000000001010000000000000,000000011000010110010001000000010001,000001000100000001000000110010001110,000000000010101000100100001101100000,163,2329ms
000110011100000010000010000000100010,000001000000110001010000001100000101,011000000010001000000101100000011000,100000100001000100101000010011000000,78,1716ms
110010000000000000011010000000110100,001001001001010100000001100010000000,000000010000000010000100010101001011,000100100110101001100000001000000000,91,67138ms
111110001000000100000000010001000000,000001100000000011110000001100000001,000000000010110000001011100000001010,000000010101001000000100000010110100,136,29624ms
100101111000000000000000010000110000,000000000111100010000001100110000000,011010000000000000011000000001001011,000000000000011101100110001000000100,130,5806ms
010011010001010000000000010000011000,100000001000000101010100000101000001,001000000010001000100001001010100100,000100100100100010001010100000000010,72,5595ms
000100000010001001011011000000010000,100000010001010100100100000100000100,000000001100100010000000111000101000,011011100000000000000000000011000011,0,1323ms
111000101000000010100000001000010000,000000000001011001001001000001100001,000110000010000100000000100110001010,000001010100100000010110010000000100,177,495ms
000110111001000000000001100010000000,000001000000010101101100000000100100,101000000000001000000000011101011000,010000000110100010010010000000000011,177,168ms
010001001100001011000000000100100000,000110010010000100101000000000010010,100000100001000000010101001011000000,001000000000110000000010110000001101,143,584ms
011110011100001000000000010000000000,100000000011010000000000000101100101,000001000000100110010000100000011010,000000100000000001101111001010000000,116,54343ms
000010101001010001000000001000101000,001100000010101000001001010100000000,010000000000000010010010100010000111,100001010100000100100100000001010000,18,1485ms
001000110000000000010010010010000011,010011001000001011100000000100000000,000000000111100100000000101001000100,100100000000010000001101000000111000,35,17127ms
111101000000000000010000101000100000,000010100000001111001001000000000100,000000000001100000100000000111011010,000000011110010000000110010000000001,157,762ms
101011100010000000000000000010101000,000000010001101010110000000000000011,010100000000000100000011111001000000,000000001100010001001100000100010100,146,484ms
000110000000011000010000001001100001,010001110000000001100000100100000100,101000001011000010000010000000011000,000000000100100100001101010010000010,85,6025ms
010100100100000100001001100000000001,000000011001100001000100000010010010,100010000000010000100010001001101000,001001000010001010010000010100000100,144,3022ms
001111111001000000000000000000001000,000000000100100011110000000100000101,010000000000001100000111100000010010,100000000010010000001000011011100000,93,19563ms
111010110010000000010000000100000000,000000000101100010100010000000110010,000001001000010001000100101010000001,000100000000001100001001010001001100,142,129ms
110101100010000000000100000110000000,000010001000000110000000010001010101,001000010001010000011000001000001010,000000000100101001100011100000100000,157,235ms
011011111000000000000000000000010001,100000000000000011001000101001100010,000100000110100000110100010000001000,000000000001011100000011000110000100,97,48676ms
110101000100100100010001000000000000,000000101000000000001000110110011000,000010000001011011000010000000100001,001000010010000000100100001001000110,157,24598ms
011100101000000010000010000100000100,100011000000101100000000110000010000,000000000001000000011001001011000011,000000010110010001100100000000101000,89,28606ms
001100000001100000000111000000000110,100011001010001001100000100000000000,010000010100000000000000011001011001,000000100000010110011000000110100000,37,1329ms
110001011100000001000000100001000000,000000000001000110110000001100011000,001000000010001000000111010000000011,000110100000110000001000000010100100,126,1652ms
100100101000101000000010000001000010,000000000110010000001100110100100000,011000010000000011110000000000010001,000011000001000100000001001010001100,131,1258ms
101000010000110001010000000010001000,000000100100000000101100100101000010,000100000000001110000000011000010101,010011001011000000000011000000100000,54,2701ms
101100001000001011000000100100000000,000000000010110000101000000010100011,000001010101000100010100001000010000,010010100000000000000011010001001100,112,47497ms
010110001000000100010101000000000010,000000000101100010100000100010001100,100001000010001001000010010100010000,001000110000010000001000001001100001,149,9562ms
101110010010010000000010100000000000,000000000000101001000100001011110000,010000101000000000111000010000000011,000001000101000110000001000100001100,177,1313ms
110111001000010000000010100000000000,000000000110000100101100001101000000,000000010000001011000000000000011111,001000100001100000010001010010100000,138,19364ms
000001101000001000001100100000001010,100000000001100110000001010000100100,010100000100010001110010000001000000,001010010010000000000000001110010001,69,11515ms
010100001001000000110000011100000000,100001000100001011000010100001000000,000000100000010100001101000000101001,001010010010100000000000000010010110,46,21943ms
100001000000110000000011000001110000,011100010000001001100000001000001000,000000101100000100010000100100000101,000010000011000010001100010010000010,79,2271ms
011000001000000101100010010100000000,100111000001000000000001100000100010,000000010110010010011000000010001000,000000100000101000000100001001010101,95,1422ms
110100001010000100000000001110000000,001001010000000010000110000000010101,000010000101010001010001010000001000,000000100000101000101000100001100010,143,650ms
011110111000000000000100000000000001,000000000101100000100001101000011000,100001000010001010001000000101000010,000000000000010101010010010010100100,177,163ms
001001110001001000000011000000001000,100000000000000101001000101011000010,010000000110100010000100010100000100,000110001000010000110000000000110001,83,5273ms
001000000000100000000000111110000011,000001001010010001100000000000011100,000100000101000100010110000001100000,110010110000001010001001000000000000,14,4379ms
110100000000101011000000000001010000,000000111001010000000101000000001001,001000000110000100110000110000100000,000011000000000000001010001110000110,157,15861ms
011101111000001000000000000000000100,100010000000000101011010001000000001,000000000011010010000001010011010000,000000000100100000100100100100101010,90,47699ms
111101010000000000110000100000000000,000010100001010010001010010000010000,000000000010001101000101000011000010,000000001100100000000000001100101101,154,1205ms
101101110000100010000000000000000010,010000000110010100010000101000100000,000000001001000001001010010011000001,000010000000001000100101000100011100,113,15855ms
100010000000011101011000001000000000,000000101000100010000110000111000000,001000000111000000100000010000101100,010101010000000000000001100000010011,83,7153ms
110011101000000100001000000000100000,000000010101100000100001001000001100,000100000010000010010010100001000011,001000000000011001000100010110010000,117,5785ms
001000101000100000100010100000001001,000111010100000000000100001010010000,000000000010001011000001010101000100,110000000001010100011000000000100010,47,4334ms
001010101010010010010000000000010000,010000000001001000000000011010100101,000001010000100000001000100101001010,100100000100000101100111000000000000,63,43296ms
001011101000000000001010000000001010,010000000001110100000100001011000000,100100010000001011000001100000000100,000000000110000000110000010100110001,112,3195ms
000100001100010000000010000010011100,011000100011100010001000000000100000,000000010000000101010100111001000000,100011000000001000100001000100000011,11,5084ms
000110001110000011000000001010000000,000000000000101000111000000001110100,010001110001010100000000100000000010,101000000000000000000111010100001001,83,42191ms
100011010001000100000001000011000000,000100101100000000001010010000000110,011000000000110001110000000100010000,000000000010001010000100101000101001,146,43ms
000111001001000001000000010000001010,100000000000010000011010100010010100,001000100100001100000100001000100001,010000010010100010100001000101000000,61,3550ms
011000111001000010000010100000000000,000001000110001000100100000100001001,100100000000100101001000001011000000,000010000000010000010001010000110110,121,7512ms
010001111001100100000000000001000000,001000000100000001011000100100010001,100110000000001000000110000010001100,000000000010010010100001011000100010,160,4566ms
101111000000000001001000000000101000,000000100100001100000001101000000011,010000000001100000110110000101000000,000000011010010010000000010010010100,177,70ms
001111010000000000011000001000000010,100000000100000001000000100101111000,010000000011011110100000000010000000,000000101000100000000111010000000101,125,19270ms
100000111010000100001000000000010001,011100000000100001110000000001001000,000000000101010000000000111100100100,000011000000001010000111000010000010,95,2698ms
110101011000000000100000000001000001,001000100011000100010000000000101100,000000000100000001001101011010010000,000010000000111010000010100100000010,141,3306ms
011100111000001000000000000011000000,000010000100010001001010000100010100,000001000011100000110101000000000010,100000000000000110000000111000101001,84,15653ms
101001011000000000100000010000001001,010000100111001000000000000010010100,000110000000010010011010100001000000,000000000000100101000101001100100010,149,57558ms
011011000000100000100110000000100000,000000100010001100010000110000000110,100000001100000010001000000110010001,000100010001010001000001001001001000,157,295ms
010000110001010001000000001010000001,100101000000001000110100000001000100,001010001110000110000010100000000000,000000000000100000001001010100111010,85,109125ms
110000000010100001000100010110000000,001100100100001100101000000001000000,000001010001000000000010101000110010,000010001000010010010001000000001101,97,3145ms
100010110000010100000000000001010100,010001000100000011000010010000100001,000100000001001000000001100110001010,001000001010100000111100001000000000,102,75962ms
111110110000000000100000010000000000,000000000000101001000001100001101100,000001000000010110011010000010000010,000000001111000000000100001100010001,177,114ms
110110000000001000000010000001100001,001000010010000010100001100110000000,000001000100100001001100011000000100,000000101001010100010000000000011010,136,7921ms
011001110000000011100000100000000000,100000001000001000010000001010110100,000010000110000100000101010001000010,000100000001110000001010000100001001,108,6669ms
010000111000000100000011000101000000,101101000000000001000100000000101100,000000000000110010101000100000010011,000010000111001000010000011010000000,59,25453ms
100111111000100000000000000000100000,000000000101000100100000101000011010,000000000000010011000010010011000101,011000000010001000011101000100000000,120,16313ms
100110000000001000010010010000011000,001000101000100000000101100000000110,000001000010010100001000001110000001,010000010101000011100000000001100000,115,2058ms
001101101110000100000001000000000000,100000000000010010110000001110100000,000010000001101000001100010000001001,010000010000000001000010100001010110,72,44537ms
011010111010000000000000100000000001,100001000000000110101000010100000010,000000000100111001000101000001001000,000100000001000000010010001010110100,88,35119ms
111111001000001000000000000000010000,000000010000000000110100011101000001,000000100011000010000010000010101100,000000000100110101001001100000000010,156,3220ms
011001000000000101101000010001000000,100000100101100000010000000100110000,000000010010001010000000101010000101,000110001000010000000111000000001010,60,6893ms
110000110000100011000011000000000000,000010000101010000010000100000001011,001100000010001000001100011000000100,000001001000000100100000000111110000,117,10199ms
101110100000000000111100000000000000,000001001000001000000011001010101000,010000010001010100000000010101000001,000000000110100011000000100000010110,177,54ms
100110010000100000000001000000001011,000000001100000101100000000101110000,010000000010000000010110111000000100,001001100001011010001000000010000000,97,6146ms
000001011001000000110000000001000101,011010000000000100001010000000111000,000100000100000011000100011100000010,100000100010111000000001100010000000,49,4548ms
010110000001010000000010000000000111,101000110000100010010000001001000000,000000001110000100100001010000110000,000001000000001001001100100110001000,86,5255ms
101010001101000100000001000100000000,000000100010101000000110010010000001,010101000000010000110000000000011010,000000010000000011001000101001100100,157,50ms
100011000100000100010000100000110000,001000000010101001000001010000001010,010000010001000010001100001101000000,000100101000010000100010000010000101,133,597ms
110011001100000000001100000000000010,000100100010100001100001000000110000,001000000001010000000010111110000000,000000010000001110010000000001001101,157,149ms
110010001000100100100000000100100000,000000100100000000011100100000000111,000000010001010010000010011010010000,001101000010001001000001000001001000,133,224ms
011010101000000100000001001000000010,000000000110110000010100010011000000,000101010000000010100010000000011001,100000000001001001001000100100100100,78,3908ms
110110100000000001000100000100100000,000000000011011000000000001000001111,000000001000100100001011010010010000,001001010100000010110000100001000000,143,16943ms
010101101100000000000000000100110000,001000000000101101010010001000001000,100010010001000010000001010010000010,000000000010010000101100100001000101,157,291ms
100000010000010100001100100110000000,010010000010001000000011000000001110,001101000101000000110000010000100000,000000101000100011000000001001010001,139,147ms
111110000000000000000000000100011100,000000000110000111010010001001000000,000001001001110000101001000010000000,000000110000001000000100110000100011,177,153ms
000000001000101001010010100000010001,001000000001010000101000011101000000,000011010010000100000100000010001100,110100100100000010000001000000100010,0,396ms
001110000001000110001000000001000001,000000101000000001000110000000111010,110001000010001000000001011100000000,000000010100110000110000100010000100,152,3169ms
111000100000000000001100010000010010,000110010110011100000000000000000100,000001001000100000000011101010100000,000000000001000011110000000101001001,98,61560ms
011111011000010100000000000000000000,100000100101000010000001100100001000,000000000010101001100000011010100000,000000000000000000011110000001010111,115,166905ms
100100011101000000000000000101001000,010010000000010011000100000000000111,001000100000001100011010010000010000,000001000010100000100001101010100000,133,2070ms
101000000011000110010100001000000000,010000111000100000100000000100010100,000001000100001001000000110010001001,000110000000010000001011000001100010,91,10911ms
100001011000000000100101110000000000,001010100000110000010000000100011000,010000000010001110000000000010100101,000100000101000001001010001001000010,109,81982ms
101100101001100100000000000010000000,000000000010001000011010000101000110,010000000000010001100000110000011001,000011010100000010000101001000100000,135,23128ms
111010001011000100000000000100000000,000101000000100001010001100001000001,000000100100001010001010011000000100,000000010000010000100100000010111010,157,401ms
011111010000010000000000000000110000,100000000001001100101100000100000010,000000101100100000000010101000001001,000000000010000011010001010011000100,111,14060ms
000111010000001000000000000001011010,111000000001100101000010000000000100,000000000100000000010100011110100001,000000101010010010101001100000000000,95,144617ms
001001011001000000000000000010011001,110000000000001011010000001000000110,000110000100110100100100100000000000,000000100010000000001011010101100000,117,22666ms
110011010001000000000000000010101000,000000100110011000110000000000000101,000100000000000010000011101001010010,001000001000100101001100010100000000,130,2480ms
100110110000100010010100000000000000,000000000111011000000000001101000001,010001001000000001000011100000001010,001000000000000100101000010010110100,166,18510ms
001100001000011000010001100010000000,000010000100100110001010000100000100,010001110010000000100000000001010001,100000000001000001000100011000101010,81,9303ms
001111100010100000000000000000000101,010000011001001001000000000000101010,000000000100010110011100000110000000,100000000000000000100011111001010000,115,179871ms
010100111000100000010101000000000000,100000000010000000101000011000001101,001001000001010110000010100000000010,000010000100001001000000000111110000,75,94025ms
100000101000001000000010000000101101,001010010110100000011000000100000000,000100000001010101100000101010000000,010001000000000010000101010001010010,69,8279ms
001111011000000000100000100000100000,110000000010100000000001000011001010,000000100001001010000100011100000001,000000000100010101011010000000010100,107,9453ms
010010001000001000001000110000000101,000001100110000000110000000001011000,001100010000110001000100001010000000,100000000001000110000011000100100010,53,5053ms
011010011000001001000001000001000000,100101100010100000001010000000000001,000000000000010000010000110010111010,000000000101000110100100001100000100,42,34877ms
010100000001000011110100000000000010,100001001110000000000001100001010000,001000100000110100000010001000100001,000010010000001000001000010110001100,58,2095ms
101101000000100000000010001010000001,000000000100001010000001100001101100,000000011010010101100000000000010010,010010100001000000011100010100000000,114,9213ms
110000011000100101100100000000000000,001110100101000010001000000100000000,000001000000001000010011011000010001,000000000010010000000000100011101110,106,31442ms
111010000100000001000010000001000010,000001100010000010010001010000100001,000100010001010000101000001000001100,000000001000101100000100100110010000,149,431ms
101000011000100001000000000000010110,010111100110000000000000001000000001,000000000000010110011001000110100000,000000000001001000100110110001001000,92,54771ms
100000110100001000001000010011000000,000001000001110000100010001000001010,001000001000000100000101000100110100,010110000010000011010000100000000001,97,4352ms
110011011000000000000000100000110000,000000000110110001001100001000000010,001100100000000010110010000000000101,000000000001001100000001010111001000,144,5285ms
000111000000000110000110010001000000,011000010000010000010001001000001010,000000000010001001101000100100110000,100000101101100000000000000010000101,49,27167ms
000101100000110000010000000010100010,100000000000001010101001001000010001,001000001111000001000010010000001000,010010010000000100000100100101000100,43,21550ms
010101000111000000000001000000000101,100000101000001000100110001010000000,001010000000100001011000010001000010,000000010000010110000000100100111000,74,8401ms
110100100110000001000000001000100000,001000000000100010000110010100001010,000000011000001100011000100000000101,000011000001010000100001000011010000,130,1042ms
011011101000100000001000000001000000,000000000000001000110001001000001111,000000000100010011000100100010110000,100100010011000100000010010100000000,84,53613ms
001110011000000000001000100001000010,000001100011001010000001000000001100,100000000100000100000110001100110000,010000000000110001110000010010000001,160,3847ms
001110111000000000000010001000000100,000000000010010011100101000110000000,010000000101100100010000010000010010,100001000000001000001000100001101001,105,24229ms
011100001000010000100000000010001010,000010000000001001000000010001110101,100000110110100010010000000100000000,000001000001000100001111101000000000,157,3574ms
101110111000000000110000000000000000,000000000000001100001000101000111001,010001000001110000000010010101000000,000000000110000011000101000010000110,177,25ms
001001001000010100000011000001000100,100100110101000010000100000000000010,000010000000100000010000110110011000,010000000010001001101000001000100001,14,1370ms
000100010001000000001010001000100011,000000000000111110000100100010000100,011010100100000001000000010101000000,100001001010000000110001000000011000,102,4150ms
100011111000001000100000001000000000,000100000000010010000101110000100100,000000000110000000011000000111010001,011000000001100101000010000000001010,141,884ms
011111110000000000000000001001000000,000000000001000010000101100000111010,100000001010101000110000010000000001,000000000100010101001010000110000100,177,231ms
100110101010001100000000000000100000,000001000100000000001101010000010110,010000000000010010100000100101001001,001000010001100001010010001010000000,177,1476ms
111101001000001000000000001000001000,000000100000010001101100110001000000,000010000100100110010000000000110010,000000010011000000000011000110000101,157,1272ms
010011111000001000001000000000000100,000000000110100010100101000001000001,000100000000010101010000001000111000,101000000001000000000010110110000010,54,15713ms
010110111000100000000000000100000001,100001000000000000110011001010001000,001000000011011010000100000001000010,000000000100000101001000110000110100,112,44821ms
110000111001010000000100000010000000,000001000100000000100000101100001011,001010000000100010010011010000000100,000100000010001101001000000001110000,141,4651ms
101101011000000000000010010010000000,000000000000100011000101100001100001,000010100110010000100000001000011000,010000000001001100011000000100000110,157,337ms
011110100000100000000110000010000000,000000001100000010100001001001010100,000001000010010001001000010000101001,100000010001001100010000100100000010,73,10757ms
001011100000100001000000000110000001,000100010100001010100001100000000100,000000000000000100011010001001011010,110000001011010000000100010000100000,53,97028ms
001001111000000010001010000000000010,010010000000110000000001001100100001,000000000101001001010100110010000000,100100000010000100100000000001011100,52,20790ms
001001100001000000000001001000011010,010100000010000000001110000111000000,100010010000100011000000010000100100,000000001100011100110000100000000001,80,1479ms
101110011001000000000010000000000100,000000000000001000100101010100101010,010000000100110010011000000011000000,000001100010000101000000101000010001,163,1146ms
101001010000110000001000000100100000,000000100111000001100001100001000000,000000000000001110010110001000010001,010110001000000000000000010010001110,79,64207ms
110110101000001001000000000000000010,000000000000000010111010000010110100,001000010100000000000001100101001001,000001000011110100000100011000000000,177,2466ms
000101111000000000000000000101110000,000000000110100000001010101010000100,100000000001000000010101010000001011,011010000000011111100000000000000000,99,410952ms
110100111000000000000000001100000100,000000000100011000000101100001010010,001011000010000011110000000000100000,000000000001100100001010010010001001,157,159ms
101000100010001010000101000010000000,000010000000100001110000000000101110,000100010101010100000000000101010000,010001001000000000001010111000000001,142,28894ms
111110101000010000000001000000000000,000001000101000110100000000000001101,000000000010101001010000001110100000,000000010000000000001110110001010010,167,4968ms
110011111000000000000000000001010000,000100000100110001000010001000000101,001000000010001110110000000000101000,000000000001000000001101110110000010,157,354ms
010100110010010000101000000000010000,100011000100000001000000011001100000,001000000000001010000100100100001110,000000001001100100010011000010000001,86,3248ms
100011001010010000001000000000010001,000000010100101000000001101001100000,011100000000000001000110000110001000,000000100001000110110000010000000110,157,205ms
011010001000010100000000001010000001,000001000000000010001110100001011000,000100100100001001010001000000100100,100000010011100000100000010100000010,76,4740ms
000011101101000000000000100010001000,000100000000111000100101001000100000,101000010000000100010010000100000101,010000000010000011001000010001010010,139,1255ms
010110110010001000000100100000000000,001000000000010100100000011100101000,000001001000000000011001000011010001,100000000101100011000010000000000110,115,30520ms
001001010000001001000100000000110100,010100001100000010010000011001000000,100000100011000100000010000010000011,000010000000110000101001100100001000,71,11199ms
000011010000000001000010010101000100,001000000001111100000001100000000010,000100000000000000001100001010111001,110000101110000010110000000000000000,4,21273ms
000111111000000010000000000010000001,100000000010100000001000100101100010,000000000101010001100001010000001100,011000000000001100010110001000010000,89,19678ms
010010100011000010010000000010001000,000001000000010000000110010100100101,000100011000000100001001101001000000,101000000100101001100000000000010010,57,14770ms
101100110001000010000000000001000001,000011000000011000000000000000111110,010000001010100001000000110110000000,000000000100000100111111001000000000,157,13332ms
100010010000100000100010100000010010,010101100001000100000000000001001001,001000000100000011010000000110100100,000000001010011000001101011000000000,100,86358ms
000111011000001000010000000000000110,000000100011100000100001011001000000,001000000100010011000110000010001000,110000000000000100001000100100110001,69,6327ms
100100000101000000001010010100000100,001000100000000111000001100000100001,010010010000101000100100001000000010,000001001010010000010000000011011000,157,337ms
111100000000101000000100011000000000,000010010000010011000011000001010000,000000001111000000101000100100000010,000001100000000100010000000010101101,157,167ms
011000000000010011000010000000101100,100101110000001000100001000100000000,000000000000100100010100111000000011,000010001111000000001000000011010000,18,808ms
111100010010000000000010000010000001,000010001000000100000001010101010100,000001100000100001011100100000000010,000000000101011010100000001000101000,129,5395ms
100101101110000000010000010000000000,001000010000010001100001000011010000,000010000001101100001010100000100000,010000000000000010000100001100001111,122,3135ms
100110100000000100011000001000000100,011000010010000000000011000010000011,000000000001110001100000000001111000,000001001100001010000100110100000000,110,9811ms
110001101000000010000100000001000001,001110000000010001000001001100100000,000000000100100100111010100010000000,000000010011001000000000010000011110,137,9378ms
101001101000001100000010000001000000,000010010011100010010001001000000000,010000000100000000100100010000011011,000100000000010001001000100110100100,143,12756ms
100100010000110000011000100000010000,001000000001000100000000001111000011,010010100010000011100001010000000000,000001001100001000000110000000101100,152,11019ms
100001111000000000000100001000100010,000000000110000100100010100100001100,000010000001101010010000000010010001,011100000000010001001001010001000000,81,20102ms
000001111000010000100000001010000100,100010000001000001000000000001110011,000100000110100000011011010000000000,011000000000001110000100100100001000,69,35762ms
010000010011000000001110100000000100,001000000000010000010000000111110010,100010000100000110100001001000000001,000101101000101001000000010000001000,124,32554ms
110101110000001000000010000000001000,001000000000000100100000110001100011,000010000100000011000101001100000100,000000001011110000011000000010010000,147,645ms
111101101000100100000000000000000000,000000000001000011000110001100000101,000000000110001000111000010001010000,000010010000010000000001100010101010,157,930ms
010111011000000000000100001000000001,100000000101000101001010000100000010,001000000010101000010001000000101100,000000100000010010100000110011010000,96,33040ms
000111100000000101100100000010000000,010000011110000000001000100000001001,101000000000001010010010001000000110,000000000001110000000001010101110000,135,2332ms
001010010010100000000100100000010100,110000001000000001111001010000000000,000000000001000010000010000111101001,000101100100011100000000001000000010,18,42899ms
000001001010010010000001010000000101,000000010100100000100110100010000010,100000100000001001001000001101001000,011110000001000100010000000000110000,71,556ms
010101111001000000000100000000000100,000000000100101000001001100001011000,001010000010000000100010010100000011,100000000000010111010000001010100000,93,43320ms
010010011011000001000100100000000000,001101100000000000011000011010000000,100000000100001000000010000000111110,000000000000110110100001000101000001,91,251622ms
100100100000001110000010010100000000,000000000010000000010101000011001011,000001001000110001101000100000000100,011010010101000000000000001000110000,89,12297ms
110101101000010010010000000000000000,001000000000000000001010011110100100,000010000110000000100101000001011000,000000010001101101000000100000000011,157,197ms
100001101011000000010010000100000000,001000000100000000001000110010010011,010000000000110010100101000001000100,000110010000001101000000001000101000,134,757ms
010111111000000010000000000000010000,000000000110000000011000101011000100,101000000001000001100110000000101000,000000000000111100000001010100000011,177,143ms
111100101000000000011001000000000000,000011000001011011100000100000000000,000000010100000000000010010001011101,000000000010100100000100001110100010,141,3488ms
010111000001100010000000000000110000,000000011100001001000000001110000100,000000100010000100001110000001001010,101000000000010000110001110000000001,72,15789ms
111111101000000000000000000100000000,000000000000101000101000010001001110,000000010001010101000100100010100000,000000000110000010010011001000010001,177,32ms
111010100100000100000100000010000000,000100000000011000000010100000100111,000000011010000011000001001001001000,000001000001100000111000010100010000,157,413ms
011111101000010000000000001000000000,000000000101000101000000000100010111,100000010000101010001110010000000000,000000000010000000110001100011101000,162,6381ms
101000111000001000000000100010000100,000000000001010010110000001100100001,010011000110000100000011000000001000,000100000000100001001100010001010010,157,2118ms
001101010100000000000000101001001000,000000100011100010101100000010000000,010000000000010001010001000100010110,100010001000001100000010010000100001,99,2303ms
000011001000100101000010010000000010,100000000010000000100100001000011101,011000110000010010000000000111000000,000100000101001000011001100000100000,89,92344ms
000000111000111000000001010000010000,110010000010000000011000100011000000,000100000000000010000110000100001111,001001000101000101100000001000100000,0,2978ms
001011000100000000000000110010001100,100000000010011100001100000000100001,000000110000000000100011001100010010,010100001001100011010000000001000000,74,7856ms
100101100100000000010110000000000100,011000001000111000000000000110100000,000010000000000001001000111000011010,000000010011000110100001000001000001,81,11316ms
000000011000010011000010110000100000,000010100110001000001000001001000100,110100000001000000110100000000001010,001001000000100100000001000110010001,125,3697ms
000010011001101010100000000000100000,000101000000000001000010010101010001,100000100100000100011001001000000010,011000000010010000000100100010001100,122,8331ms
100000011010000001000010011000000010,000110000000011100000001000000011100,011001100000000010100000000001100001,000000000101100000011100100110000000,136,2807ms
011100011000000000010100000001000100,100011000011000000000010000010001010,000000100100001101001000100100100000,000000000000110010100001011000010001,85,26551ms
000110101000000100011000000000010100,110000000101001001000000011000100000,001001010000000000000111000110000010,000000000010110010100000100001001001,103,21807ms
100010111100000000000000100001000100,011101000000100111000000000000010000,000000000000001000011011010010001010,000000000011010000100100001100100001,74,108867ms
001000010100100011010000000100100000,000000000000001100101001001010001001,000110101011000000000000110000000100,110001000000010000000110000001010010,93,14433ms
101100111000000010000100000000000001,000000000000000000100011111100101000,010000000100010100011000000001000110,000011000011101001000000000010010000,134,18460ms
010111010010000100000001001000000000,100000001101001000001000000001000011,000000000000010010100100110100110000,001000100000100001010010000010001100,110,52656ms
000011110001010000000000000001000101,011100000010001000101010000000010000,100000000000100110000100110100100000,000000001100000001010001001010001010,89,40005ms
111011000000000000100110000001000000,000100011000000000011000010000010110,000000100001100100000000100110001001,000000000110011011000001001000100000,157,383ms
100110111100000000000000000110000000,001000000001000000010010000001101110,010001000000001011000000011000010001,000000000010110100101101100000000000,177,38ms
000000000000110100001010000011001100,110100000001000010000000011000000011,000001111010000001010000000000110000,001010000100001000100101100100000000,20,3765ms
000101010010000100011010000000100000,000010001000101000100001000001010001,000000000101000011000000011010001100,111000100000010000000100100100000010,33,11224ms
110110001001000010001000000000000100,001000110000000000110011000000010001,000000000100110000000100001101101000,000001000010001101000000110010000010,159,17993ms
101000001001000000000001001000011001,000110000000100010011000100101000000,010000000010001100000100000010100110,000001110100010001100010010000000000,89,13185ms
001100101010011000000001000010000000,110001000001000000001000100000011001,000000000100100101010000011100000010,000010010000000010100110000001100100,77,13760ms
101011101000000000010001000100000000,000100000000100011100100010000100100,010000000000011100000000100011001010,000000010111000000001010001000010001,157,67ms
000111101000000110010000000001000000,101000000100110001000000001000110000,010000010000000000000111000110001100,000000000011001000101000110000000011,123,19606ms
001010011001000010000000010000010001,010100100000100001110100000000001000,000000000000001100000010101101000110,100001000110010000001001000010100000,23,8623ms
101111110001000000000000000000100000,000000001010010000001001001010000110,000000000000001110110100100100010000,010000000100100001000010010001001001,177,661ms
101111010000000100000100000000010000,010000000100010000001000010100100101,000000001001000001010011101010000000,000000100010101010100000000001001010,122,3451ms
010010110101000000100010000000000100,000001000000110000010100101011000000,001000000010001011000001010000011000,100100001000000100001000000100100011,68,8506ms
111011111000000000000001000000000000,000100000110000100110100011000000000,000000000000111000000000000010011111,000000000001000011001010100101100000,136,5121ms
101110110001000100010000000000000000,000000001100000001000100101010011000,010001000000010000100001000001100101,000000000010101010001010010100000010,177,833ms
011011010000100000010000000100000100,000000000010000100100101011000011000,000000101100010011000000000010100010,100100000001001000001010100001000001,120,3526ms
100001100000100100110000100000100000,001000000010001000001110000000011001,010000000101010010000001000011000100,000110011000000001000000011100000010,126,1146ms
101011110000000000000001000000010001,000000000100110110010100010000000010,000000000010000000101010101111000000,010100001001001001000000000000101100,123,39285ms
101001111000000001000010000000010000,010000000010001010100000010101000100,000100000000110100001100100010100000,000010000101000000010001001000001011,94,1826ms
111001101001000000000010000010000000,000110010100011000000000000101000100,000000000000100111000000010000111001,000000000010000000111101101000000010,96,171993ms
101001000000001000000000000101100110,010100011000100100110001000000000000,000000100000000001001010101010011000,000010000111010010000100010000000001,75,70710ms
010010111000001100000000000100000010,101000000001010000011000010011000000,000001000110000010100000001000110001,000100000000100001000111100000001100,101,757ms
011110110100000000000100001000000000,100000001000000011100001100010100000,000000000010000100001010000100011101,000001000001111000010000010001000010,114,46508ms
110111100000100000000001000000100000,000000001000010010110000110000010001,000000000101001100000110000010001100,001000010010000001001000001101000010,153,21305ms
001101000000100100001100000001000100,010000101101000000100010000110000000,100000010000011010000000101000011000,000010000010000001010001010000100011,72,356ms
101111011000100000000000000010000000,000000000000011010101011000000011000,000000100001000000010000010101100110,010000000110000101000100101000000001,177,432ms
111100001000000000000000010000101010,000000010000000010110001101000010100,000001000010011000001100000101000001,000010100101100101000010000010000000,154,4125ms
101011111000000000010000010000000000,000000000000101111001010101000000000,000000000011000000000101000010011101,010100000100010000100000000101100010,119,30526ms
011101011000000000001001000001000000,000010100000000100010010011110000000,000000000111000011000000100000101100,100000000000111000100100000000010011,69,21065ms
111110010000000000010010000010000000,000001001100001100000101000000010001,000000100011000001000000011101100000,000000000000110010101000100000001110,177,179ms
101100100000000000001100110000001000,000001010000001001110001000001000001,010000001101010010000010000100000010,000010000010100100000000001010110100,143,3586ms
110001100001000000000010000000101001,001110001000100000000001000101000100,000000000010010111100000011000000010,000000010100001000011100100010010000,88,21428ms
100010001010000110001000010000000001,000000000101010000100101000000001110,010001100000100001000010100010010000,001100010000001000010000001101100000,81,8363ms
111011010000100000000000010000000010,000000100000010001010100000001101001,000100001110001110000000100100000000,000000000001000000101011001010010100,157,589ms
101000101000000010011001000000000100,000111000001000001000110000100001000,000000010010111100000000100001100000,010000000100000000100000011010010011,82,5662ms
101011000000000000101010000000110000,000000011100000000000101010110000010,010100000001100010000000101001001000,000000100010011101010000000000000101,139,574ms
100110001100000110000010000100000000,000000010000000001101001011001000001,000000000011010000010100000010001110,011001100000101000000000100000110000,135,4209ms
100011110000000010000000000011000010,000000001000000100011100010000011001,010000000100001001100001000100100100,001100000011110000000010101000000000,157,2561ms
100010101001000000100000000000100110,000101000000100110001100010000000001,010000000010011000000001001111000000,001000010100000001010010100000011000,141,1020ms
100011101001000000100000010001000000,010000010110010000001101000000000001,001100000000000110000010001100010100,000000000000101001010000100010101010,119,13396ms
011100000010010000000000001001001100,000010000000100011000011010010000010,100000100100000000111000100000100001,000001011001001100000100000100010000,157,233ms
101111100000000000001010010000000000,000000001000001001110000001000100110,000000000011100110000101000100010000,010000010100010000000000100011001001,138,20115ms
011011100100000000001100000000000100,000100001010001010100000000010010001,000000010001010000010011001001100000,100000000000100101000000110100001010,83,11351ms
000100011100010000001011100000000000,101000000001000001100000001000000111,000001100010100100000100000001101000,010010000000001010010000010110010000,57,8554ms
101011010000000000001000010101000000,000000000000101101000110000010000110,010000000011000000110001000000101001,000100101100010010000000101000010000,157,243ms
101110000000111000000010000000001000,010000101110000010110000000010000000,000000010001000100000100001000010111,000001000000000001001001110101100000,85,7675ms
001101011010000010100000100000000000,000000100001101100001000010010001000,110010000000010000000000000100110110,000000000100000001010111001001000001,157,1715ms
110110010010000000000100000000101000,000000001101100000001001000000010101,000001000000011110010010101000000000,001000100000000001100000010111000010,139,19129ms
011001010000001100100000000000100100,100100001000010010001001000011000000,000010000111000000010110000000000011,000000100000100001000000111100011000,87,663ms
100010011100010000100001001000000000,001000000010100000001100110010001000,000000000001000110010010000001110010,010101100000001001000000000100000101,88,82221ms
110110110000000000010100000010000000,001000001100000000000001011000001011,000000000001100011101000000100110000,000001000010011100000010100001000100,177,144ms
110010010000000001100100000000000101,000000101001000100001001100000011000,000001000100100000010010000111000010,001100000010011010000000011000100000,157,573ms
010000000011100000000011001001100000,000111000000011011010000000100000000,101000011000000000000000110000010110,000000100100000100101100000010001001,105,7573ms
000010001010000110111000000000000010,011001000000110000000100001100001000,100100100100000000000001100000010101,000000010001001001000010010011100000,125,431ms
110111000100000000000001100010000000,001000000000010111010010000000001001,000000111001000000000000011001110000,000000000010101000101100000100000110,149,1416ms
101001110000101010000100000000000000,000000000011010100101000110000010000,010010000100000000000001000111100010,000100001000000001010010001000001101,157,1784ms
011100010000000110000001000000110000,000000000000110000000100100101001110,100000101001000000110010011000000000,000011000110001001001000000010000001,157,3714ms
000100111000000110000010000000000101,011010000000000000010100011010100000,000001000001101001000001100001000010,100000000110010000101000000100011000,0,607ms
111011110010000000000000000000000100,000100000000101001000010001000111000,000000001001000100111000100001000010,000000000100010010000101010110000001,126,2051ms
011111111000000000000001000000000000,000000000000000001111100001000001011,000000000110110010000000010111000000,100000000001001100000010100000110100,120,104641ms
011111001001000000000000000000011000,000000100100010001001000001010100010,100000010000001110000000010001000101,000000000010100000110111100100000000,147,13519ms
001010001000010000101101000010000000,100001100001000100000000100000110100,000000010110101000000010010100000010,010100000000000011010000001001001001,84,4445ms
000001110100000000100000000010100101,000000000001000111000011011000000010,100100000000100000001100000101011000,011010001010011000010000100000000000,101,49905ms
001000011100010100010000000000100001,000010000001000010000000101011001010,110101100000000000000111000100000000,000000000010101001101000010000010100,157,661ms
101100010000100000110000100000010000,010011000000001001001000000010101000,000000100001010100000001000100000111,000000001110000010000110011001000000,120,15379ms
110101001000000000010000000010100010,000010000000001111001000010000010001,000000010100110000000000101100001100,001000100011000000100111000001000000,157,892ms
010001010000010010000010000001010010,000100100000001001011100001000001000,000010000000100100000001000110100101,101000001111000000100000110000000000,37,21691ms
000100101001001010000010011000000000,001000010100000000010101000000000111,010011000000100000100000100110001000,100000000010010101001000000001110000,89,12272ms
000100100000100110101000010001000000,000001001000011000000100100010101000,100000010110000001000010000100010001,011010000001000000010001001000000110,120,2748ms
101101001110000000000010000010000000,000010010000000011000001110100000100,000000100001100000010000001001110010,010000000000011100101100000000001001,121,426ms
001001101100100000100100000000001000,000010010001010100000001000101000001,010000000000001010000010001010110100,100100000010000001011000110000000010,87,14593ms
100101011000000010010000000010000001,010000000101010100001100000100000100,000010000000101000000010011001110000,001000100010000001100001100000001010,90,2689ms
000001010010001011000001001000001000,100100000100100000001010000110000010,010010000000000100000100110000110100,001000101001010000110000000001000001,18,711ms
000011011001000010010000010000001000,101100000000100000100101000000010010,010000100000010100001010000010000101,000000000110001001000000101101100000,37,5818ms
111000111010010000000001000000000000,000100000000100001011000110000100001,000010000100000100100010000101010100,000001000001001010000100001010001010,157,246ms
100011011100000101000000000000000001,000000100001001010100100100001000010,001000000000110000010010011010010000,010100000010000000001001000100101100,109,8388ms
011100110010000000000100010000000010,000011001000010000000000000111001100,000000000001000011011011001000010000,100000000100101100100000100000100001,54,229080ms
110001001001100000000101000000010000,000000000000010000001000011100101011,000010000000001011110010100010000000,001100110110000100000000000001000100,84,59024ms
011101100010001000000000100100000000,100000011000000100110000010000100010,000000000101100010000100001010001001,000010000000010001001011000001010100,102,20589ms
