000111011000010000111000000000000000,000000100010101100000010001010001000,011000000000000000000101100101010010,100000000101000011000000010000100101,142,3181ms
001110110000000010000001000010100000,100000001011110001000000001000000100,010001000000000000111000010101010000,000000000100001100000110100000001011,136,8474ms
110000010000111100000000000100001000,000001101000000011100000000011000100,000110000010000000001000011000110010,001000000101000000010111100000000001,137,5158ms
010110011000010000000011000000000010,001000100000100001100100010010001000,100001000101001010000000000100100100,000000000010000100011000101001010001,177,4756ms
000101110000000010010001000000100001,110000000000000101000000101100010100,001010001110100000100000010000001000,000000000001011000001110000011000010,84,8705ms
100111111001000100000000000000000000,010000000000000010001001011010001001,000000000010110000100100100000110010,001000000100001001010010000101000100,164,2673ms
001010101100000000000000010010000011,110100000000010000001010100000110000,000001010001001000100001001100001000,000000000010100111010100000001000100,98,2077ms
001001110100000001010000000000010100,000000001000000110000011100110000001,000100000000110000100100011001000010,110010000011001000001000000000101000,62,3616ms
011111011000000100000000000000000010,000000000001101010100000101000011000,100000000010000000000111010110000001,000000100100010001011000000001100100,177,480ms
110011110001000000000000000000001001,001000000010100010000001100011100000,000000001000011000010110001000010010,000100000100000101101000010100000100,121,6883ms
001000111000000001011000001001000000,010100000000101100000000010000101001,000000000011000010000100100110010010,100011000100010000100011000000000100,54,28368ms
010101100000001000001101000100000000,000010000100100000010000001001110100,001000011010000010100010100000001000,100000000001010101000000010010000011,95,12220ms
011000110110000000000000000001010001,000000001000001000001000111010001100,100010000000100100110011000000100000,000101000001010011000100000100000010,157,2657ms
100100011110000101000000000000001000,001011000000001000011001100000100000,010000000000000010100100011100010001,000000100001110000000010000011000110,138,15633ms
011001110001000000010000000100000100,000000000100001100000100100001111000,100110000010010001000010010000000010,000000001000100010101001001010000001,177,466ms
110110010001000000000000100000100001,000000101000000000000011001100001110,001001000000011110101100000000000000,000000000110100001010000010011010000,177,5744ms
110010001000100000100000011000001000,000101000011001010000000000100000110,000000010000010001000101000001110001,001000100100000100011010100010000000,113,36063ms
000001111001100010000000001001000000,010110000100000100000000010100100010,100000000010001001100011000000011000,001000000000010000011100100010000101,86,34714ms
011111000000100000010001001000000000,100000001000001000000010100001001110,000000010100010010101100010000010000,000000100011000101000000000110100001,136,149274ms
011110011000001000000010000000010000,000000100001010000100100000011000011,100000000110000001000001101100100000,000001000000100110011000010000001100,177,538ms
111011100000010000000100001000000000,000000001011000011100000100100000010,000100000100100000001000000001011101,000000010000001100010011010010100000,151,2402ms
000001010011010000000000101001000001,001110000000000001101000010100001000,000000000100001110010011000010100000,110000101000100000000100000000010110,4,635ms
001010110000010001100000001000000100,100001001011100010011000000000000000,000100000000000000000010000011111011,010000000100001100000101110100000000,52,12396ms
000100111000001000001000110000000001,011000000110100100000000000001011000,100001000001000001000101001000100100,000010000000010010110010000110000010,61,20808ms
000000001101100001001000001100001000,101010000000000000010110010000000110,000100110000000110000001000011010000,010001000010011000100000100000100001,36,6494ms
100011000000000000010001100000111000,010000110000100011000010000001000100,001100001100011000001000010100000000,000000000011000100100100001010000011,133,4988ms
000001001000001110110010010000000000,010000000001110001000101000010000010,000110100100000000000000101000010101,101000010010000000001000000101101000,82,14129ms
110011111000000000000000100001000000,000100000101001111001000000000000100,001000000000010000010101001010001001,000000000010100000100010010100110010,157,1967ms
101101110000000000000100000000100001,010000000000111100000000100101000100,000010001011000001101011000000000000,000000000100000010010000011010011010,157,6394ms
100111100000001000100000010000100000,000000000000010010010111100100001000,011000000111000100000000001001000100,000000011000100001001000000010010011,177,1524ms
100000011100011000000100001000000100,000100000000000010000011100010101010,000001100010000101010000010000010001,011010000001100000101000000101000000,88,2079ms
001010001001000001010010000001000001,000000100000011100001100011000100000,010000000000100000100001000110011010,100101010110000010000000100000000100,74,5847ms
111010110000100000000010000000000001,000000000010010101110000010010000100,000001001100000010001001001000011000,000100000001001000000100100101100010,130,3961ms
111100111000001000000000000000001000,000001000100000010001000101010100010,000000000000100101000111000100010100,000010000011010000110000010001000001,150,2846ms
010001010010101001000000000010000010,001100100000000100000010110001010000,000010000101010000001001000100000101,100000001000000010110100001000101000,69,28739ms
010111011000010000000000000000100100,100000000111000000001001001000000011,000000000000101111110000100100000000,001000100000000000000110010011011000,89,207278ms
111001100000000000000000010101000010,000110010001001100010000000010000100,000000000000110000101010101000011000,000000001110000011000101000000100001,157,860ms
111000000000101000000000000100001011,000100001001000010010001000010010100,000000110000000001101110001000100000,000011000110010100000000110001000000,124,27661ms
000111101010000000001000010001000000,000000000100010001100010100010000101,100000000001001000010001000100110010,011000010000100110000100001000001000,120,77626ms
010110110010000010001000000000010000,000000000000101000000111101110000000,100000000100000101010000010001001001,001001001001010000100000000000100110,156,10642ms
000101111010010000000000000100100000,110000000000001001000001010000001101,001010000000000110001010101001000000,000000000101100000110100000010010010,64,15087ms
011110001000100000000000001000100001,100001000110001010010001000100000000,000000110001000100001100000010010100,000000000000010001100010110001001010,85,10478ms
111010111000010000000000000000010000,000101000100101011000000000000101000,000000000000000100011011001100000110,000000000011000000100100110011000001,141,18058ms
110011000101000001000001000000000001,000000101010010100001010001000000010,000000010000101000010100000110110000,001100000000000010100000110001001100,153,5964ms
000011110100000000100000110100000000,000000000000000101001001001010001101,010100001001100000010010000001100000,101000000010011010000100000000010010,108,1521ms
011010101001001010000000000000000001,000000000000100101000001110011000100,000101000010000000100110001000100010,100000010100010000011000000100011000,98,9237ms
101010100000000000100101000010001000,000101011000110100000000000000100001,000000000101001010001010100000010010,010000000010000001010000011101000100,106,105859ms
011101100001000110000000000000010000,000000011000110000010100110010000000,000010000110000001000011001000100010,100000000000001000101000000101001101,99,26029ms
111000111000001000000000000010010000,000100000010110000100010100000001010,000000000000000011011100011100100000,000011000101000100000001000001000101,146,1361ms
001110101000000000000000100101000001,010001000001001001111100000000000000,000000000100010010000011000010011100,100000010010100100000000011000100010,106,107508ms
110000101001000100000000000110100000,000011000010000010111001000000000010,001000000000001001000000110001010101,000100010100110000000110001000001000,143,4867ms
011110111000001000000010000000000000,000000000000000111101000000010001101,000001000110100000000001100000110010,100000000001010000010100011101000000,128,18791ms
111010011000000000000000010010000001,000001000000001001101011000101000000,000100000001000100010100001000100110,000000100110110010000000100000011000,135,6827ms
101011100000001000000000000100000101,010100000100110100010011000000000000,000000010010000000000100011001110010,000000001001000011101000100010001000,116,41858ms
001111011000000010000000100100000000,000000000000101101010010010000001010,010000100000010000001100000011010100,100000000111000000100001001000100001,100,23618ms
000110110110010000000000000001000001,000000001000001101000101001000011000,110001000000100010010000000010100100,001000000001000000101010110100000010,164,1598ms
110110001000100000000000000000001110,000000010010010001000110000110010000,000001000001000010010001011000100001,001000100100001100101000100001000000,112,12483ms
000111110000001000000000100010000001,000000001010000001001000010000011110,110000000100010110010000000101000000,001000000001100000100111001000100000,177,420ms
001111010000100000100000000000100100,100000000010000100010001010100001001,010000101001001000001000100011000000,000000000100010011000110001000010010,95,10555ms
110011101001000000010001000000000000,001100000000110110000100001000100000,000000010010001001100000010010010001,000000000100000000001010100101001110,141,5612ms
000000101000000000011001011000100001,100010000011110000000100000100000010,010101010100000010100010000001000000,001000000000001101000000100010011100,99,11269ms
001110111000000000000100010000100000,100001000100001101001000001000000100,010000000010100010010010000101000001,000000000001010000100001100010011010,112,44819ms
100011011000001100000010000000001000,011000000000100001010100100000000011,000100100110010000100001000001000100,000000000001000010001000011110110000,125,2540ms
101100001000000000010001011001000000,000000100001000100101000000100100101,000010000000001011000100100010011000,010001010110110000000010000000000010,80,15509ms
111110101000001100000000000000000000,000000000101000010001111100100000000,000001010000100000100000011001000101,000000000010010001010000000010111010,177,14925ms
010001110000000001010001000000010001,100000000100000000101100100010100010,001000000010001100000010011101000000,000110001001110010000000000000001100,63,10400ms
100001010100110100000001000000001000,000110001011000000000100001001000100,010000000000000010101010110110000000,001000100000001001010000000000110011,139,434ms
111100001101100000010000000000000000,000000000010011001100000111010000000,000000110000000100001010000000111010,000011000000000010000101000101000101,129,10526ms
000001110000000110000100000001110000,100100000100000000001001001000001110,010010001000100001110000000110000000,001000000011011000000010110000000001,99,2159ms
010011000000010000000000001000101101,001000110100001100010100000001000000,100100000000000001101000110100010000,000000001011100010000011000010000010,139,5334ms
101001101000000000000000100000100011,010000010010100000110000001000010100,000110000001010101000000000110001000,000000000100001010001111010001000000,152,13406ms
111110010100000000000000010000100000,000001000001100001000101100101000000,000000001010000000101010000010001011,000000100000011110010000001000010100,166,1125ms
101110101000001000000001000000000001,000001010010000000101000001100000110,000000000000100101010000100011011000,010000000101010010000110010000100000,128,14707ms
010000110101000001000100100010000000,000101000000011100001010000000100001,101010001000000010010000011000000010,000000000010100000100001000101011100,141,7303ms
001101111001000000000000000100100000,000000000000000010110101001001001100,010010000010111000000000110000000010,100000000100000101001010000010010001,105,15191ms
100101101000110000000100000000001000,000000000000001101001001000001110010,010010000000000010000010101010000101,001000010111000000110000010100000000,107,4604ms
111100010000110000000000100000000100,000011001100001000000001011100000000,000000000001000110000010000010011011,000000100010000001111100000001100000,116,11856ms
111110111000000000000000010000000000,000000000010011000111010100000001000,000001000001000001000001000101110001,000000000100100110000100001010000110,177,1315ms
100000001100100000001100100110000000,001010000000010001000010010001001010,000001010001001110000001000000000101,010100100010000000110000001000110000,95,1108ms
110100110000100100000000000000001001,001001000000001001000011100100000100,000010000110000010001100001011000000,000000001001010000110000010000110010,136,2486ms
011001100000001100001100001000000000,100100000000010011000001000001000011,000000010001000000010010010110110000,000010001110100000100000100000001100,72,13653ms
100001110000000010100001000010100000,000000001001010101000010010100000010,011000000010000000001100001001000101,000110000100101000010000100000011000,134,453ms
000010000010000110011110001000000000,010100010000001001000000100100001010,001000001101110000000001000000110000,100001100000000000100000010011000101,0,38309ms
011000111000100010000000000101000000,100000000010000001110010100000101000,000010000100011100000000001000010110,000101000001000000001101010010000001,110,19663ms
100101001010010000000000000000111000,001000110000000100010100101000000010,010010000000100000001000010110000101,000000000101001011100011000001000000,135,35834ms
000110111000010000100000000000101000,111001000000101010000011000000000000,000000000010000000000000111110000111,000000000101000101011100000001010000,62,36455ms
100011101100001000000100000010000000,010100000000010001110000000100001010,001000000001100010001010011000000001,000000010010000100000001100001110100,107,6813ms
100100010100100000010010010000010000,000001100000000100100101000011001000,001000001011011001001000000000100000,010010000000000010000000101100000111,116,12719ms
011011100100000000001100000001000000,000100010001100000010011000100001000,100000001010010010100000001000010100,000000000000001101000000110010100011,157,318ms
000001100001001001000000000001100101,001000000110110000000001000000011010,110000010000000000000110111010000000,000110001000000110111000000100000000,95,62273ms
100111110000000000000000000010001010,010000000110010001010110001000000000,000000000001100000100000110000110101,001000001000001110001001000101000000,122,62021ms
010010100011000100000010010000000010,000101000000100001001000001011001000,000000000100010000010100100100110100,101000011000001010100001000000000001,74,27711ms
100110011000001000001000000100000010,001001000010000010010101000001010000,010000100000000000100010101010001100,000000000101110101000000010000100001,177,564ms
001100111000000100001010001000000000,010000000011010011000000010001000001,000010000000100000000101100010011010,100001000100001000110000000100100100,50,7989ms
001011100010000010100001100000000000,100000000100010100010110010010000000,010000011000000001001000001000001101,000100000001101000000000000101110010,93,155941ms
011000101001000011000010100000000000,000000010000101100100100000100000110,100001000000010000010000010011101000,000110000110000000001001001000010001,140,4884ms
101011010000001100001010000000000000,000000000100010001010000001101100001,000100001010000010100001010010010000,010000100001100000000100100000001110,143,3511ms
001100011000001100001001100000000000,110011000000000010000100000100100100,000000000001110001100000010001010010,000000100110000000010010001010001001,40,31211ms
110010000000110000101000000000101000,000100010010000001000101011010000000,000000001101000010000010100101010000,001001100000001100010000000000000111,145,872ms
000011010011000000010010000000101000,010000001000111001000000000001010100,000100100100000000100000011010000011,101000000000000110001101100100000000,53,9604ms
000101000010101000000011010100000000,010010000000000000110100100001110000,101000110000010011000000000000000110,000000001101000100001000001010001001,125,14371ms
110110101001000010000000000000000010,000000000000101101000101000111000000,000001000100000000100010101000110001,001000010010010000011000010000001100,177,649ms
100010011000000000010100010010010000,000100100001000000001001100101000100,001001000000110111100010000000000000,010000000110001000000000001000101011,137,11844ms
010110111000010000000000000010000010,001001000001001000000011100001000100,100000000000100101100000010000111000,000000000110000010011100001100000001,161,23326ms
011001000010010000000000100011100000,100100010000100000000010001000011001,000010101001001001000101000000000100,000000000100000110111000010100000010,38,11865ms
111100011010000000000000000110000000,000000100001110101000010000001100000,000000000100001010000101100000000111,000011000000000000111000011000011000,157,76ms
111111111000000000000000000000000000,000000000101100000100010100100000101,000000000010001010010100000001011010,000000000000010101001001011010100000,177,75ms
000100101000000100010110000110000000,001001010010110000000000101000010000,110010000000001010000000000001100011,000000000101000001101001010000001100,124,15417ms
000001000011000100101010000000100010,000000010000010011000100000001010101,101000100100100000000001001010001000,010110001000001000010000110100000000,101,4392ms
110000110000001001100000000010000001,001010000001010000010011000000010010,000101001010000100000000011100100000,000000000100100010001100100001001100,131,843ms
001001011000010100010000000000001010,000100000101000001000000011101100000,000010000010001010000110100000010001,110000100000100000101001000010000100,26,1174ms
000000011010010000010000000100010011,010110000000000001001000110000001100,100000100101001100000000000011100000,001001000000100010100111001000000000,82,124267ms
111011001100000100000000000000000100,000000000010010000100111010110000000,000100110001001000010000001000010001,000000000000100011001000100001101010,143,2992ms
000010001011000010000000000110011000,000000010000010101100110000000000011,100001000100101000000001000001100100,011100100000000000011000111000000000,40,105443ms
100001011011000010010000000000010000,000000100100001100000000100101000110,011100000000100000001101001000000001,000010000000010001100010010010101000,142,5837ms
010000010010010101000000010010010000,001000000001100000111000100001000001,000111001000000010000001001000101000,100000100100001000000110000100000110,75,3323ms
001000101101000000000001100000101000,010100000000010000000000001011010101,000011000010001010100010010000000010,100000010000100101011100000100000000,49,11273ms
010101000100101001000000000000100100,100010000010000000001110111000000000,000000111000000010100001000111000000,001000000001010100010000000000011011,112,21298ms
001100001010100000110000000100010000,000000000000010001001010110001001001,110001110100000100000000001000000100,000010000001001010000101000010100010,157,42ms
000101010110000101000000000001000001,001000000000111010100000000100100100,010010100001000000000001111000001000,100000001000000000011110000010010010,77,108217ms
010001001111000000000000000110000001,101000100000010011010000001001000000,000010000000100000000110110000001110,000100010000001100101001000000110000,69,4795ms
000011011000100100001100000001000000,000100000100010001000001011000001010,101000100010000000010000000010100101,010000000001001010100010100100010000,108,3112ms
001110100000000000000001111000000001,000001000011000010001000000011010100,100000011000010100100010000000001010,010000000100101001010100000100100000,145,4976ms
000011000001000010001110100000000001,010000000110101100000000011001000000,101100010000000000010001000000110010,000000101000010001100000000110001100,128,8979ms
001001000000000001001011101001000000,100100010100000110000100000100000010,000010001000010000010000010010101001,010000100011101000100000000000010100,0,2600ms
101111000100010010000000000000001000,000000100001001100000010000100110100,000000010010000001010001011001000001,010000001000100000101100100010000010,152,3302ms
000110101001000010100000001100000000,011001000000010001000000000011010100,100000010000001100010010110000100000,000000000110100000001101000000001011,117,68521ms
111110000010010000000000000100000010,000001010000100000010010000010001101,000000001100001111100000000000110000,000000100001000000001101111001000000,177,370ms
011001111000000000000101000000010000,100010000100011000100000010101000000,000100000011000001010010100000100001,000000000000100110001000001010001110,84,25173ms
100111001000000100010010000000000001,010000100011110001000001000001000000,001000010000000000001000100110011010,000000000100001010100100011000100100,152,52071ms
011001001100000000011000000100000100,000010010001010111100010000000000000,100000100000001000000000111000110001,000100000010100000000101000011001010,144,5775ms
101010101010000000000001000000101000,010001000001000100000010000111000001,000000000100010001110000111000000100,000100010000101010001100000000010010,136,8666ms
100010110101000100000101000000000000,000000001000100000010000011110010001,001100000000000011000010000001101010,010001000010011000101000100000000100,116,31200ms
000011100001000000010011000000100100,000100000000011110000100000011001000,011000010110000001000000010100000010,100000001000100000101000101000010001,101,14557ms
101110111000100000000000100000000000,000001000000001100001001011100000010,010000000001010000100100000010101100,000000000110000011010010000001010001,177,1769ms
001010100001000000010001100010100000,000001010010001100100000001000000101,010000001000110000001000010100011000,100100000100000011000110000001000010,73,2436ms
100101110000000000100001101000000000,011010000100000000011100000001000100,000000001010110000000010010100110000,000000000001001111000000000010001011,117,40238ms
100100101000000010000001000010000011,010000010000101001010000001101000000,000001000011000000100110110000001000,001010000100010100001000000000110100,96,11656ms
000110000100000010000000100000111001,110000000000001000010100010101000010,000000011011100001000010000010000100,001001100000010100101001001000000000,20,4577ms
111000100010001000010001000000000010,000001000000000011101010001001001000,000000011001100100000000100100010100,000110000100010000000100010010100001,144,2305ms
111011111000000001000000000000000000,000000000001000010101000010101010010,000100000000010100000011101000000101,000000000110101000010100000010101000,143,1813ms
101010010000000101001000001000000100,000101000000010000000000010011010011,010000101101000010100101000000000000,000000000010101000010010100100101000,153,31199ms
011101110000000010000000000000100010,000000000001001100101001000101000100,000010001100010000000000111000001001,100000000010100001010110000010010000,91,16792ms
001011111000000010000001000010000000,000000000010110101010100000100001000,000100000100001000001010000001010101,110000000001000000100000111000100010,59,5420ms
001100110000000000100000100110000100,110010001001001000000000010000000011,000000000110000111001100000001001000,000001000000110000010011001000110000,76,18711ms
011011011001100000000000000000100000,000100100000000101101101010000000000,000000000000011000000010101110010100,100000000110000010010000000001001011,87,640757ms
000010100000000001100100100101000010,001000001000100000010001001000110100,010000000010011010000000010010001001,100101010101000100001010000000000000,27,15418ms
011111100000000000100000000001000001,000000001000001010000010001110101000,100000000001000101011101000000000010,000000010110110000000000110000010100,177,794ms
110111001000000010000001000000100000,000000100000011000010100110000010100,000000010011000000100010000110000011,001000000100100101001000001001001000,177,130ms
010101001001000000000001100100000010,000000100000110000100000010010001101,001010010000000101011000000000110000,100000000110001010000110001001000000,70,8027ms
110011010000000001000000000001001100,001100000001010000001010110010000000,000000001000100100100100001100010010,000000100110001010010001000000100001,157,1951ms
001101001001101000000000001000000100,100000110010000010000100110001000000,000000000000000100011001000010101011,010010000100010001100010000100010000,31,15269ms
001110011101000000010000001000000000,110001000000000011000001100011000000,000000000010111000000010000000111001,000000100000000100101100010100000110,103,40075ms
111111010000000000010001000000000000,000000000000000100100100001100101110,000000101101000001000010100000010001,000000000010111010001000010011000000,163,687ms
011101011010000000100000010000000000,000010000001100000000010001000110101,100000000000011100011101000000000010,000000100100000011000000100111001000,157,1426ms
001101010000000000000010100000110010,100010001011001000000000011100000000,010000000000110110101100000000000100,000000100100000001010001000011001001,78,14249ms
010000100110000100001100000000100001,001000010000101010010011000001000000,000011000000010001000000101000011100,100100001001000000100000010110000010,34,1345ms
100001001000100111010000000000100000,000000010100011000000100101000000110,000000000011000000101010000011001001,011110100000000000000001010100010000,90,23236ms
101010110000001100000011000000000000,000001000100000000111000100000100110,000000001011100001000000010110001000,010100000000010010000100001001010001,109,9267ms
101000110000000010010000000100000011,000000000010000001001101000011100100,000001001100001000100010110000010000,010110000001110100000000001000001000,139,10788ms
001111111000000000010010000000000000,100000000110101000100100000100000100,010000000000010000001000100011100011,000000000001000111000001011000011000,112,41263ms
010010111000001010000000000000010010,100101000000000100000000111100001000,001000000101010001111000000000000100,000000000010100000000111000011100001,100,6376ms
000111010001000100000000011000000010,011000000100000010110001000100100000,100000100000110000000000100001010101,000000001010001001001110000010001000,96,5249ms
001101011010000000000000010000010100,100000000101010110010001000000000001,000010000000001001000100100101001010,010000100000100000101010001010100000,57,23317ms
111001000010001000001100000000100000,000100100100000100110000101000000100,000000000001000011000001010100011010,000010011000110000000010000011000001,105,26480ms
111000011010001000000000000000011000,000000000001000011111010000011000000,000001100100110000000000000100100011,000110000000000100000101111000000100,157,1426ms
111010101000100000000100001000000000,000000010111011000001000000000101000,000101000000000110000010100100010010,000000000000000001110001010011000101,139,5019ms
101001000100001001100000100000000010,000010000001000100000110001000011001,000000010000110000011001010100000100,010100101010000010000000000011100000,104,17840ms
010111110000000010100000000000100000,101000001100000000000110100110000000,000000000011101001001001000000001100,000000000000010100010000011001010011,84,12947ms
010001111010000000000100000001000001,001010000001101110001000010000000000,100000000100000000000010001110001110,000100000000010001110001100000110000,157,27215ms
010100010000100011001000000000100010,000011000001000000000010100011011000,101000101010001000010100000000000001,000000000100010100100001011100000100,118,23349ms
101010011000000001001000100100000000,010100100000010000100001010000011000,000001000101000010000110001010000100,000000000010101100010000000001100011,117,5235ms
010101110000100000000101000010000000,000000000111001101000000010001010000,001000000000000010111010001000001001,100010001000010000000000100100100110,74,27768ms
101010000000010000000000001001011010,000100011101100000000010000100000100,000001000010001110000101000010000001,010000100000000001111000110000100000,70,24192ms
100000110000000101000100010000100010,010000000010010000011000101100010000,001000001001001010100000000010001100,000111000100100000000011000001000001,90,677ms
010011010000010011000000100010000000,000100000001001000010110000100000101,101000001010000000000000010001110010,000000100100100100101001001000001000,139,6239ms
110101110100000000000110000000000000,000010001010111010010000000100000000,000000000000000001000000010011011111,001000000001000100101001101000100000,117,5027ms
010110100000000100010000000010010001,100001001010010010000110000001000000,000000010000100000101000100100101100,001000000101001001000001011000000010,130,15685ms
110110111000000000000000000001000100,000000000000001010110000100000111001,001000000100100101001110010000000000,000001000011010000000001001110000010,177,3713ms
101011000010000000101100000000000100,000000000101001001010010100101000000,000100111000100100000000000010100010,010000000000010010000001011000011001,136,4768ms
010011101001100000000000000000001001,100100000100000001010100100000010010,000000010000010110101011000010000000,001000000010001000000000011101100100,57,8480ms
000010111000010101000100000000000001,101000000011000000100010000010100100,000001000100001010000001001100011000,010100000000100000011000110001000010,48,8420ms
101101010001010000000000010000000010,000010100010100100000001000100001100,000000000000001001110000101011000001,010000001100000010001110000000110000,108,15296ms
110100010000000000001000011000011000,000011000010010100010000000100000110,001000100100100010000010100010100000,000000001001001001100101000001000001,131,4795ms
101110001000000000000010000010011000,000000110001010100011100000100000000,000001000010100001000001000001100011,010000000100001010100000111000000100,152,2007ms
110010101100000010000000011000000000,000100000000001001000000000011011110,000001010010100100001011000000000001,001000000001010000110100100100100000,140,11812ms
110101010000000001000100001010000000,000010100010000000011010100000000110,001000001100110000100001000000110000,000000000001001110000000010101001001,157,697ms
010111001000010000000000001001001000,100000010000000100111010000100100000,001000100001101000000100000000000111,000000000110000011000001110010010000,79,18354ms
111001110000000000000100000001000010,000100001110000101000010100000001000,000010000000010000111001000100000101,000000000001101010000000011010110000,157,1034ms
110001011010000110000000000000000001,000100000000001000010010101010100010,000000000001110001001000000100011100,001010100100000000100101010001000000,131,24578ms
011011111000000000000000100000001000,000100000101010000100110000010100000,000000000010100110010000001001000110,100000000000001001001001010100010001,87,40027ms
101100110001000000000010000000000110,010001000100010101001000010000000001,000010000010100010110100100000100000,000000001000001000000001001111011000,120,23623ms
011100001000001010000000010000110000,000001100011100100001000000000001100,000010010000010001010010101001000000,100000000100000000100101000110000011,65,14560ms
011010100110000100000100000000100000,100001000000001000100001001000011010,000100011000100010000000110010000001,000000000001010001011010000101000100,75,13547ms
101100100100000000010000100001001000,000010010000101011001000010000010000,010001000011000000100010001000100001,000000001000010100000101000110000110,157,555ms
010100100001010000010100100100000000,000010001110000011000001001000010000,001001010000100000100000010000001011,100000000000001100001010000011100100,104,9257ms
110100001000001000010100100001000000,000000010011100100000001000000101010,001010100100000010001010000100000001,000001000000010001100000011010010100,157,225ms
001101101000000100000000001000000011,010000000000010001001101000101001000,000010010011100000010010100000100000,100000000100001010100000010010010100,43,6507ms
101101001101000000000000000010001000,010010000000110010000000000001110010,000000010000001100001000011100000101,000000100010000001110111100000000000,143,72904ms
110101111000010000000001000000000000,000000000110000101010000100001100010,000000000001101000100010011000001100,001010000000000010001100000110010001,140,5642ms
001000001100000001010100100000100100,000101010010100100000001000101000000,110000100000010010101000001000000010,000010000001001000000010010010011001,136,1847ms
110100100100010001101000000000000000,001000001000001000000001000111000011,000001010011100000010100100000001000,000010000000000110000010011000110100,157,566ms
101101101001000000000000001000100000,010000000000101010001001010010000100,000010010000010000010010100100001001,000000000110000101100100000001010010,133,2138ms
101111100000010000100000010000000000,000000000000001010011001000000110110,010000010110100000000100100010000001,000000001001000101000010001101001000,177,142ms
011000010000000101001000100000110000,000001001100001000000111000000000101,100010100001100010000000000101000010,000100000010010000110000011010001000,139,4360ms
101100101000000000000101000100010000,010000010001001100010000000010000011,000000000100100001101000101000100100,000011000010010010000010010001001000,133,2754ms
110001111000000000000000100000010100,001010000000100001100010010010000010,000000000111000010011000000101000001,000100000000011100000101001000101000,157,781ms
101101011000010100000000000000100000,000010000100100000000010111000000110,000000100010000011101000000011000001,010000000001001000010101000100011000,130,1026ms
100111010100000010000000000001000100,010000100000010101010001110000000000,000000000000001000101010000110110001,001000001011100000000100001000001010,152,48828ms
000000010100010010010010000110000001,101000000000001000101001000000110100,000011000000100100000100101001000010,010100101011000001000000010000001000,13,1797ms
000011101000000010000001000100011000,101000000000100100000000011000100110,000100010010010000110000100011000000,010000000101001001001110000000000001,85,6510ms
000111111000001001000000000000010000,000000000111100000110000010000001001,001000000000010010001011000010100100,110000000000000100000100101101000010,59,10194ms
110010111000000000000001000000100100,000001000000101010010000011000000011,001000000000010000101110000011010000,000100000111000101000000100100001000,157,182ms
000011001010001000010010000100001000,000000100100000000001001010011000101,010000010001110001000100100000100000,101100000000000110100000001000010010,43,4518ms
011011101000010000001010000000000000,100000000011001010100100000000011000,000100000100000000010001101011000100,000000010000100101000000010100100011,107,11990ms
111011000010001000000000000000101000,000100100000000011010010101100000000,000000011000010100101000000001000110,000000000101100000000101010010010001,122,7925ms
000110011000101000001100000000000100,001000000011010100000000100101000010,000001000100000010010001001000011001,110000100000000001100010010010100000,52,4683ms
101000011000000000001100010001100000,000100000100100100000010101000011000,010000100000011010010000000010000011,000011000011000001100001000100000100,134,1971ms
000010011010000000000000011100100010,101001000100000011000001000010001000,010100000000110000011100100001000000,000000100001001100100010000000010101,58,6531ms
011101000000110000100010100000000000,000000010010000000011000001010101001,100010100000000011000100000100010010,000000001101001100000001010001000100,157,1277ms
111010010001000100000010001000000000,000000100000110001000001010001001100,000000001110001010011100000000000001,000101000000000000100000100110110010,157,8627ms
001100100000010000001001100001100000,110000000010100000000110010100000001,000010001100001110010000001000010000,000001010001000001100000000010001110,43,4933ms
011000001000001001101000000000010100,000101000100010100010110000001000000,100010000010000010000000110100100010,000000110001100000000001001010001001,150,1453ms
011010110000001000100000010100000000,000100000000010110001010000010000110,100000001000000001000100101001100001,000001000111100000010001000000011000,157,173ms
100111101000010000000000000000101000,001000000100000100011000100001000101,000000000001101010100100011000000010,010000010010000001000011000110010000,108,8437ms
110101101000100000000001000000100000,001000000010001010010100100000001001,000000000001010001101010000100000110,000010010100000100000000011011010000,157,1235ms
101110011100000000000000000000110000,000000000001000011010110100100000010,000001000010100100001001000001001001,010000100000011000100000011010000100,126,4190ms
011100111000101001000000000000000000,000000000010000000010101110010001001,000000000001010010100010000101100010,100011000100000100001000001000010100,104,46987ms
001010011010000000110000000010001000,000001100000110000000000010100010011,110100000000001100000101100000000100,000000000101000011001010001001100000,143,1452ms
100011110100000100011000000000000000,000100001000000001000001110011001000,011000000011000010000010001100000100,000000000000111000100100000000110011,157,276ms
100010111000000000010010000000100010,010000000001010000101100000110010000,001100000010101110000000000000001100,000001000100000001000001111001000001,138,1219ms
111011101000010000000000000001000000,000000000100000001000001110000011101,000000010001101100001010000010000010,000100000010000010110100001100100000,118,5078ms
001001111000000001000100000001100000,110000000001000000000010100000001111,000110000110001000110001010000000000,000000000000110110001000001110010000,114,16234ms
101101111000000000000001000000000001,000010000000111001011000001001000000,010000000100000000100110100100100100,000000000011000110000000010010011010,157,105ms
110101011000110000000100000000000000,001000100101000100000000110010010000,000010000010000010010000001101100010,000000000000001001101011000000001101,131,11010ms
100101100001000000000000100001100010,001000000000100010110100000110000100,000000011100010000001011011000000000,010010000010001101000000000000011001,105,46288ms
010010010000001100000100100000100001,000000000100000011000001000101011100,100101001000000000001010011010000000,001000100011110000110000000000000010,129,8684ms
101111010010000000000000000000000011,000000100000001101000100101001001000,000000001000110000101010010010100000,010000000101000010010001000100010100,145,2149ms
011110000110100100000000000000100000,000001001000001000100010100001001001,000000110000000000010100001110010100,100000000001010011001001010000000010,132,117034ms
010111111001000000000000000100000000,000000000000010100010110010010001001,000000000100001011100000101000010100,101000000010100000001001000001100010,127,10345ms
000001011001000100100001000001010000,001100000000100000011010000000000111,000010100010000011000100000100101000,110000000100011000000000111010000000,53,4822ms
110001000000000000010011000001100001,000010000110100000001000010000011010,000100111001001010100100000000000000,001000000000010101000000101110000100,157,2654ms
111000101000011001000000100000000000,000000010101100000000111010000100000,000110000000000000111000001100010100,000001000010000110000000000011001011,177,9937ms
010001100001000000001001100000100010,001100000100100101100000001000010000,000010000010010000000110010111000000,100000011000001010010000000000001101,59,3263ms
111000001100000010100100000000000100,000001000011110000000011000000001010,000110100000001100000000001011010000,000000010000000001011000110100100001,167,701ms
011011010010000010000100000000100000,000000001001010000011011000000010001,100000000000000000100000111110001010,000100100100101101000000000001000100,157,7111ms
001000100000000100011100110000010000,010010000000101010000010000010100010,100000000100000000100000001101001101,000101011011010001000001000000000000,92,118414ms
011100010001000000010000000000000111,000000000000111110000000000011101000,100000101100000001001101000000010000,000011000010000000100010111100000000,133,21140ms
011111110000000100000000001000000000,100000001011000000011000100000000011,000000000000111000000010010111000100,000000000100000011100101000000111000,106,116144ms
001111101000000100010000000010000000,100000010010001001001011010000000000,000000000000100000100000001101011110,010000000101010010000100100000100001,111,64817ms
101111110000000100000100000000000000,000000000000100010110010000011000110,000000001000000000001001100100111001,010000000111011001000000011000000000,164,1368ms
100011001000000001000000000100011010,001000100010000010001011000001000100,010100000101010100000000100010100000,000000010000101000110100011000000001,157,1031ms
101100111001000010000000000000010000,000010000000010101100010110100000000,010000000010000000010001000010101110,000001000100101000001100001001000001,157,675ms
111100101010000000000000000100000010,000000000000000101001010101011001000,000010010101001000110001000000000100,000001000000110010000100010000110001,157,161ms
111101010001000000000000010000000100,000000001000010011010000100000011010,000010100000100000101011001010000000,000000000110001100000100000101100001,157,313ms
110010110110000100000010000000000000,001001001000000001000001010000101010,000000000001101010001000000010010101,000100000000010000110100101101000000,121,32650ms
011011110000100010000000000001000000,000000000001000100000001111000100110,000000001010000000110110000110001000,100100000100011001001000000000010001,98,10029ms
111101100010100000010000000000000000,000000010001010001000010010001100010,000010001100000100100000101100001000,000000000000001010001101000010010101,157,34ms
010111010000100011000000000000000100,100000000110010000000110000001010010,000000001001001000010001110100001000,001000100000000100101000001010100001,93,28823ms
111110001010000000000010000100000000,000001010001001110000001100000000010,000000000100000001101000011000111000,000000100000110000010100000011000101,177,250ms
100110000000000011000010000000011100,000001100001101000010100000010100000,010000010010000100001001011001000000,001000001100010000100000100100000011,101,5185ms
111111011000000000000000000000010000,000000100010100100001000001010001001,000000000001000010000111110100100000,000000000100011001110000000001000110,177,143ms
101001110000001000010000000000001010,000000001000100010100010001100100100,000010000111000000000100110011000000,010100000000010101001001000000010001,133,789ms
011111101000000011000000000000000000,000000000111010100010000000001010010,000000010000101000001110011000100000,100000000000000000100001100110001101,108,53933ms
011100100000100000000000001001000110,000011000001010010000000010010011000,100000011000001101110001000000000000,000000000110000000001110100100100001,157,9320ms
011010001000000010001000011000000100,000100010000000000000000100111110010,000001100010011001010010000000001000,100000000101100100100101000000000001,60,220817ms
111001011000010100000000000001000000,000000100111100010010000010000010000,000100000000001000101000000010100111,000010000000000001000111101100001000,146,2420ms
100111000001010000010000100100000000,001000001010001100001000010011000000,000000100000100011100010000000100110,010000010100000000000101001000011001,130,695ms
101001001000000100010110000000001000,000100000001001000101000110101000000,000010110100000011000000000000100011,010000000010110000000001001010010100,144,1494ms
111100110010000000000001000001000000,000001000000100110000100101100001000,000000001001011000110000010000000011,000010000100000001001010000010110100,157,423ms
011010010000000011000000000101100000,000000001110010100001010000000001010,000100000000001000010101101010010000,100001100001100000100000010000000101,97,2746ms
101110100000000000100010000001000001,000001011000000010001001011000001000,000000000011000100000100000100110110,010000000100111001010000100010000000,177,3103ms
010100110000000000001001010010010000,000011001001010100000000000000101001,100000000100100010010010101000000100,001000000010001001100100000101000010,120,70083ms
101000100001100000000000101100100000,000001010010001000100001000001011000,010110000100010011000010000000000010,000000001000000100011100010010000101,177,471ms
111111101000000000000000010000000000,000000010001000000000101101000100110,000000000010011111000000000011010000,000000000100100000111010000100001001,164,2724ms
000010010000110000010000010110000100,111000100010001010001000000000010000,000101001000000000000110100000100011,000000000101000101100001001001001000,36,13854ms
101000111000000010000000001100000100,010010000011000000001101000010000010,000001000100011101000000110000100000,000100000000100000110010000001011001,125,2889ms
001000011100100000110000000000010010,010001100000001100000010000100001100,000110000011000000000100000011100001,100000000000010011001001111000000000,85,12865ms
100010001000000000000011010001001100,000100000100100011000000100100100010,010000100001011100110000000000010000,001001010010000000001100001010000001,106,14001ms
101110000000001000001000001000110000,000000110011000000010011000000001010,010000001100100000000100100111000000,000001000000010111100000010000000101,173,119ms
001001101001000000100000000110100000,100010000000000100011100101000001000,000100010000001000000001010000010111,010000000110110011000010000001000000,84,12892ms
111001111001000000000010000000000000,000010000110001100010000000101000010,000100000000010011000000110010001100,000000000000100000101101001000110001,117,3680ms
111101110000000010000000010000000000,000000000010100001100100001011001000,000000000101010100001011100000000010,000010001000001000010000000100110101,157,8845ms
101111001000000001000000000010000010,000000000110100010010011100100000000,010000000000010100100100001000101001,000000110001001000001000010001010100,163,7078ms
001100101001000001000000001010010000,000001000010000010010001110000100001,110010010000111100000100000000000000,000000000100000000101010000101001110,130,13176ms
010011100000010000000010000100010100,100000001100100100011000000010001000,000000000010000010100001101001100010,001100010001001001000100010000000001,75,20295ms
010110010100000100000000000000101100,000001000011000000011110000101000000,101000000000000001100001101000010001,000000101000111010000000010010000010,170,734ms
101111011000000100000000000010000000,000000100100000011101001001001000000,000000000000001000010100110100111000,010000000011110000000010000000000111,177,302ms
001111001000000100100001000000000010,010000000000010000000010011010001101,100000010110000011001000100000010000,000000100001101000010100000101100000,177,1547ms
111110110010000000000100000000000000,000000001001000011101000100000100010,000001000000001100000010011110000100,000000000100110000010001000001011001,177,745ms
001110010000010001000100000000110000,110000000100000110100000001000001010,000000101000100000000010110101000100,000001000011001000011001000010000001,75,2502ms
110111100000000010100000100000000000,000000000001010000011000010001001110,001000011000000100000110000000110001,000000000110101001000001001110000000,171,513ms
001010010110000001010000000000000101,010000100000000010000010010011101000,100100000001001100001100000100000010,000001001000110000100001101000010000,130,3814ms
101010001000100100010000000000010010,010000010100001000000000010100001101,000100000001000010001110100010100000,000001100010010001100001001001000000,77,27958ms
111010000101000100000000000010000001,000100000010000000000100110101100010,000000010000101001010010001000010100,000001101000010010101001000000001000,145,3434ms
101110110000000000000010000000001100,000000001101110000101000000011000000,010000000010001101010101000100000000,000001000000000010000000111000110011,156,1173ms
010001101001001000000001010001000000,100000010100100001100000101000100000,000100000000000000011100000000011111,001010000010010110000010000110000000,44,27384ms
000010101101000010100000001000010000,000000000010101000001001100010000011,110100010000000000010100000101100000,001001000000010101000010010000001100,157,342ms
010010001100000001100000000000010011,100100000000000100000100010011100100,000000100010011000011010001100000000,001001010001100010000001100000001000,90,7580ms
101000001001011001001000000000000100,000010000000100000000011101111000000,010000100110000010100000010000000011,000101010000000100010100000000111000,157,2265ms
011101001001000001000000000000100001,100010000010101000010001010001000000,000000100000000010101010100100010100,000000010100010100000100001010001010,98,21067ms
100101010000000010011000000000001010,000010000001000000000110001011100001,000000001000101100100001110100000000,011000100110010001000000000000010100,102,13487ms
100010101100000110011000000000000000,000001000010000000000101001001110100,010100010000100001000010110010000000,001000000001011000100000000100001011,144,4407ms
011100000000000000001100101100000001,100000001101010010100010000010000000,000000110000000100000000000001111110,000011000010101001010001010000000000,77,359836ms
001011011001000101000010000000000000,100000100010011000101000000010100000,000100000000100010010100000100000111,010000000100000000000001111001011000,52,12318ms
001000110010100110000000100000000100,010011000000000000010101001000010001,100100000101000001100000010001100000,000000001000011000001010000110001010,116,18142ms
110000111000000010000010000000000101,001100000010010100000100001010010000,000010000100000001011001010000100010,000001000001101000100000100101001000,122,1936ms
100010100000000000000011001100001010,000000011110001010001100010000000000,011000000000100001110000000001010100,000101000001010100000000100010100001,157,9115ms
010110001000100001000100000000001100,001000100000000010101011110000000000,100000000111001100000000001000000011,000001010000010000010000000111110000,177,62942ms
001011110000000011000000000000010001,100000000100010000000110100011000010,010100000000101000101000010100100000,000000001011000100010001001000001100,103,24780ms
100100100011000001100000000000000110,000000010000000010010010101010010001,011001001100101100000000010000000000,000010000000010000001101000101101000,157,1040ms
100110101100100010000000000000000001,000000010000001000011000001011110000,011000000000010001100000110000001100,000001000011000100000111000100000010,177,515ms
011010111010000100010000000000000000,000100000000000011001001110000100001,000001000100000000100110001001001010,100000000001111000000000000110010100,123,3589ms
100010010000101000000000010001001100,010000000010010000001001100100000011,001000100000000010110110001010000000,000101001101000101000000000000110000,90,67210ms
111011011101000000000000000000000000,000000100000010000000101100100101100,000000000010101010110010000000010001,000100000000000101001000011011000010,157,131ms
001110000001000100000100110000000100,000000011100001010100000001100001000,010000100010000001000011000010100010,100001000000110000011000000001010001,70,1737ms
000011111010000000100000010001000000,101100000001101000010100000000000010,010000000000010010000010100100110100,000000000100000101001001001010001001,74,23222ms
111110100000000000000001000010010000,000000010000010100010100000100100110,000000000010001001101000101000001001,000001001101100010000010010001000000,177,3150ms
101000010100001000000000000010011001,010101001000000010100000011000000100,000010100011100100001000100100000000,000000000000010001010111000001100010,113,17923ms
111111001000000000000100000000000100,000000000011000001101010000010100010,000000100100100100010000100100001001,000000010000011010000001011001010000,177,144ms
110011011000000100001100000000000000,001000100000001000110010010000011000,000100000101010010000001001001000010,000000000010100001000000100110100101,129,18580ms
000000100000100101000010000100101010,000011010000011000000100011010000000,001000000011000010101001100000000100,110100001100000000010000000001010001,15,9485ms
011000100000010001000000110000010001,100010000000001110011110000000000000,000001001111100000100000000100000010,000100010000000000000001001011101100,113,109850ms
001010000000011010000000001010100001,100001000000100001101100010000000010,010000111001000000000000100101001000,000100000110000100010011000000010100,85,15711ms
001001010110100000010001000000100000,010000000000001000101010010010001001,100000000000010101000000100001010110,000110101001000010000100001100000000,101,8078ms
111110011000000110000000000000000000,000001000011001000010101010010000000,000000000100000000101010100000110011,000000100000110001000000001101001100,177,3096ms
100100000010000110100100000001000100,001000101101100001000010100000000000,000001010000000000011001010110010000,010010000000011000000000001000101011,103,49323ms
010100001000001010110000000000000101,100010010010100000000001100010001000,001001000100010000000100000001110010,000000100001000101001010011100000000,85,2460ms
101010111000001000000000000001000001,000000000010110100010100010100100000,000101000101000000100010000010011000,010000000000000011001001101000000110,157,242ms
110010100000000001001000100000010010,000000001010110000100100000010001100,000001000001000110010001001000100001,001100010100001000000010010101000000,82,1817ms
010111100000000000000110001000010000,000000000110110100001000110000000001,000000011000000000010001000101101010,101000000001001011100000000010000100,122,13521ms
100011111000100000000000000000010100,000000000110000010010011011000000001,011000000001000001100000000111001000,000100000000011100001100100000100010,157,120ms
110111101000000100000000000000010000,000000000000101010000011100101000100,001000000011010001010100010000000010,000000010100000000101000001010101001,177,1158ms
100101111100000000000001000010000000,010000000000000000001000101100101011,001010000010000000010110000001010100,000000000001111111100000010000000000,139,16811ms
111000010001001100001000000000100000,000001100010100000010000001000001101,000100001000000000000011100011010010,000010000100010011100100010100000000,142,5374ms
111100100000000000001000011000000001,000000001010001010010101100000100000,000010010101110000100000000010000100,000001000000000101000010000101011010,157,1980ms
001111000000100000001000000100000101,010000101000001100000010001000010010,000000000000010011110000100011100000,100000010111000000000101010000001000,103,7961ms
011111010000100000000000000010000100,000000100101000010100100000001001001,000000001010010000001001100000110010,100000000000001101010010011100000000,108,145036ms
101101000001101100000001000000000000,010010100100000001001010010000001000,000000000000000010010000000111110101,000000011010010000100100101000000010,75,100515ms
111111100000000000001000000000000010,000000011101010001100010010000000000,000000000000100010010000101101110000,000000000010001100000101000010001101,161,7048ms
011010000101001000011000100000000000,000101010000000011100001001010000000,100000100000100100000010010100010100,000000001010010000000100000001101011,150,3484ms
001111100000000011000000100000010000,000000001100000000101001000111001000,010000000011001000000100001000000111,100000010000110100010010010000100000,78,3700ms
100011010000110001000000000100000100,001100000101000000000101000010001001,010000001010000110010010110000000000,000000100000001000101000001001110010,137,19271ms
111011010101001000000000000000000000,000000001010000001111010000100010000,000000100000100000000000111011000011,000100000000010110000101000000101100,157,249ms
110101100000000001100000000000100100,001000011001001000000001010000000011,000000000000100010011010101001001000,000010000110010100000100000110010000,109,15274ms
101011001000000000101000001000010000,000000000100111100010000010010000100,000000100001000011000010100001100010,010100010010000000000101000100001001,90,31270ms
011101111001000000000000010000000000,000000000000100011110110000001000100,100000000010001000000001000100110011,000010000100010100001000101010001000,157,3340ms
011110010010000001100000000010000000,000001100000001010000001000001100101,100000000000100000001110010100011000,000000001101010100010000101000000010,177,395ms
010101011100100000100000001000000000,100010100010000100000001010000010001,000000000000011010011100000101100000,001000000001000001000010100010001110,106,6341ms
010110101000110000100000000000000010,000001000000000011010000101011010000,000000000100001100001110000100100100,101000010011000000000001010000001001,109,13806ms
000001101000010000001010000100001100,001100010110000010100000010000100000,010000000001101100000100000010010001,100010000000000001010001101001000010,27,4802ms
000000110001000001001000100101000010,110100001000010000000100000010110000,001000000010101000110010010000000001,000011000100000110000001001000001100,36,6520ms
001100010000000001001010010000000110,000001100000010010110001000000010001,010000001000001100000000000111101000,100010000111100000000100101000000000,71,58847ms
010101111000100010000000000000000100,001000000010000101000001100010001001,000010000100000000110100000100110010,100000000001011000001010011001000000,122,3599ms
000110010100000001010000000101010000,001000101010000100000000100000101100,000000000000011010001100011010000001,110001000001100000100011000000000010,67,23789ms
100110111000010000010000000000000100,010001000010000011001000000001001001,000000000001101000100001101100100000,001000000100000100000110010010010010,132,4972ms
111111110000000100000000000000000000,000000000001010010101000001100100100,000000001110100000010001010010000010,000000000000001001000110100001011001,177,69ms
110001001100010100000000000010000100,000010000010100011010011000001000000,000000010000001000100000111100001001,001100100001000000001100000000110010,142,14197ms
011001011010000100000000000010100000,000110100000010001000001000001001010,100000000101000010010000011100010000,000000000000101000101110100000000101,157,2151ms
001101110000000000000100100000010001,010010000000100100100010001001000100,000000001010010010001001000110001000,100000000101001001010000010000100010,64,16986ms
110100111000000001000000001010000000,000010000100010010001101000000000101,000000000011001100010010000000110010,001001000000100000100000110101001000,115,16915ms
101011011000000000000100000000010100,000100000000000010100010110011000001,000000100001110001001001001000000010,010000000110001100010000000100101000,110,3402ms
000100011001010100000001001000010000,010010000010101000000100010100000001,001001100100000001000010000010001100,100000000000000010111000100001100010,47,12081ms
111101101100000000100000000000000000,000000000000000101001000011101100100,000000000010110010010100100010000010,000010010001001000000011000000011001,157,209ms
001011001000000010010000010000100001,000000010000100101100010100000001100,100000100100000000001000001011010010,010100000011011000000101000100000000,132,2769ms
010101101100000000011000000100000000,001010000010000010000101010000010010,100000010000111001100010001000000000,000000000001000100000000100011101101,157,98ms
100000100100000010000000010101101000,010111000000001000100001101000000000,001000011010010100000010000000010001,000000000001100001011100000010000110,93,81011ms
100000111000000000100100010100000010,000101000001111100001010000000000000,001000000110000011000001000010101000,010010000000000000010000101001010101,133,301771ms
110010010001000000000110000110000000,000000100010011001100000001000000110,001000000100100000001001110000101000,000101001000000110010000000001010001,140,110ms
110000001100001100000001000000010001,001000000001010010100000011001001000,000010000000100000000110100110000110,000101110010000001011000000000100000,113,6557ms
011010011010000000000010000000100100,100100000000010100000100101010010000,000001100001000001101000000100000011,000000000100101010010001010001001000,95,8385ms
111101111000000000000000000000010000,000010000000010000101110010010100000,000000000110001110000000000101000101,000000000001100001010001101000001010,157,147ms
011011000000010100001000000000010001,000000100011001001010000000001100100,000000001100100000100111010100000000,100100010000000010000000101010001010,119,8241ms
111010001000001000100000010000010000,000100110000010001000110001010000000,000001000100100100001001100100100000,000000000011000010010000000001001111,157,4088ms
101000000000010011100010000100000010,010010000001101000000000100010100100,000000011010000000000100011001001001,000101100100000100011001000000010000,75,6415ms
110111111000000000000001000000000000,000000000011001101100000000010110000,000000000000110010000000110100001110,001000000100000000011110001001000001,156,1859ms
011111111000000000010000000000000000,000000000010010100100001010101100000,000000000100000000000100101010010111,100000000001101011001010000000001000,110,77753ms
100001101001000000000111000000000001,000110010000000010001000010001001100,001000000100011100100000100100000010,010000000010100001010000001010110000,124,2040ms
000110001000001000001000110000000101,000001010000100111000100000101000000,011000000110010000110001000000010000,100000100001000000000010001010101010,108,13195ms
111101000010000000000000000001101000,000000101000010011000010001110000000,000000000101100000010101000000010011,000010010000001100101000110000000100,146,2824ms
110010011000010000000010000000100010,000101100101001001001001000000000000,000000000010000110100100001010010001,001000000000100000010000110101001100,119,134804ms
110101001000000000001000011000000100,000000100111000000110100000000101000,000010010000110010000001100100000001,001000000000001101000010000011010010,136,1964ms
010011111000010000000000000100100000,000000000001101000100001101000001001,000000000100000110000010010001010110,101100000010000001011100000010000000,96,40751ms
101001010000010000000011100000100000,000000100000001101010000001010011000,010110000100000000001000010001000101,000000001011100010100100000100000010,151,1034ms
011100011000100000000000010001000010,100001000000000010110000101000100001,000000000000011001001110000010001100,000010100111000100000001000100010000,81,58581ms
011100110000000010011000000100000000,000000000000101000100100101010001001,000000001111010100000000010001100000,100011000000000001000011000000010110,98,12651ms
110101000100000001001000001000000010,001000011000101100000010010000000001,000010100000010010000000000101101100,000000000011000000110101100010010000,134,38769ms
110000100100000010010000001000000101,000101000010100001000000100110001000,001000000001000100001101010001010000,000010011000011000100010000000100010,120,3493ms
010100111001001000000010000000010000,000000000100000010001100001010001110,101010000000000101100001100000100000,000001000010110000010000010101000001,140,4433ms
110001100000000000110010000010100000,001000011111100001000000010000000000,000000000000010110000001101100001001,000110000000001000001100000001010110,136,28042ms
110001110000000101001001000000000000,000100000000110000110000000010101001,001010001101000010000110010000000000,000000000010001000000000101101010110,140,11831ms
000110100100010100010100001000000000,001000000000000011001010000101000011,000001011000001000000001100000101100,110000000011100000100000010010010000,77,6324ms
001101000001000000010001100010100000,100000010000000010001000000101011100,010000001000111001100000000000000011,000010100110000100000110011000000000,70,61673ms
101100000001011000100000000110000000,010000001010000110010110000000100000,000011000100000001000001011000010001,000000110000100000001000100001001110,132,1137ms
110100000001000110001000010100000000,001001001100001000000001000001100010,000000110000000001100110100000010100,000010000010110000010000001010001001,114,7040ms
010111000000000001011000000010000001,000000011000001110000010001100100000,100000100000100000000100100001001110,001000000111010000100001010000010000,177,2365ms
110100101000001010000100000001000000,001000000000100001110000010010001001,000010010111000000001000100000100100,000001000000010100000011001100010010,141,416ms
011101101000000000010010100000000000,100000010010100110000100010000001000,000010000100010001000001001011000010,000000000001001000101000000100110101,96,11012ms
001000010010010000100001010100100000,000011100000000000011000000001011001,000000000001100110000110100010000010,110100001100001001000000001000000100,31,13331ms
001011000000000010000101001000100001,010000110100000100011010000001000000,100000000001110001100000010010010000,000100001010001000000000100100001110,96,22351ms
000100001100011010001000001010000000,000001000011000000000010000101101010,010000010000000100100101100000010001,101010100000100001010000010000000100,54,42902ms
010001000000000011111000000000010100,001000010011100100000000000001101000,100110000000011000000010110000000010,000000101100000000000101001110000001,131,8471ms
000101011010000000010010000000010100,110000100000000000001000100010100011,000000000000001100100101011001001000,001010000101110011000000000100000000,15,42638ms
010100000000001000011000000010101001,001000000001110011000001100100000000,000011001100000100100000011001000000,100000110010000000000110000000010110,92,7244ms
010010000100010000010100010011000000,100000101011000001001000000000100001,000101000000100100000011000000011100,001000010000001010100000101100000010,40,562ms
100111011000000000001000000000101000,010000000000110000100101011001000000,001000000100001100000010100110000100,000000100011000011010000000000010011,177,324ms
011110101000000000001010000000001000,000000000101010011100100000100100000,000001010010000100000000101010000110,100000000000101000010001010001010001,88,26499ms
010100101100000100000001001000100000,000001000000010010100000100010011001,001000010011100001010100000000000010,100010000000001000001010010101000100,70,14390ms
101001100010010000010000000101000000,010000000000001010001100101000000110,000100010001100100100000000010010001,000010001100000001000011010000101000,142,76ms
100000101101001000000011000010000000,001000000010100100100000100100001100,010100010000000011001100000000000011,000011000000010000010000011001110000,119,3580ms
111101001000000000000001000000000101,000000100101010011000010001000001000,000000000000001000101000110011100010,000010010010100100010100000100010000,157,1977ms
010011001000000000000100001101100000,100100000000010010000000110000011010,001000100100001001110011000000000000,000000010011100100001000000010000101,122,14857ms
001001100000000001100010010100000100,100010000100110000001000000001011000,000000000011001110010000001010100000,010100011000000000000101100000000011,50,18317ms
110111000000000110010001000000000000,001000001010100000101000010000101000,000000010001010001000010000100010110,000000100100001000000100101011000001,137,15463ms
111001001000100011000100000000000000,000010000110000000001000010000011011,000000100000001100000000101111000100,000100010001010000110011000000100000,120,5235ms
100100001110010010100000000000000001,001000100000000000000111001001100010,000011010000101000000000110010010000,010000000001000101011000000100001100,124,6863ms
010110000100000001001000000000011100,000000010011110000010000101000000001,000000001000001110000010010101100000,101001100000000000100101000010000010,69,12669ms
010001011111001000100000000000000000,000000100000100010000001010010101001,101100000000010000000010000101000110,000010000000000101011100101000010000,157,656ms
101011111000000010000000000000001000,000100000100011001001000100010000010,010000000000000100110111000000100100,000000000011100000000000011101010001,157,1499ms
100110010000000001001000010000110000,000000101110001000100000001010000001,000001000001000100010111000000001010,011000000000110010000000100101000100,96,2739ms
101011110000000100000001000001000000,000000000100000000001010011010011010,010100000001100001000000100100100001,000000001010011010110100000000000100,157,557ms
000101100000100011000001000011000000,100000011000001100001000000000001110,000000000101000000100010101100010001,011010000010010000010100010000100000,61,6832ms
101101100000000110000000000011000000,000000001110000000100000111000000011,010000000000100000011110000100001100,000010010001011001000001000000110000,144,1201ms
011111001001001000000000000001000000,000000010110000011001001001000100000,000000000000010100010110110000010010,100000100000100000100000000110001101,96,123911ms
110111010001100000000000000000001000,000000100000001101000011001000000011,001000001110000000000000010010110100,000000000000010010111100100101000000,174,340ms
000101101000000000000100110000000110,101000000010010100110010000000000001,010010010000001001001000000010101000,000000000101100010000001001101010000,61,23640ms
110110000000000010100100010100000000,000001000001100101000001100001000100,000000101000010000011000001010010010,001000010110001000000010000000101001,177,181ms
000100000000000000100011100110000101,000000001001000011011000000001001010,000010000110110000000100011000010000,111001110000001100000000000000100000,47,8717ms
000101001000001000001100001100000100,100010000000000100010010000000101011,010000010100110010100000000011000000,001000100011000001000001110000010000,101,12969ms
101100011000000000101000001100000000,000000000101101000010010000000100110,010000100000010010000001010001011000,000011000010000101000100100010000001,157,122ms
111010100011000000001000010000000000,000001011000011100100000000000001010,000100000000100011010100100010100000,000000000100000000000011001101010101,136,2201ms
000111001001001000010000100100000000,011000000100100010001000001000100100,100000110000000101000000010000001011,000000000010010000100111000011010000,109,6121ms
000000000011000001101000000001100101,101000100100100110000001000010000000,000111001000000000000110011000010000,010000010000011000010000100100001010,75,31092ms
100001111000110000000000000100000001,000010000000001100001101010011000000,001000000000000001000010101000110110,010100000111000010110000000000001000,119,5369ms
001011101000000101001000000100000000,010100000001001010000000101010000001,000000010100000000010101000001011100,100000000010110000100010010000100010,67,5810ms
100000000011000010001000101011000000,000010000100010100100101000100100000,011101101000000001000010010000000000,000000010000101000010000000000011111,148,2942ms
110111110100000000000000000000100000,000000001000010110010000000101010100,001000000001100000001010001010000011,000000000010001001100101110000001000,164,984ms
100110100100001000000000000111000000,010000011000100010010010010000000010,001001000001000101000101001000000001,000000000010010000101000100000111100,147,14877ms
011011001000000110000100000000000100,000100010100000001000010000000111001,100000100010100000011000101100000000,000000000001011000100001010011000010,157,13324ms
010000000011100100010000101000000100,100001111000010010000100000010000000,001000000100001001000001010101000010,000110000000000000101010000000111001,30,6007ms
011101010000000000100000000000011001,000000000100011010011000100010100000,000010101000000001000101001100000100,100000000011100100000010010001000010,111,6968ms
000111000000000110000000100010001001,000000110000001001010001011000100000,001000000011000000000100000101010110,110000001100110000101010000000000000,61,22408ms
101110010000000101000000100000000100,010000000100010000000100010011100001,000001101000000000100010001000011010,000000000011101010011001000100000000,171,2602ms
010000011010000100000000000011000110,000000100001000001110100000100010001,001100000000100000001011001000101000,100011000100011010000000110000000000,50,50000ms
111100000000010100010000000100100000,000001110010001010100010000000001000,000010000000000000001101111000010001,000000001101100001000000000011000110,120,50229ms
100110110110100000001000000000000000,001001000000000000000000011010101011,000000001001000011000110000001010100,010000000000011100110001100100000000,139,9299ms
111111000100000001000000100000000000,000000101001000100011000001000010010,000000010010111000100101000000100000,000000000000000010000010010111001101,177,296ms
101111101000000001000010000000000000,010000010001100000100001000000011001,000000000000001000001100011001100110,000000000110010110010000100110000000,114,42035ms
100001000001000001000000011110001000,010110010000001010010000000001000100,000000101010110100001101000000000000,001000000100000000100010100000110011,68,9477ms
011100101000000000000000010010000011,100000000110001000011100000000010100,000011010001000000100000100001101000,000000000000110111000011001100000000,100,30090ms
001001001001001100100000010000000100,110100000000100000000010101011000000,000010010100010011001000000100001000,000000100010000000010101000000110011,75,7507ms
001111110000000000100010001000000000,000000000100100011000100110011000000,100000000001010100001001000100010010,010000001010001000010000000000101101,159,13374ms
101011101000000000000010010000000001,010000000000000010100000001010111100,000000010101001001011001000000000010,000100000010110100000100100101000000,126,2680ms
000111100101000000011000000000000100,001000001000001001000001010010011000,010000000010100110100000100100000010,100000010000010000000110001001100001,115,1756ms
101000101000010000001100001010000000,000000010000001101000010110100001000,010001000011000010000001000001010010,000110000100100000110000000000100101,121,1609ms
101001111010001000000000000000000100,010010000001000001000100000010010011,000000000000100110000001011100101000,000100000100010000111010100001000000,125,28220ms
010101010000000010000000101000001100,000000100000000000110011000011010010,101000000011000101001000010000000001,000010001100111000000100000100100000,107,43778ms
100000010100011000001001000000000110,000000000000100110010100000001011001,001100001011000000000010101000100000,010011100000000001100000010110000000,82,8699ms
001100000010100001000000100000001011,000000000001011000011000011010000100,100010110100000010100000000001100000,010001001000000100000111000100010000,105,8850ms
010010101100000000000010100000100001,100000000001000001100001001000011100,000000000000110010010100010101000010,001101010010001100001000000010000000,54,26476ms
000000111110000000001000100100001000,100111000000101000010010000000100000,011000000000000100000000011011010001,000000000001010011100101000000000110,61,8401ms
010010011001000011000000100000010000,000000000000111000000110000111000010,000000100100000100110001010000100100,101101000010000000001000001000001001,70,18342ms
110000011000000000001000110001000010,000101100100001000110010000000000001,001000000000110010000000001110011000,000010000011000101000101000000100100,142,11134ms
100100111101000100000000010000000000,000011000000000000010011100101010000,000000000000011000001000001000101111,011000000010100011100100000010000000,88,60894ms
110110100010001011000000000000000000,000000001000110000001011000010000110,000001010001000100100000101001100000,001000000100000000010100010100011001,177,912ms
101111111000000000000001000000000000,000000000000011010000010010010011010,000000000100100000100000101001100101,010000000011000101011100000100000000,177,489ms
111011110000000000000100100000000000,000000000000110010110010000010001001,000100000001000000001001010000110110,000000001110001101000000001101000000,129,2420ms
010011011010000000000000000000010110,001000100001011000000100001001100000,100000000100100101000010100000001001,000100000000000010111001010110000000,137,3776ms
111001010001100010000000000000001000,000000000000010001000100001001110101,000000000110001100011000110010000000,000110101000000000100011000100000010,125,181501ms
011001010100101100000000000000000001,000000100000000011000001100000111100,000110000001000000001110010101000000,100000001010010000110000001010000010,136,5455ms
110110110000001001000000000000000010,001001000000000100011010100000001100,000000001010010010100100010100100000,000000000101100000000001001011010001,171,4056ms
110110011000001000000000100000000010,000000100000110110011100010000000000,001000000001000001100010001100110000,000001000110000000000001000011001101,177,5155ms
101001011000000000100000000000001101,000000000000110100000111001100010000,010000100011001010000000010000100010,000110000100000001011000100011000000,142,1164ms
100011100000000001100001100000001000,000000001000101000000100010100010110,001000010011000100001000000011000001,010100000100010010010010001000100000,115,15926ms
110000000000110000000100010101001000,000010001000000111000001001000000011,001000000110001000101000100000010100,000101110001000000010010000010100000,138,306ms
100101000000000000000010010100011100,000000100111001000110000000010000010,000000010000100100001001101001100000,011010001000010011000100000000000001,57,7296ms
011001101000000000010100001000010000,000000000000000110100001010100100110,100010000001011000001010000010001000,000100010110100001000000100001000001,142,9980ms
001010111001000100000000010010000000,000001000010100000010110000100011000,000000000100001000101001101001000100,110100000000010011000000000000100011,62,38164ms
010000101001100000010000100000100001,001100000010000000000010001111001000,000010000100011000101000010000000110,100001010000000111000101000000010000,63,5519ms
011000011001000001010010000000000100,000011000000011000001001000000111000,000000000100100010100000001111000010,100100100010000100000100110000000001,102,16062ms
000100110010000000000010010001010010,000010000000000110001001000010001101,110000000000011001100000001100100000,001001001101100000010100100000000000,108,12468ms
110011100000000000011100000001000000,000000001100000000100011010000110010,001000010001101000000000101110000000,000100000010010111000000000000001101,143,1014ms
111001101000000001000000100000000010,000010000001010000000001001111100000,000100010010101110000100000000000100,000000000100000000111010010000011001,157,2433ms
110100011000000101000100000000010000,000001100010000010001010100010000001,000010000001111000000000001001000110,001000000100000000110001010100101000,101,5067ms
100100110000001010100000010001000000,000010000011100000010001100000010001,001001001100000101001000000110000000,010000000000010000000110001000101110,157,117ms
001011010000010001001000000010100000,010000000010100100110100000000001001,100000101001000000000001101000010010,000100000100001010000010010101000100,102,3295ms
100001100000001000010010000110000010,000110000011010011000100000000001000,001000011000100100101001001000000000,010000000100000000000000110001110101,157,5205ms
111101011000000000000000010000000010,000010000011000100010000000110001100,000000100000110000100010000001110001,000000000100001011001101101000000000,143,4145ms
110111011000010000000001000000000000,001000000000001000001100110010000011,000000000110100010110010000000101000,000000100001000101000000001101010100,177,478ms
110001101000011001000000000000000001,000010000010100000101100011001000000,001000010000000110010000100010010100,000100000101000000000011000100101010,136,8460ms
111000110000000110000000000000100100,000100001000000000110100100110001000,000001000110001000001011001000000010,000010000001110001000000010001010001,133,24616ms
010100011000001001000000000011000010,000000100000000100000011001100011100,101001000000110000000100010000100001,000010000111000010111000100000000000,128,66250ms
000100100100100000010000011001010000,000001001011000010101000000000100010,111010010000000000000001100100001000,000000000000011101000110000010000101,144,1040ms
000100010010000000101000001000110100,000010101001000001010010010000000010,010001000100011110000100000010000000,101000000000100000000001100101001001,61,39602ms
010000001000011011010000001000000001,100001000101100000100000000110000100,000110010010000000001001010000110000,001000100000000100000110100001001010,54,8353ms
110001010011000010000000000000001010,000100100100010000000001011100100000,001000001000100001001000100001010100,000010000000001100110110000010000001,131,1536ms
001000000011100001000001000100101000,100010110100000010010000000010000100,000000001000000100101110000000010011,010101000000011000000000111001000000,36,3835ms
101100010000000010010000010010010000,010000101010100000001100000000101000,000000000100010001000010100100000111,000011000001001100100001001001000000,126,7676ms
000010110000000000101010100000101000,011100000110001100010000000100000000,100000000001010001000001001010010001,000001001000100010000100010001000110,89,17633ms
100110001011000110000100000000000000,011000000000010001000000110000000111,000000010000001000100001001001111000,000001100100100000011010000110000000,140,4211ms
100010000000000000000011010011011000,000100100000100001100000101000000101,011001001110011000001000000000000000,000000010001000110010100000100100010,157,3890ms
010111101001000000000010000001000000,000000000000001000001101010100100101,001000010000010101100000001000011000,100000000110100010010000100010000010,101,13406ms
001101100000000000001010010000000011,100000001010000010110100000010001000,010000010101010100000000001101000000,000010000000101001000001100000110100,111,3875ms
110011001010000001000100000100000000,000100110000010010011001001000000000,001000000001000000100000110000101110,000000000100101100000010000011010001,137,63878ms
010000111000000100000010000010001001,000101000000010010000000011101000010,100010000101000001100001100000010000,001000000010101000011100000000100100,138,1872ms
100101011001000000010000100000000001,001000000000010001000001011011000100,000010000000100010101110000000001010,010000100110001100000000000100110000,104,7722ms
011000000001100010010000000001000110,000010001100001000100100000100010001,000000100010010000001010110010100000,100101010000000101000001001000001000,34,1665ms
010010110000000000100100100000001001,100000000011001000011001001001000000,001101001000000000000000000100110110,000000000100110111000010010010000000,116,38677ms
010011110000000010000101000000000100,100000000000110100001010001000001010,001100001000000001010000010011010000,000000000111001000100000100100100001,63,19534ms
001110001000001000100000000000010011,000001000110000001000010010001001100,100000110000110100001000100010000000,010000000001000010010101001100100000,145,1067ms
011110100000000000101000010010000000,100000000100100111000001000000010010,000001001001001000010010100000101000,000000010010010000000100001101000101,119,10680ms
011110110100100000000000010000000000,000001000000001000001010001001011001,100000000000000100100101100010100100,000000001011010011010000000100000010,177,871ms
