111011101000000000000000000000101000,000000000010110000100100000100010011,000100010100001001000011010001000000,000000000001000110011000101010000100,157,1000ms
110000011000000101010000010000010000,000000100001000000101001100001000110,001010000100101000000000001110000001,000101000010010010000110000000101000,148,1528ms
111011011000001010000000000000000000,000000100100000000010100100010110010,000100000001010001001000001001001001,000000000010100100100011010100000100,137,4365ms
101001101000000101010000100000000000,010010010000011000100100000000001010,000100000100000010000000010111000101,000000000011100000001011001000110000,126,17533ms
101000101101001000000000000101000000,010000010000000101010001000010110000,000100000000100000100100110000000111,000011000010010010001010001000001000,133,5214ms
101101000000000100001100010000001000,000000100000000011010001000100100011,010000000010111000100000101000010000,000010011101000000000010000011000100,136,7007ms
101000011010000100000100000000100010,000101100000001010001000001010001000,010000000101000000010001010000010101,000010000000110001100010100101000000,121,364ms
000000011010000010000101000000100101,010000000001100001111000010100000000,100101100000010100000010000000001010,001010000100001000000000101011010000,71,1597ms
110110011000000100000100001000000000,001001100100000000110000000000110010,000000000011101000000011010000001100,000000000000010011001000100111000001,121,64401ms
111000111001000000000000000000000101,000100000100001000100100010101000010,000010000000010010000011001000111000,000001000010100101011000100010000000,119,9237ms
100111001000001000001000010001000000,000000000000100100100000001110011100,000000110000010011000110000000100010,011000000111000000010001100000000001,96,8305ms
101010001001000000100000010010010000,000001000000001010001101100100001000,000100000000010100010010001000100110,010000110110100001000000000001000001,99,22353ms
011011001001000010000010000001000000,000000000000111000010101000000000111,100100110100000000000000001110010000,000000000010000101101000110000101000,157,74ms
000101011010000100000000110000001000,000000100000000011100000001110100010,111010000100101000001000000000000001,000000000001010000010111000001010100,143,2202ms
101001000001001000010100000100001000,000000000100000100101001001011000001,010000001010100011000010000000110000,000110110000010000000000110000000110,114,1657ms
110011011000000000010000000000010010,000100100100000001000011110000000001,000000000001111010000000001001100100,001000000010000100101100000110001000,107,17224ms
000011111000000010000010001001000000,010100000000110101100000000000100001,100000000010000000011001110000001010,001000000101001000000100000110010100,91,9847ms
000111000000011100001000010100000000,010000100000100011010000000010000110,100000010110000000000010001000011001,001000001001000000100101100001100000,137,2374ms
001011010001000100000010000000010010,010000000000000000111100110000001100,100000100110110010000000000100000001,000100001000001001000001001011100000,157,1894ms
100010011000000001000010100000011000,001000000000100100010101001010000100,000101000001001010000000010100000011,010000100110010000101000000001100000,106,1761ms
111000011000000110010000000000000010,000001000100100000100010010100010001,000010000001010001000100100001100100,000100100010001000001001001010001000,109,4243ms
011010101010010000010000000000010000,000000000000000001101001001011001100,100101010000100010000110000000100000,000000000101001100000000110100000011,121,17883ms
010000010010000000001111000000010001,000000000001100010110000101000001010,001000101100011101000000000001000000,100111000000000000000000010110100100,45,143728ms
101001011000010000000001000000110000,000000100000100011001100000010001010,000000000100000100110010100001000101,010110000011001000000000011100000000,133,4164ms
100000010100000000010000001011001001,000110000000100010101010010000000100,010001000000001100000101100100100000,001000101011010001000000000000010010,110,17707ms
110100001000000011000010000000010001,000011100110001000100001010000000000,000000000000010000010100101010001110,001000010001100100001000000101100000,90,103194ms
110010001011100000000001000001000000,000000110100010001000010001100000001,001000000000001100000000110010011100,000101000000000010111100000000100010,112,3139ms
111111101000000000000000100000000000,000000000101101011000100000000001001,000000000010000000010011001111010000,000000010000010100101000010000100110,164,2176ms
110110001000000011100001000000000000,000000100000100000010010011000101010,000001000001001000000000100101010101,001000010110010100001100000010000000,164,9203ms
100101111000000010100100000000000000,000000000000011000000011001110000110,000010000111000000011000100000110000,011000000000100101000000010001001001,132,1019ms
101111011000000001010000000000000000,010000000000000110101000010010100100,000000100101000000000110001101001000,000000000010111000000001100000010011,177,553ms
101110100100001000100010000000000000,000000001001010110010000000001001100,000000000010000001001100101000100011,010001010000100000000001010110010000,153,7934ms
100011111100000000010000001000000000,010000000000110010101000000110010000,000100000010000101000100010001000101,001000000001001000000011100000101010,129,426ms
000110001010011000000001000000100010,000001000001000010110100001100000001,111000010100000000001010100001000000,000000100000100101000000010010011100,177,2033ms
010100001001000000000000010101000011,000000000000001110000011100010010100,000001010000110001010100000000101000,101010100110000000101000001000000000,43,16962ms
001100111100000100000000000000100001,000000000001010000110001001100011000,100000000010100000001100110001000100,010011000000001011000010000010000010,105,58084ms
011000000000000010010000000011001110,000000100011100000000001011100100000,000111000100000000000110100000010001,100000011000011101101000000000000000,85,10214ms
001001011000100100001000100000000100,100010000001010000100000010001010010,010000000010000010000110001100001001,000100100100001001010001000010100000,72,3504ms
100010111000000010001100000100000000,001000000000100000000001110010011010,000000000101011101010000001000100000,010101000010000000100010000001000101,112,6928ms
010001110011000001010000000100000000,000010001000110000000000110000011001,101100000000001000001011001000000100,000000000100000110100100000011100010,157,811ms
111011110000000000000001000000010000,000000001010010001010000011000100010,000100000000000100101000100111000001,000000000101101010000110000000001100,157,73ms
110111010000000000000011000000010000,001000001001010001000000110000100001,000000000010000010010100000111001100,000000100100101100101000001000000010,177,13449ms
010101110000100100000000000000001100,100000000001000011001110001010000000,000000001000000000110001100101000011,001010000110011000000000010000110000,103,27648ms
011111010000001000000010000000100000,000000000010100110011100100000000001,100000101000010000000000010001011010,000000000101000001100001001110000100,164,2210ms
110001100000100101000010001000000000,000000000001000010010001100010110100,001000010000010000100000000101001011,000110001110001000001100010000000000,131,69122ms
110010111100100000000000000100000000,001001000000000001001010100011000100,000000000010011100110000011000000010,000100000001000010000101000000111001,157,775ms
111101010000011000000000000001000000,000000000110100001110110001000000000,000000101000000010001001010000011100,000010000001000100000000100110100011,129,6870ms
111101001000000001000000100100000000,000010000100100000111100000000110000,000000010001001110000001000010000101,000000100010010000000010011001001010,127,832ms
001000001000100000100000100100100110,000000010000000011000101001010001001,100011100001001000011000010000000000,010100000110010100000010000001010000,135,8164ms
010010011000001000000011100010000000,101000100110000000100000000100100100,000100000001010001001000010001011000,000001000000100110010100001000000011,53,2276ms
101101100001000000010000000100010000,000010000100000111000000100000101100,010000011010100000000010010000000011,000000000000011000101101001011000000,131,1087ms
111011111000000000000000000001000000,000000000001001100010001010000100011,000100000010010001001000101100000100,000000000100100010100110000010011000,157,59ms
011100111000001000000000000000010010,000010000100000001000011110000001100,100000000010000110101100001100000000,000001000001110000010000000011100001,157,832ms
110111111000000000000000000000000001,000000000000111000100000000110010110,001000000000000011001101010001001000,000000000111000100010010101000100000,164,772ms
001100010000011000100110000010000000,000000001010000000000001101100110010,100001100000000111001000000000000101,010010000101100000010000010001001000,107,7222ms
010010101000001000001010000001000100,001000010001010010000001100000100010,000001000010100101000000001110010000,100100000100000000110100010000001001,61,3690ms
010000101100000001100001100100000000,000000000011100110000010010000100100,101010000000000000010000001001001011,000101010000011000001100000010010000,157,213ms
110000010110000000010100010010000000,000000101000110100100001000001100000,000110000000000000000010101100001110,001001000001001011001000000000010001,163,838ms
010001010010000001000001100000100100,000000100001100000101000010100001010,101100000000000100010010000010010001,000010001100011010000100001001000000,131,2672ms
000010011010010001000000011000000100,000000100001000000001001100010011010,100100000000100000110110000001100000,011001000100001110000000000100000001,84,34722ms
100110110001000000000000010100001000,011000001100001010100000000000010100,000000000000010101010011000011100000,000001000010100000001100101000000011,127,4349ms
111110110000000000100000001000000000,000001000000001100000100000110101100,000000001101110011001000000001000000,000000000010000000010011110000010011,168,446ms
000000000100101110000001011100000000,000101000000000000101000100010001110,111000011010010000000010000000010000,000010100001000001010100000001100001,157,4259ms
110010110000000011000000000001000100,000001001000010100110000010000100001,000100000000100000000101100110011000,001000000111001000001010001000000010,157,2740ms
110010011000000000110000000000010010,000001000110101010000010100001000000,000000000000000100001101011000001101,001100100001010001000000000110100000,97,57336ms
100101100010000101000010000100000000,000010010001001000010001001010100000,001000000000110010101000010000000011,010000001100000000000100100001011100,143,787ms
010011101000001001000000010001000000,000100000100000000110010000100010101,000000000010100010001101101010000000,101000010001010100000000000000101010,40,56840ms
010010110010001000000000000100010010,001000000000000100010101001010100100,000000001100000011100010110000000001,100101000001110000001000000001001000,101,19828ms
000110100001000000000000010001010011,000001000000010010010011101010000000,000000011010100001101000000000001100,111000000100001100000100000100100000,50,5035ms
110100101000100100000110000000000000,000000000110000010010001010000011010,001010010001010000100000000110000001,000001000000001001001000101001100100,157,742ms
101110000100010001000101000000000000,000001000011001000101000000000001011,000000101000100010000000100101110000,010000010000000100010010011010000100,148,9594ms
110100100001000001000100010000100000,000011001010100000000011001000001000,000000000000011110001000100101000010,001000010100000000110000000010010101,115,24975ms
001111000000000000110000100100100000,100000001010000110000010010010000001,010000110101010000001000000000001010,000000000000101001000101001001010100,136,9621ms
111011100010000000000010000010000000,000000000101010001000000011001011000,000000001000000010111101000100000001,000100010000101100000000100000100110,157,148ms
000111110001000100000000000010100000,010000000100000000111010000101000001,101000001010000000000001011000011000,000000000000111011000100100000000110,139,3180ms
001001000000000010011110000100000100,010000000010000100100000110001100010,000100011001010001000000000000011001,100010100100101000000001001010000000,67,7412ms
001101010000110000000000000010001100,010010001100001000000100011001000000,000000100000000010111001000000110010,100000000011000101000010100100000001,40,41715ms
110101000000001100010000000000001010,000010011000000000001100101001010000,001000000101000011100010000100100000,000000100010110000000001010010000101,157,262ms
110111110000000000000000000010100000,001000000100000010100000110001010010,000000000010001100001000001100001101,000000001001110001010111000000000000,177,1573ms
001111101010100000100000000000000000,000000000000000001001100111100000011,100000010000010000000010000010111100,010000000101001110010001000001000000,154,1978ms
010001001101000000000010110000000100,000100100010000001010100000001000011,001000010000100000100000000110111000,100010000000011110001001001000000000,119,29238ms
010011010000001000001000010110000000,100000100000000001010000101000011001,001000000011110110000000000001100000,000100001100000000100111000000000110,83,3331ms
101110111000000000100100000000000000,000001000100001011001000000100001001,010000000011100100000011000011000000,000000000000010000010000111000110110,177,155ms
010110110100000000000101001000000000,001001000000011010011000000000000101,000000001000100101100000000101110000,100000000011000000000010110010001010,118,6167ms
111100011000000101000000000000000100,000001000011010000000001111000001000,000010100000100010110100000100100000,000000000100001000001010000011010011,157,1358ms
110100011000000000100010000000001100,000001100100100010000000010011010000,001010000010011001010001000000000001,000000000001000100001100101100100010,157,2034ms
011101010000000010001100000000000001,100000100010010000110000001000001010,000010001000000001000000110110010100,000000000101101100000011000001100000,83,2917ms
111110001001000000000000000010000010,000001100010010000000001001001010001,000000010000101100101000100000100100,000000000100000011010110010100001000,142,6417ms
001000100010100110000100000001001000,100000011000001001000000100100000101,010101000101000000000010001010010000,000010000000010000111001010000100010,82,11550ms
000101001000100000000011011000000100,111010000010010100000100000000100000,000000010101001000101000000100011000,000000100000000011010000100011000011,56,8159ms
111101110000100000010000000000000000,000000001100010000001010011010000100,000000000010001000000101100101001001,000010000001000111100000000000110010,141,2934ms
101111000000100001000010000000010000,010000111110010000000100001000000000,000000000001000110110000000001000111,000000000000001000001001110110101000,127,36396ms
101101010100000000000000000001000101,010000000000001100100010001110100000,000010000000110011000100010000010010,000000101011000000011001100000001000,129,2046ms
010110111001000000000000000000000101,000000000100110110100000000110010000,001001000000000001000100101001001010,100000000010001000011011010000100000,91,22646ms
101000000000011000001000010110010000,000010110101000101000000101000000000,010001000010100010100100000001000010,000100001000000000010011000000101101,125,40896ms
001111100100010000010000000000000100,110000010001000100000001010001000001,000000000000000011001110000010101010,000000001010101000100000101100010000,72,13416ms
000101101000000010100001110000000000,000010000001000000001100000011010101,010000010000001001010010000100101000,101000000110110100000000001000000010,99,18117ms
111000101000000000001000000100000110,000001000110100001100000001001001000,000100010000000000010111110000000001,000010000001011110000000000010110000,136,11714ms
001000010000100100000010110100000010,110001100110000000011000000000000001,000110000000010010000001001010110000,000000001001001001100100000001001100,39,97ms
111000001000000010010000000000100011,000010000000000001001111000101001000,000101100101010000000000111000000000,000000010010101100100000000010010100,150,2816ms
001101111000001000110000000000000000,010010000100010000001010010010000010,000000000010100010000100101000101100,100000000001000101000001000101010001,73,38038ms
110011101010001000000000000000100000,000000000101010000111001000001000100,001000000000000001000100111110000010,000100010000100110000010000000011001,157,947ms
101010011000000000001000000101000010,010001000100100000000001001010010100,000000100001011000100010100000101000,000100000010000111010100010000000001,132,4145ms
100100011000010101000000010000010000,010001100001000000011001000100000100,001010000000100010000010000001100011,000000000110001000100100101010001000,69,18604ms
011001010000000010001100010000100000,000110001100101000000000100101000000,100000100000000000110011001000010001,000000000011010101000000000010001110,157,27904ms
011110111001001000000000000000000000,100001000100100000000110010000100100,000000000010010000000001001101011001,000000000000000111111000100010000010,120,296779ms
111001111000000000000001000010000000,000000000110100100010000110100000010,000010000000001001101010000000011100,000100000001010010000100001001100001,157,331ms
000100001001010001001100000000100001,010000010110100010000000100000010010,001001100000000000110000010001001100,100010000000001100000011001110000000,48,3822ms
101000110000000100001100000000001001,000100000001001010010001000100110000,000010001100110000000010000011000010,010001000010000001100000111000000100,117,6303ms
111001100000000010000001000001000001,000100000100010000000000111110010000,000000010001001100001110000000000110,000010001010100001110000000000101000,106,3181ms
001001010000101001011000001000000000,000000101001000010000101000001001010,110010000110010000100000010000000100,000100000000000100000010100110110001,157,1950ms
100010000110000000000011000001000110,010001000001000100010000000100011001,001000011000000001101100100000100000,000100100000111010000000011010000000,140,8042ms
101111110000000010000000000010000000,000000001010100100000100001001110000,000000000000011001111010000000001001,010000000101000000000001110100000110,139,3335ms
011000010000000001001100011010000000,000000100101100010000001000001011000,000100001000001100010000100100000101,100011000010010000100010000000100010,69,4847ms
011011100000000000000001000101000001,000000001001000110011000000000011100,000000000100100001100110011010000000,100100010010011000000000100000100010,113,14477ms
010110010001000000000110000001010000,000001000100100010001000011000000101,100000100000011001010001100000100000,001000001010000100100000000110001010,134,8640ms
110111100000000001000000000001000010,000000001000001000001011010010010001,001000010011010000010100100000001000,000000000100100110100000001100100100,163,2079ms
111011010100000000000010001000000000,000100000000010100010001000110011000,000000101010000001001100000000100110,000000000001101010100000110001000001,150,1555ms
110000000001000010000110100000010010,001100000000100100100000000110001001,000000001010000001001001010001100100,000011110100011000010000001000000000,56,8795ms
010111101000000000100000000100000100,000000000100100001000011011000001001,100000010001001100011000000000010010,001000000010010010000100100011100000,177,165ms
100111101000100000000001000001000000,000000000100000001001000111010010100,010000010000010110000110000100001000,001000000011001000110000000000100011,160,2254ms
110111000011100000000100000000000000,001000000000000010011010001010010001,000000001100011000000000100101000110,000000110000000101100001010000101000,177,641ms
000010010011000001000000010101100000,000000000000001000001111000010000111,111100000000100100000000101000010000,000001101100010010110000000000001000,140,9616ms
100011100000000000010000111100000000,001000010010101000000001000000110001,000100000100010100000110000010001010,010000001001000011101000000001000100,111,3563ms
000111111101000000000000000000000001,100000000000000110001000010111000010,000000000010001001110010100000001100,011000000000110000000101001000110000,91,8516ms
001001111100000010000000000000010001,000010000000010000111000100000001110,000100000000001100000001011011100000,110000000011100001000110000100000000,75,1467ms
100101011001000110000000000010000000,010000000000101001100100000000011010,000000100110000000001011110000000100,001010000000010000010000001101100001,121,4279ms
101100100000000000000011000001100001,000000001011100110010000100000000010,000000000100001001001100001010001100,010011010000010000100000010100010000,94,55616ms
010100011001000000001000000001001010,000001100010000000010000001100100101,000000000100110100000111100010000000,101010000000001011100000010000010000,55,34266ms
101000010000001000100000011110000000,000100001101010000011100000000000001,010011000000000001000010000001011100,000000100010100110000001100000100010,157,170ms
100011001001010000000001000001010000,000000100110000001000000010010001101,001100000000000100111000101000000010,010000010000101010000110000100100000,141,7466ms
100101010000000100001001001000000010,010000101001010000110000100000000001,000000000010100001000100000011011100,001010000100001010000010010100100000,63,32598ms
010101000100010000000010000011100000,000010001000100000001100111000000010,000000110001001101010000000000010001,101000000010000010100001000100001100,53,4846ms
110110000001000100100100000000000001,000001000010011010000010000101010000,001000100100100001010001010010000000,000000011000000000001000101000101110,177,4059ms
111111100100000000100000000000000000,000000000001001001010010101000010001,000000011010010000000100010100001100,000000000000100110001001000011100010,177,20ms
001001100000000001010110000001000001,000000011011000010000000100110010000,010100000100010100100000000000100110,100010000000101000001001011000001000,95,7286ms
011110100000010110000000000000001000,100000000010000000110101001011000000,000001001001001000000000110000100101,000000010100100001001010000100010010,90,11056ms
001100110010000010000011000000000001,000000001001000000101100010011001000,000000000100010100010000000100110110,110011000000101001000000101000000000,52,105289ms
111101111000000000000000000000000100,000000000100001111000110100000001000,000010000000010000111000000100010011,000000000011100000000001011011100000,157,51ms
011001100100010010000000010000001000,000000000000000001001010100110110001,000010010001001000100101000001000010,100100001010100100010000001000000100,91,36269ms
001000110000000001010001001010100000,100001001000000110000000110000010001,010010000010100000100010000101001000,000100000101011000001100000000000110,107,674ms
101011110000000101000000000000010000,000100000100110000100101010010000000,010000000000000010010000000001101111,000000001011001000001010101100000000,157,1247ms
110110110001000000000100000000000100,000001000000001000100010011001001010,000000001110000000010001100010010001,001000000000110111001000000100100000,172,1433ms
100100111010000010000001000001000000,001000000001110000011100000000010100,000010000000000001000010101010101001,010001000100001100100000010100000010,74,4143ms
010010010000001000000100001001001010,000100001001110011000000100000000001,000001000110000100010001000010010100,101000100000000000101010010100100000,44,28288ms
001011000001110000001000000010001000,100000000000001110000100010001010100,010100100000000001000001000100100011,000000011110000000110010101000000000,86,126523ms
001111001000000001000000000000010101,010000000000100110000001001101000010,000000000101010000001010110010001000,100000110010001000110100000000100000,96,19667ms
101010000010000010100000100000110000,010000000001011100000010001100001000,000001111000000000010000010010000110,000100000100100001001101000001000001,136,1059ms
000010111000001100010010000000010000,001000000010100010000101000101000010,100101000000010000001000010010100100,010000000101000001100000101000001001,94,6725ms
010000110001000100010110001000000000,100111000000101010001000000001000000,001000001100010001000000000110100001,000000000010000000100001110000011110,87,65068ms
111100111100000000000000000000010000,000001000001011000101000010001000100,000000000010000101000011100000100011,000010000000100010010100001110001000,133,884ms
110010010000001010000000001000001100,000000100000100100101110000000100001,000100000011000000000000100111010010,001001001100010001010001010000000000,132,38843ms
111110100010000000000000100000000100,000000001000010100101100010001010000,000000010101001001010010000110000000,000001000000100010000001001000101011,177,51ms
001110110010000000000100000100100000,100000001000100010000000100011000101,000001000100001000001011001000010010,010000000001010101110000010000001000,93,8626ms
000101010000001000000111000000001001,010010001000100010001000001001000100,000000100101000101010000100110000000,101000000010010000100000010000110010,42,1623ms
000011100100011000000000100100000001,000100010010000010101100000000000110,011000001001000101010000000011000000,100000000000100000000011011000111000,88,4366ms
101100110000000000111000000100000000,000001000000001100000001111001000010,010010000001110000000010000010101000,000000001110000011000100000000010101,157,47ms
101111111000001000000000000000000000,000000000100000011000110100100001010,000000000010100100100001001001100001,010000000001010000011000010010010100,156,1391ms
111100010010000000000100100100000000,000000101001100010000001000001100001,000001000000000100011010011010010000,000010000100011001100000000000001110,146,95ms
110011100010010010000000000001000000,001000001001001000110000010100000100,000000000100100001001111100000010000,000100010000000100000000001010101011,143,17482ms
010011100000000000101001000010001000,000100000010011110010010000000000100,100000000100000000000000011001110011,001000011001100001000100100100000000,142,8643ms
111010111000000000000000000110000000,000001000100000100010101001000001010,000000000011010000000010010001100101,000100000000101011101000100000010000,157,61ms
101111010000000000000010100000100000,000000000100000111011001000000000011,010000100000011000000100011000001100,000000001011100000100000000111010000,133,3525ms
011100010001000000001101000000010000,000001001000000000010000111101001000,100000000100111010100010000000000001,000010100010000101000000000010100110,157,55654ms
111010110000001000000000000000100010,000000000001000000010001000111010101,000101000000100011001110001000000000,000000001110010100100000110000001000,151,12390ms
110101111000000000011000000000000000,000000000000100010100001001000100111,001010000101000000000000110011010000,000000000010011101000110000100001000,157,1360ms
001011011000001000000000001000001010,000000000111000111000000000100110000,010100000000010000001110010010000100,100000100000100000110001100001000001,62,62834ms
000010101100100000011001000000000010,011100000001010011000000000100010000,000000010000001000000110001010100101,100001000010000100100000110001001000,14,8469ms
100110100010000000100010011000000000,000001000001000010010101000110000100,000000011000110000001000000001101001,011000000100001101000000100000010010,129,15729ms
010100111000001000000000010110000000,100001000000110000000011001001000001,000000000010000111000000100000110110,001010000101000000111100000000001000,57,27868ms
010101010100001100000100000010000000,000000000000000000011011010100010110,001010101000110000000000100001001000,100000000011000011100000001000100001,72,41908ms
101000001000000000001010001110010000,010110000010100010000000010001000100,000001110000000001110001000000000011,000000000101011100000100100000101000,123,7904ms
010010001001000000000000110011001000,000000010010000100101001000100000101,101100100100100000010100000000100000,000001000000011011000010001000010010,134,1240ms
011111110000000000000001010000000000,000000000111110010000010100000010000,000000000000001001101100001011001000,100000001000000100010000000100100111,127,36241ms
001010001010001000100000100010001000,100100100100000000000001001001000011,000000000001100100001010010100100100,010001010000010011010100000000010000,45,10300ms
000011011010001000000000000010010100,001000000001100010100001100000101000,010100100000010001010000010000000011,100000000100000100001110001101000000,78,9108ms
100000110000000000100011001000100100,010100000101000100010100010010000000,000011000000101000001000100100000011,001000001010010011000000000001011000,88,125593ms
011011111000001000000100000000000000,000000000001010001000010011001000110,100000000010000110101001100010000000,000100000100100000010000000100111001,157,1364ms
110100111000100001000000000010000000,000000000011010000010000110101001000,000010000000001010100101001000000011,001001000100000100001010000000110100,106,3315ms
001101001001100000000010100001000000,000000010100001100100001000100000101,100010000000010001010000010010010010,010000100010000010001100001000101000,110,3578ms
111011001100000000000000001000010000,000000010000100010000001110101100000,000000000011001100100110000000000011,000100100000010001011000000010001100,157,903ms
010000001100000100000010000010001101,000011000001001000101000011000000010,000000110000110011010100000000010000,101100000010000000000001100101100000,49,18233ms
101011000000000000100010000101001000,000100010011100010001000011000000000,010000001000001001010100100000100010,000000100100010100000001000010010101,157,10126ms
110010101010100000001000000010000000,000001000001000100000101100001100001,001100010000000010000010000100010110,000000000100011001110000011000001000,157,697ms
000001111000100000000111000000000100,010000000100000100001000001000011011,000000000001011010010000010101100000,101110000010000001100000100010000000,31,6145ms
010101100000000000011001000000010010,100000001000100001000100001100100100,000010000010000010100010010010001001,001000010101011100000000100001000000,79,26723ms
001000000001010010000100010011001000,000010001000000001101000000100100101,100100010100101000000010001000000010,010001100010000100010001100000010000,73,12190ms
100101000010000000111000001000010000,011000001000001010000000010000001101,000010010001100000000111100000100000,000000100100010101000000000111000010,74,45223ms
100111100000010000000000110000000001,001000011111000000101000000000000010,000000000000101100000101000101001100,010000000000000011010010001010110000,104,14604ms
001100101010010001000000000000001010,000010010001100100000000001100000101,110001000000001000100110100000010000,000000000100000010011001010011100000,143,16189ms
101000111000000000000000010100000011,000011000000001101111000000000001000,000100000101010000000011000010100100,010000000010100010000100101001010000,157,954ms
001011100000001100010000000011000000,000000011000100000100110010000001010,110100000001010001000000000000100101,000000000110000010001001101100010000,140,4914ms
000110111000001100000001000100000000,100000000111000001000000001010000110,010001000000010010000110010000110000,001000000000100000111000100001001001,94,11890ms
000010001000100000100000110000011100,010000100000001011001110000100000000,000001010100000000010000001001100011,101100000011010100000001000010000000,20,4111ms
101101101000000001100001000000000000,000010000001100000001010000010100110,000000010100010000010100110000001001,010000000010001110000000001101010000,157,154ms
101010110001000000001001000010000000,000000000010000101010010010101100000,000100001000101010100000100000000101,010001000100010000000100001000011010,110,2231ms
110000001000011000100000010100001000,001100010100000110000010000000000011,000001000001100000000101100011000100,000010100010000001011000001000110000,112,930ms
110001110000010000001001001000000000,001010000110001001000100000100000100,000000000001100010100000110010001001,000100001000000100010010000001110010,127,33950ms
010111001000000000000000100110001000,000000000001010010101001001001010000,101000000000101000010010010000000101,000000110110000101000100000000100010,177,652ms
110111101000000000000000000010100000,000000010110000000010110100000001010,001000000000110011101000010000010000,000000000001001100000001001101000101,177,615ms
101011001100000000000000001000001010,010000110001010010010000100000000001,000000000000101101000001000110010100,000100000010000000101110010001100000,128,8013ms
100110011010000100000011000000000000,011000000000000011100000010001001001,000001000001010000010100100110100000,000000100100101000001000001000010110,126,3006ms
101010111000000010000000000010000010,000001000110000000000000001001101101,000100000000001100001110110100000000,010000000001110001110001000000010000,146,618ms
010011110000000010100100000001000000,000100000010010000001001100010010100,000000000101101000010000011000001001,101000001000000101000010000100100010,83,13073ms
101011111000000010000000000000010000,010100000000101100000010000110001000,000000000110000000001101000000100111,000000000001010001110000111001000000,132,18265ms
000111100001001000000000001000000011,000000011100000100110010000100100000,110000000000110010000000000001011100,001000000010000001001101110010000000,140,9764ms
010100010000000011001000010100100000,001010100000101100010000001010000000,000001000001010000000110000001001110,100000001110000000100001100000010001,29,1483ms
000000010000000000100001001111100010,000010000100100001001010100000001001,001100001011010100010100000000000000,110001100000001010000000010000010100,66,44344ms
010001111000010010001000000000000001,000110000110000101000000011000010000,100000000000101000000101000001101100,001000000001000000110010100110000010,102,43013ms
100010101000110000001000000000100001,001000010000000011100100001010001000,010001000100001000010010100100000100,000100000011000100000001010001010010,140,516ms
111100000000001000100001000000010010,000000001001110000000110011000100000,000000110000000110011000100010001000,000011000110000001000000000101000101,136,7922ms
101110011000000000001000000000110000,010000100000101001000011000001000010,000000000101000100000100101100001100,000001000010010010110000010010000001,150,5809ms
111110000001000000000000000010010100,000000011000110010110000000000001010,000001100010000001001101000100000001,000000000100001100000010111001100000,177,47ms
011100001001010000000000100001001000,100001100100000100101010000000000100,000010000010100001000100000100010011,000000010000001010010001011010100000,78,13493ms
000111101010000000000010000000000011,011000000000101110001100000000100000,100000010100010000100001101000000100,000000000001000001010000010111011000,152,4508ms
110001011000000111000000000000000100,000000100001001000100110100001010000,000010000100000000011001000110100010,001100000010110000000000011000001001,157,372ms
001010111000100000000000100000010001,000001000100000110011000010001100000,010100000010011000000010001100001000,100000000001000001100101000010000110,80,5328ms
111000000000001001010000100000000110,000001010100100000001100011100000000,000010100001000110100000000011000001,000100001010010000000011000000111000,130,1070ms
010111011000101000000000000000000010,000000000111010000010011000100100000,101000000000000011000100010001000101,000000100000000100101000101010011000,155,6116ms
000101000000000110100000100100011000,010000000100100000010001001011000100,000010001011011000000110000000000010,101000110000000001001000010000100001,32,2640ms
010010111001000001000010000000000100,001000000000101110000001101010000000,000000000000000000111100010101100001,100101000110010000000000000000011010,66,85298ms
001110000000100010010000010100100000,100000010011000000100101000001000100,010001000100001001001000100010000010,000000101000010100000010001000011001,101,777ms
101100111011000000000000000000000010,010001000000011000001001000010001100,000010000100000110110010100000010000,000000000000100001000100011101100001,137,6384ms
110101011000000000011000000001000000,000010000010110001100110100000000000,000000000101001110000000001000101010,001000100000000000000001010110010101,119,28918ms
010100100000000000001010000001100011,000001011101000000010001100000000100,100000000000001011100000010110001000,001010000010110100000100001000010000,148,41962ms
110010100001000000100000001000011000,000000001100000001000101010001000110,000101010010100010010000000100000001,001000000000011100001010100010100000,141,182ms
001001001000000001100000001000110001,100100100000111000000010100010000000,010000010000000110011001000101000000,000010000111000000000100010000001110,100,1968ms
001111111000100000000000010000000000,000000000011000010101000100000011100,110000000000001001010001001000100010,000000000100010100000110000111000001,177,504ms
111010000000100000000000001000010101,000100001100001101010000000000001010,000000100000010010101110100100000000,000001010011000000000001010011100000,157,487ms
000001010100000010010000010000010110,000100101000010000000000001011001001,101010000010001100100000100100000000,010000000001100001001111000000100000,151,3276ms
100001111000010000100000101000000000,000000000010001001001101000000101001,001110000100000110000010010010000000,010000000001100000010000000101010110,170,1531ms
100010010000011000010100100000001000,000000101011100001000000010110000000,000000000100000100001011000000010111,011101000000000010100000001001100000,81,8754ms
100101101100000010000000000100000100,010000000011100000110110000000000010,001000000000000100001000111001110000,000010010000011001000001000010001001,157,1975ms
001001101000100000100100100000000001,010110000000000000000011010001100010,000000010101000011000000001110000100,100000000010011100011000000000011000,68,19952ms
101001110000011010000000000010000000,010000000000000100100101000101001001,000110000101000000000010110000010010,000000001010100001011000001000100100,153,3035ms
011010001000000000001010001000001010,000000010101101010100000000100010000,000001100000000001010000110010100001,100100000010010100000101000001000100,93,7532ms
101111101001001000000000000000000000,000000010000110000010011000001011000,010000000100000100001000001110100010,000000000010000011100100110000000101,177,187ms
001100000011001000000000100010001100,010011010000110000110000000000100000,100000001100000110000101000100000001,000000100000000001001010011001010010,102,3549ms
000110011000001101000100100000000000,111000100000100010000000000001010100,000000000101010000001001000010101010,000001000010000000110010011100000001,58,163529ms
111110111000000000000000000010000000,000001000111100001000010000001000010,000000000000001010010001011000011100,000000000000010100101100100100100001,159,2892ms
101010010000000000111000000010100000,000001100000001011000100000001000110,000100001101000000000001001100011000,010000000010110100000010110000000001,157,98ms
001110011001001001001000000000000000,000001000100100110000000100001000101,100000000000010000000011001110010010,010000100010000000110100010000101000,140,53703ms
011011000000000001000000100000011010,000100001101110000100000000110000000,000000100010000110001001001000100001,100000010000001000010110010001000100,62,4585ms
111001001000000011000010010000000000,000100100010010000001000000010101100,000010000100100100110001000000010001,000000010001001000000100101101000010,157,1032ms
111101011000000010000000000000010000,000010000100011000010000001011000010,000000100011000100101011010000000000,000000000000100001000100100100101101,157,9327ms
111111010000000000100000000100000000,000000001010000011001000000001110001,000000100001000100000110011010000100,000000000100111000010001100000001010,177,26ms
110011110000110000000000000100000000,001000001100000010001110100000001000,000000000001000000010001010010110011,000100000010001101100000001001000100,130,6431ms
101001100001000010010001010000000000,010000001000011000001000001011010000,000010000010000001000110000000101110,000100010100100100100000100100000001,95,12872ms
010001101000100000000000000000010111,000000000010001000000111010101100000,001010000101000011100000001000001000,100100010000010100011000100010000000,101,22626ms
100001100100000000100100000010100100,000010000011111000000010100100000000,000000011000000100010001011000011000,011100000000000011001000000001000011,97,2153ms
101010101010001000101000000000000000,000000000000010110000011000010100110,000000000001000001010000111001011000,010101010100100000000100000100000001,92,81708ms
111110101000001000000000001000000000,000000000101010000100010000001100110,000001000000100100010101000000011001,000000010010000011001000110110000000,163,1444ms
011111111000000000000100000000000000,000000000000010010010000011000111100,100000000111101001000010000000000010,000000000000000100101001100111000001,177,292ms
010111111000000001000001000000000000,000000000010010000101010010001100100,101000000000000100000000101100011001,000000000101101010010100000010000010,177,312ms
101101110000000000000100001000000100,010000000001010000100001000010010011,000000000110101100011000010000100000,000010001000000011000010100101001000,119,7462ms
101011101000000010100000100000000000,010000000100100001000011000010010010,000000000011000100000100011001100001,000100010000011000011000000100001100,122,10760ms
110000110010000000110000000100100000,000001000100110000001100101000010000,000100001001001001000010010011000000,001010000000000110000001000000001111,142,592ms
010000111000100001100000010100000000,101100000101000000000010000001000011,000000000010011100011000001010010000,000011000000000010000101100000101100,77,8353ms
100000111100000000100100010000000100,000000000000011111000010001010010000,010001000011000000001001000100001001,001110000000100000010000100001100010,136,647ms
000110110000000000000011001001000100,100000001001010100010000000000101010,011001000000100010000000100110010000,000000000110001001101100010000000001,121,27204ms
101111100100000000010000000000010000,000000010000110000001010001001001010,000000000011000001100100110000000101,010000001000001110000001000110100000,163,2661ms
000001110000100000010100000100010010,001000001110000000000000001000101101,100010000001000011000001100011000000,010100000000011100101010010000000000,93,26710ms
011110011000000000000010000000011000,100000000010110110010000000000100100,000001100101001000101100010000000000,000000000000000001000001101111000011,141,21748ms
100100101010000101000000000100010000,010000000001000000100001110001100010,001010010100010010000100001000000001,000001000000101000011010000010001100,157,2012ms
000001001000010010100100100010001000,000010000010000001011001001100000001,101100010100101000000000000001000010,010000100001000100000010010000110100,129,2990ms
100101001010001000100001010000000000,000000010001000110000000001100011010,010000000000010001011000000011000101,001010100100100000000110100000100000,126,8790ms
010011000100010100000000001000110000,000000100010100000001010010001001001,101000011000001001000000100100000100,000100000001000010110101000010000010,153,610ms
000100110000011100100001000000001000,100000000001100000010100010101010000,000011001010000001001010000010000001,011000000100000010000000101000100110,32,1804ms
111001110000000011000100000000000000,000010000010010000001000010001010011,000100000000000100110001100010001100,000000001101101000000010001100100000,157,485ms
011010111000000000000110000001000000,100000000000010110001000010010010100,000001000010101001110000100000001000,000100000101000000000001001100100011,99,15233ms
011001101100000100000000001000001000,000110000000100000100000100100010101,000000000000011011000101000011100000,100000010011000000011010010000000010,75,29052ms
110011111000000000000000000001001000,000000000001101000001001010100100001,000000000110010010110110000010000000,001100000000000101000000101000010110,132,4173ms
111000100001000010000010000001000010,000000011010100000010001100100000100,000101000000010101001000010000100001,000010000100001000100100001010011000,97,2259ms
010001100000001101010010000000000100,001010001100100000001000000010001010,000000010001010010000101001100100000,100100000010000000100000110001010001,38,4952ms
011100110000000001100000000000100010,000000001011110000000010000001010001,100001000000000110001001010010001000,000010000100001000010100101100000100,136,2699ms
110101100011011000000000000000000000,001000010000000001001010100010010100,000010001100000010100000010000001011,000000000000100100010101001101100000,157,2660ms
110011001000101000000000000001000010,001000000000010011110010100100000000,000000010100000000001101010000110100,000100100011000100000000001010001001,128,5951ms
011011110000000000010000000000000110,000100000001011010000000001011000001,100000000100000100101100110100000000,000000001010100001000011000000111000,157,183ms
110100010000000000000110000010011000,000000001010001001100000001001000011,001000100100000010010000110000100100,000011000001110100001001000100000000,141,1846ms
010000011100000000010000000000101110,000000000000010110100100010100010001,000001100010100000001010100011000000,101110000001001001000001001000000000,47,11754ms
011100011010001000000000100000000100,000001000000100001100001010100000011,000000100100010010011100001001000000,100010000001000100000010000010111000,79,20368ms
111100001000010100000000001100000000,000001010011100000000010000000001101,000000100100000010000100100011100010,000010000000001001111001010000010000,157,512ms
010110000011000000010010010000000001,000000010100001001000000000101010110,000000100000010110101100001000100000,101001001000100000000001100010001000,66,74419ms
101111001000000010000100000000100000,000000000010001001110000100010010100,010000010100100100000010010100000001,000000100001010000001001001001001010,172,477ms
100100000100110001000100000000100100,001001000000001100010001101000001000,000010011001000010000000000111010000,010000100010000000101010010000000011,142,3599ms
010110100001001000000100000001000010,001001001100100000001000000100101000,100000010010010000110000110010000000,000000000000000111000011001000010101,138,24375ms
000000100010010000110000110000101000,010100001001101010000000000001010000,001011010100000100000001001000000100,100000000000000001001110000110000011,50,35956ms
010101101000000000000000100001100100,001000000010111101010000000000000010,000010000100000000101110001100001000,100000010001000010000001010010010001,110,18849ms
001101011100000000000100000001000001,110000000010100000001010010000010100,000000100000010000110001001100100010,000010000001001111000000100010001000,106,3146ms
011101111000000001000000000000000001,100000000100000010001111000010000010,000000000001101000110000000001011100,000010000010010100000000111100100000,87,64680ms
000100100000000001010110110000010000,001000000010100100001001000000100110,110010010100001000000000000110001000,000001001001010010100000001001000001,157,502ms
100010100001000010010001000001100000,001100001000011000001000100000010001,000001000000000100000100011100001110,010000010110100001100010000010000000,76,5671ms
011100101000000001010000000000001010,000010000010101000000111000001100000,100001010100000000000000011100010100,000000000001010110101000100010000001,157,155ms
011110110000000000000000001000100010,100000000101010001100101000000000100,000000000010101010011000000011001000,000001001000000100000010110100010001,106,51519ms
001101100000001001000000000110001000,000000010001100000000110011001000100,110000000010010110100000000000100010,000010001100000000011001100000010001,157,196ms
011000101001000100000000101100000000,000001000000001010010010000011100001,000010000010000001100101000000011100,100100010100110000001000010000000010,94,5953ms
001010011000000001001100000001000001,000000000011000100010010000010100110,110000100000110000000000011000011000,000101000100001010100001100100000000,106,10802ms
011101101000000001000000000100001000,000000010010101000100011100000010000,100000000101000010001100000010100100,000010000000010100010000011001000011,157,1081ms
010111110000001010000000001000000000,000000000001000001110000100101001010,000000001100000000000011010010100101,101000000010110100001100000000010000,114,17533ms
100000100010001010100001010000001000,000001000100100101000100000000110001,001010000001010000001000101110000000,010100011000000000010010000001000110,102,4742ms
100001010010000001010100000000100010,000000101000110000000010001001010001,001100000000000110001001010100000100,010010000101001000100000100010001000,106,646ms
000101100001100010000000000010001010,001000000000010001110000111000010000,000000010100001000001111000101000000,110010001010000100000000000000100101,51,59792ms
100010110001000000000001011010000000,000000000010100000001110100001001001,011001000000000110000000000100010110,000100001100011001110000000000100000,145,14005ms
000110010110000000000001101000001000,001000000000000001001000010011100011,000000001001100000010110000100010100,110001100000011110100000000000000000,64,24733ms
011100100000010000000100000101000100,000010010001100101100001000000000010,000001000000001000011010011000100001,100000001110000010000000100010011000,75,23483ms
100011110101001000010000000000000000,000100000010100000000000101000101110,001000000000000011000101000011010001,010000001000010100101010010100000000,112,5196ms
111001010100000001100000000001000000,000000000000010000001001101010100110,000010101010001010010010000000010000,000100000001100100000100010100001001,157,813ms
100100110000110000000000000011010000,000000001101000000100010101000101000,001000000000001101010101000000000110,010011000010000010001000010100000001,67,10328ms
001101110000110000000100100000000000,110010001001001000000000000110000100,000000000110000110001010001000100010,000000000000000001110001010001011001,71,178751ms
100111111010000000100000000000000000,001000000100011000001010010100000010,010000000000000101000100001010110001,000000000001100010010001100001001100,160,1153ms
000010110000001001010101000010000000,110001000011100100000010000000000010,001100001000000010001000101100000100,000000000100010000100000010001111001,46,17534ms
010011011000000000000010000100000011,100000000010101000101100010001000000,000000100001010111010000100000000100,001100000100000000000001001010111000,78,14143ms
011111101000000000000010001000000000,000000000100010000000101000011101010,000000000000000101011000100100010101,100000010011101010100000010000000000,119,136039ms
110110100001001000000011000000000000,000001001000010000000100100101100100,000000000100000000110000011010010011,001000010010100111001000000000001000,177,2605ms
111111111000000000000000000000000000,000000000010100101000000111000000110,000000000000011000000011000111001001,000000000101000010111100000000110000,177,71ms
111011000100010000010000100000000000,000000100010100000000100001001001101,000000000001000111100010000110000010,000100011000001000001001010000110000,157,1853ms
011011011101000000001000000000000000,100000000000100100000010100011101000,000000000000001000010101010100010101,000100100010010011100000001000000010,92,46602ms
110000101000000001000101100000100000,001010000100000100001000011100000100,000100010000101010000010000001000011,000001000011010000110000000010011000,87,6171ms
011111011000000000000000000000100100,000000000100010110001000100001001010,000000100000101000000001011010010001,100000000011000001110110000100000000,127,33294ms
011001111000000001000001000000000010,000000000100000010101100010100001100,000100000011010100010010001000100000,100010000000101000000000100011010001,74,39304ms
011111000000000001000100000000100100,100000000011000000011000001101000001,000000000100101110000011010000010000,000000111000010000100000100010001010,107,19783ms
111001011100000000000001000000100000,000000000000101010001000001100011010,000010000001000001110000010001000101,000100100010010100000110100010000000,157,792ms
100110101001000100000000000000101000,000001000010000000010000001110010110,000000010000011001100110010000000001,011000000100100010001001100001000000,112,14800ms
000111010000100001000010000010000001,111000000000001000100100000000001110,000000000110010000010001101101000000,000000101001000110001000010000110000,85,4492ms
011010110001000001101000000000000000,100001001010011000010000011000000000,000100000000100000000110000110110100,000000000100000110000001100001001011,82,59477ms
000011101000000100010001101000000000,010000000100001001100010000010110000,100000000001110010001000000001001010,001100010010000000000100010100000101,91,18668ms
010110011100000001000010000000001000,101000000010010010001000000010100010,000000100001000000110000100101010001,000001000000101100000101011000000100,129,5186ms
010001011100000000101000000001000001,000100000000010011000110010010100000,000000000001101100010001100000011000,101010100010000000000000001100000110,53,5561ms
111000110000000001101000001000000000,000000000101000010000100000010010111,000110000000100100010011110000000000,000001001010011000000000000101101000,177,30818ms
110111001000000000000001000000110000,000000010001011000001000110001000010,000000100100000101000110001000001100,001000000010100010110000000110000001,137,3948ms
101100000000100000000010110000000110,000000001101010001000100001000011000,010010100000000010010001000110100000,000001010010001100101000000001000001,137,670ms
000010000010011000000100010110100000,000001000000000001101000000001010111,011000000101100010000001001000001000,100100111000000100010010100000000000,39,10088ms
000000001001000001001100000110000101,010010000100101100100010010000000000,101100010010000010010000100000100000,000001100000010000000001001001011010,123,69706ms
101100101000000110010000000001000000,000000010110000001001010000000100101,000011000001111000000000110000010000,010000000000000000100101001110001010,95,10841ms
000000111010001000000010001100001000,100100000001000000001000100011100001,010000000000100110000100010000010110,001011000100010001110001000000000000,13,4695ms
111010011000100100000000000000010000,000000100000000010110100001100000011,000001000010001001001010110000000100,000100000101010000000001000011101000,116,7711ms
110111011000000000000000000100010000,000000000100100110010000000011001001,000000100010001001001000011000100010,001000000001010000100111100000000100,163,450ms
011111100000000000100000000010001000,100000000101000001000110001000000101,000000001010010010000001110100000010,000000010000101100011000000001110000,137,5158ms
101101111010000000000000000000000100,000000000001010111000101000100010000,010000000000000000010000111011001001,000010000100101000101010000000100010,146,1683ms
001000101010011000001000000010000001,100101000000100000000001001001011000,010010000001000100010110100100000000,000000010100000011100000010000100110,83,7279ms
110101001100000000000000000010100010,000010100001000100001001001100001000,000000010000110000000110100000010101,001000000010001011110000010001000000,135,1047ms
101100011000000100000000001000001100,000001000110000000011101000001100000,010010000001000000100000100110010010,000000100000111011000010010000000001,157,467ms
001100011000000011000000010101000000,000001000111010000000110001010000000,110000000000000100001001100000101100,000010100000101000110000000000010011,145,901ms
100001110000000010000100011000000100,000000000101011001101000000100000001,010000001000000100010001100000011010,001110000010100000000010000011100000,88,11358ms
010111100010000000010000010000001000,000000000100100001001000001010110100,100000011000010110000010000001000010,001000000001001000100101100100000001,148,5289ms
011010010010001011000100000000000000,000001101000010000001000010010100010,000000000100100000100001101100001001,100100000001000100010010000001010100,113,30175ms
101001010100100100000100000000000100,000000101011000000101000001100000010,010100000000001001010001000000011001,000010000000010010000010110011100000,136,853ms
111000010000000000000100000100110010,000001001000110000100011001000000001,000000100100001100011000010011000000,000110000011000011000000100000001100,157,4339ms
100000001000001010000000001000010111,011000000001000101010100100000100000,000101010110100000100010000100000000,000010100000010000001001010011001000,140,758ms
110101110000000000100101000000000000,001000001000001011010000011000001000,000010000100000100000010100011100100,000000000011110000001000000100010011,150,2242ms
110100000100010000000010000000011010,000000011000001100000001001101000100,001001000001000000111000100010100000,000010100010100011000100010000000001,157,2522ms
111111011000000000000010000000000000,000000000000111010010001010000101000,000000100000000100001100101010000011,000000000111000001100000000101010100,154,345ms
110000111000000100010000100000000010,001101000100000000000101010001001000,000010000011100000101010000010010000,000000000000011011000000001100100101,123,4900ms
101001001110000100000000000000010010,000100000000010000001000001111000101,010000100000000011100101110000000000,000010010001101000010010000000101000,157,3320ms
000110101000010000000100110010000000,001000010010100110001000000100000100,010000000101001000100000000001111000,100001000000000001010011001000000011,96,7560ms
000100010100100000100001011100000000,011010000000000010001110000001000100,100000101001001000000000000010011001,000001000010010101010000100000100010,121,2145ms
010100110010000000000000000000111001,000011000000101010101000000010000100,100000000100010001010100000101000010,001000001001000100000011111000000000,157,24226ms
001010010000000000100110000101000001,100000100011100011000000010000000100,000000000100001000010001101010110000,010101001000010100001000000000001010,73,13234ms
001111110010001000000000000000000010,000000001000000101100000101001100001,000000000101010010011100000100000100,110000000000100000000011010010011000,128,3368ms
111111000100000001000000000100000000,000000101000100000001000100000011110,000000010011001110110000000000000001,000000000000010000000111011011100000,177,44ms
000001000010000100010101100101000000,000100000000001010001000011010100100,011010010101100000000010000000000001,100000101000010001100000000000011010,94,1843ms
000011001000000101011000010000000010,110000000101000000000100001010001100,000100110010000010100011100000000000,001000000000111000000000000101110001,72,158778ms
100010001001001010001000010000100000,010000000010000000010110001101010000,000101110000100001000001100000001000,001000000100010100100000000010000111,82,9594ms
101110010100100000000100000000000001,000000100000000101000010100100111000,000001001010000010111001001000000000,010000000001011000000000010011000110,177,1402ms
010000100010000000010101101001000000,100010010100000000000000010010001101,000101001000100010001000000100010010,001000000001011101100010000000100000,59,25187ms
011010011000000000010000010000000101,000001000100110100001001000100010000,000100000010000001000110000001101010,100000100001001010100000101010000000,72,23744ms
011001001010001000001000000010000010,000000010000110100010000010001100001,000000100000000011100010100100011000,100110000101000000000101001000000100,95,2985ms
100111110100000010000100000000000000,000000000001001001111000110100000000,010000000010100000000011000000110110,001000001000010100000000001011001001,164,1886ms
011101110000000001000000001010000000,000000000000000100011100110000000111,100000000101100010000011000001010000,000010001010011000100000000100101000,157,3790ms
101100010011000000000100000000001001,010000000000010001100010111000010000,000011000100000110000001000100100100,000000101000101000011000000011000010,143,782ms
001100100110000000010000010001000010,100010000000100010001000000110011000,010000011000000101000011001000000001,000001000001011000100100100000100100,87,6691ms
001010101000000001001000000010010001,010000000000010000000100111101001000,000101010100000110010010000000100000,100000000011101000100001000000000110,65,14718ms
010011111010000000010000000100000000,001100000001001001000000110000010100,000000000000000100000111001001001011,100000000100110010101000000010100000,62,27614ms
100001001101000000010000000000001101,010010000000001110000000001001100010,001000010010100000100011000110000000,000100100000010001001100110000010000,139,739ms
100111011000000000000001000000001001,001000000100000000111000111000000010,010000100010011010000100000011000000,000000000001100101000010000100110100,164,2542ms
111111001000000000000000000010010000,000000000001001000111001110000000100,000000010010000101000000001001001011,000000100100110010000110000100100000,153,1265ms
111100101000000000000011000000100000,000010000000000011001000011100000011,000001010110111100000000000000010000,000000000001000000110100100011001100,157,3744ms
000101110010000000110010000100000000,010000000100001100000000000011110001,101000000001010000001101001000001000,000010001000100011000000110000000110,157,1108ms
100000101010000100000001000010001010,001100010001000000110010000000010001,000010000100111000000000101100100000,010001000000000011001100010001000100,100,1030ms
010111000000001000000101000100000001,000000110001100000100010010010000010,101000001000010010000000000001101100,000000000110000101011000101000010000,177,774ms
110010000001000100100001010000000001,001100011010010000010100000010000000,000001100100000000000000101101001100,000000000000101011001010000000110010,130,6908ms
111110010000000010000000000000001010,000001100010110101000010100000000000,000000001100001000101001000110010000,000000000001000000010100011001100101,177,4498ms
100110000000010000001000001011010000,001000101101000001000100000100001000,010000010000100000110011100000000100,000001000010001110000000010000100011,154,16387ms
100100010100001010001000010000000001,000011000000110001000100001000100010,001000001010000000100000100101010100,010000100001000100010011000010001000,157,526ms
000010100001000000101110010000000100,011000000010101011000000001000100000,000000001000000100010001100001011010,100101010100010000000000000110000001,0,4390ms
001010110110000100000100010000000000,100001000000101010001000000000010101,010100000001000000110001000101001000,000000001000010001000010101010100010,122,4455ms
011000001000000010010000000000111010,000101000010000001000110000010000101,100000100000011000000001101101000000,000010010101100100101000010000000000,126,23192ms
100001000001100001001000100100000100,010010110100000000000110000000001010,000000000010000100110001010010110000,001100001000011010000000001001000001,79,2913ms
100110111000000000010010000010000000,001000000001101100001000010000100001,010000000100010011000101000000001010,000001000010000000100000101101010100,160,648ms
001010100000000000100110000101000010,000100010100001100000001101000100000,100001001001110001010000000000000100,010000000010000010001000010010011001,157,7403ms
000111001010001010000000100000001000,111000010001100000101000000001000000,000000000000010100000110000110110100,000000100100000001010001011000000011,60,13212ms
111101000000000001010000000101000000,000010000001010100000001001010001010,000000011010001000001100110000000001,000000100100100010100010000000110100,142,503ms
000110000000001010000010001010100001,100000101011100000110000000000010000,010000010100000100001000110100000010,001001000000010001000101000001001100,86,445ms
000100000100001001011010001000010000,010000010001000110000000110010001000,001000001010100000100100000100100001,100011100000010000000001000001000110,66,4641ms
001110100101000000000110000001000000,000001001010000010000000111010001000,000000000000010001011001000100100101,110000010000101100100000000000010010,90,12274ms
001011101000001000000100100000000001,000100000001010101000001000100011000,100000000110100000011000010010100000,010000010000000010100010001001000110,128,9737ms
010010000000000001011100001001000100,100000001000110000000000110000101010,000001100010001000100001000010010001,001100010101000110000010000100000000,25,5613ms
011110010000001000000000000110001000,100000001000000110100010110000000100,000001000010100000011101001000100000,000000100101010001000000000001010011,118,76028ms
011101100000000000001011100000000000,100000010100000001010000001000001101,000000000000011110000100010110100000,000010001011100000100000000001010010,98,12266ms
101101001000000100101001000000000000,000010010010110001000000010000010010,010000100100000000010100000101001100,000000000001001010000010101010100001,157,153ms
110001010000100100101100000000000000,001000100010011000000000000001010110,000110001000000001010010011000000001,000000000101000010000001100110101000,159,42449ms
011010100000000010110010001000000000,100000011110001000000000000110000010,000101000000000100000000110001110100,000000000001110001001101000000001001,88,97007ms
100011010010000000010000010010001000,000000000100100001000010100000110110,001100001001010000001001000101000000,010000100000001110100100001000000001,115,4229ms
111001000100000000000001000000101010,000000010000110110100010010001000000,000110000000000001001000101010010100,000000101011001000010100000100000001,162,1020ms
101010100000100010000000000001100001,000000000000011100100010011010001000,000001000110000001010001100000000110,010100011001000000001100000100010000,89,15836ms
100000011100001000001010000000000110,000101000010100000110000011000100000,010000100000000101000101000011010000,001010000001010010000000100100001001,99,9575ms
100100001000000100001101001100000000,000011000000000011000000000010110110,000000010100111000010000100001001000,011000100011000000100010010000000001,95,22036ms
011000110000001110100000000000000001,100011000000010000010000101101000000,000000001100100001001000010000111000,000100000011000000000111000010000110,79,3473ms
111111110000000000000010000000000000,000000000000100011011000110000100001,000000000001011000100100000010001110,000000001110000100000001001101010000,177,109ms
100110001000000000100000000011100001,011001100100000000011000000000001100,000000010011000001000100001100010010,000000000000111110000011110000000000,127,11724ms
011000011000101000000100000000110000,100100000100000000110001101000001000,000010100001000001000000010101000011,000001000010010110001010000010000100,63,13164ms
000001011100001000101000000000011000,000110100000110001010000100001000000,110000000010000100000110010000000110,001000000001000010000001001110100001,128,1637ms
110101010010000001100000000000100000,000000001001111000000010010000001100,000000000000000010000101100111000011,001010100100000100011000001000010000,133,12495ms
001000111010000000000000101010000010,100000000100100010000001010000010101,000011000000000100101110000100100000,010100000001011001010000000001001000,64,7546ms
111101101100000000100000000000000000,000010000010001101000100000001100100,000000010001110000010010100010000001,000000000000000010001001011100011010,157,38ms
101110001000000100001001000000000010,010000000000001010110000110000010001,000001100110010000000110000100100000,000000010001100001000000001011001100,164,626ms
101000100001000000010101000001000010,000010000000001010100010010000110100,000101000110110000000000000110000001,010000011000000101001000101000001000,157,2189ms
010100101000000000000001000010011001,100000010100100001100100011000000000,001010000001000000001010100000100110,000001000010011110010000000101000000,82,60608ms
001001110000011001110000000000000000,100010001001100000000001011100000000,000000000010000110001100000000111010,010100000100000000000010100011000101,69,10455ms
011001011000001000000010100000010000,000010100100110011100000010000000000,000000000001000000000101001010001111,100100000010000100011000000101100000,43,55819ms
101011100100100100000000100000000000,000000001000010010000000000110101011,000000000010001001110001001001000100,010100010001000000001110010000010000,128,147420ms
111010101000001000000000000101000000,000001010000110000100110000000000101,000000000111000101001000100000011000,000100000000000010010001011010100010,157,376ms
001011111000000010100010000000000000,100100000101010000001000010001010000,000000000010001000010100101000101100,010000000000100101000001000110000011,85,18729ms
001100001000000101010110000000000001,100000100100000000100000001011000110,010010000000111010000000000100011000,000001010011000000001001110000100000,84,52564ms
111010001000101000000001000010000000,000000000001000010000110000101110100,000100100110000100001000100000001001,000001010000010001110000011000000010,146,2256ms
011111001000010100001000000000000000,000000000101000000100101000011001100,000000000010000011010000011100010010,100000110000101000000010100000100001,103,42677ms
101001111010000000000000010000000010,000110000001010010001010000000101000,010000000100000101010000100101000100,000000000000101000100101001010010001,157,154ms
101110110000000100000000001000000100,010001001001000010011000000000001010,000000000110100000000010000110110001,000000000000011001100101110001000000,149,14668ms
000011010000001000001000011000010010,100000000010110100010000000110001000,001100000101000001000000000001100101,010000101000000010100111100000000000,41,152130ms
110001000001000000001001101000001000,001100110000000000100000000100010011,000010001110100100000010000011000000,000000000000011011010100010000100100,86,35166ms
000011110000000010000011110000000000,000000001010000100100100001110100000,010100000000011000010000000000010111,101000000101100001001000000001001000,59,25213ms
011010000101100000000110000001000000,100100011010010000001000001000000100,000001000000000111110001000100100000,000000100000001000000000110010011011,93,6520ms
111010010010010000000010000000000010,000000101000000010100100001000011001,000100000001000100011001000110100000,000001000100101001000000110001000100,157,283ms
000101111000000000000000000011101000,011010000000101010101000001000000000,100000000011000001000010110100000001,000000000100010100010101000000010110,120,170933ms
101101011100000100000000000001000000,000000100010100000001000000110011001,010000000000011010000100011000100100,000010000001000001110011100000000010,150,851ms
111100100001000100100000000000000001,000000000010010000000110010100110010,000011011000100000000001101010000000,000000000100001011011000000001001100,151,3262ms
010000000001000100011010000101000100,000110001000110000100000110010000000,101000110010000001000001000000001010,000001000100001010000100001000110001,127,2905ms
100111000000000100000100100000100010,000000011011000000110000000010001001,001000000100100000001001010001010100,010000100000011011000010001100000000,121,1838ms
111100110000000010000000000000000110,000001000000000001110001011001000001,000000000101110000000110100110000000,000010001010001100001000000000111000,157,189ms
001000011000001000100000110010001000,000000100011100000010001000001000101,010010000100000100001110000000110000,100101000000010011000000001100000010,72,4829ms
010001000000000011010100100001000100,000010001110110100000000000100001000,101100100001000000000000000010110010,000000010000001000101011011000000001,143,59385ms
010100000101100000100011000000010000,000000100010000101010100000100001001,000011001000000010001000001010000110,101000010000011000000000110001100000,87,3419ms
011110101100000000000000000000000101,000000010000000001001000011111000010,000001000001101100000110100000001000,100000000010010010110001000000110000,113,12620ms
010101011001010000100000010000000000,100000000010000000001011000011001010,000000000000101001010100101000100001,001010100100000110000000000100010100,51,285020ms
101100001100000000000000101100010000,000010100000100101110001000000000001,000001010010000010001100000010001010,010000000001011000000010010001100100,143,300ms
110001001100100000000000101000000001,000100000011000001001100000000110100,000010000000011010100010010000001010,001000110000000100010001000111000000,117,2713ms
111101100000000000100000010000100000,000010000000100100010000100001010110,000000000000010001001111001010000001,000000011111001010000000000100001000,134,20529ms
111001101000000000000010001000000100,000000000000100010100000110000111010,000000010011011100001100000000000001,000110000100000001010001000111000000,114,5571ms
011001110000000000101000000000110000,000010000000100010010100000110000011,000000000100010101000011011000001000,100100001011001000000000100001000100,76,15448ms
011000100010001000010010100000000100,000010001100000000100000001010011001,100001000001100100000001000101100000,000100010000010011001100010000000010,157,9883ms
010101001001000000000010110000000100,001010100000010001010001000010000001,000000000100100000001100000001111010,100000010010001110100000001100000000,48,22780ms
000000101010011001000010000011000000,110001010000000000000001000000100111,001010000001000110111100000000000000,000100000100100000000000111100011000,28,30894ms
100000000100010000111010000000010001,000110001011000101000000001000100000,001000100000001000000101010111000000,010001010000100010000000100000001110,107,8272ms
100001011010000010010000010001000000,001000000000110100100100000000010011,000000000100000001001001101100101000,010110100001001000000010000010000100,89,4739ms
100011000010010100000000000100010010,000000000000100010101101000001000101,000000111001001000000000100010101000,011100000100000001010010011000000000,94,78124ms
000100011010011000000100000000000101,010000000101000011000010000100100010,000001100000100100100000010011010000,101010000000000000011001101000001000,32,17425ms
011110000000000001000110001000010000,000000001011001000001001000010000011,100000000100100000110000110100000100,000001110000010110000000000001101000,177,3190ms
011011010000000000000011000100000001,100000001100010100000000101000000110,000100100001001001100100000010100000,000000000010100010011000010001011000,113,5007ms
110011010000100010000000000000001001,000100000101001000110000001000100010,001000000000000001000011100011010100,000000101010010100001100010100000000,144,4325ms
001110111010000000001010000000000000,100000000001010000010000010110000011,010001000000001000000101100000111000,000000000100100111100000001001000100,91,29571ms
010011001000000100000000100001100100,001000100010101010100010000000000010,000100000001010000011100010010000001,100000010100000001000001001100011000,50,10178ms
001110010100000010100010000000000001,100000100010000100000000010001001110,010000000001110000011001001000010000,000001001000001001000100100110100000,109,12689ms
101011011100000000001000000000010000,000000000000110100100000110100001001,010100100010000000000101001011000000,000000000001001011010010000000100110,131,1188ms
001110101000010000100000001000000100,110001000100001000000001110000010000,000000010010000110000010000110100001,000000000001100001011100000001001010,98,25068ms
001111011001000000110000000000000000,100000000000001000001010001100001110,000000000100110001000100110010000001,010000100010000110000001000001110000,107,79374ms
111010100000000000000100100000001100,000001000011000101110001000001000000,000100001000011000000000001100110010,000000010100100010001010010010000001,150,2673ms
000011000000000101000010100001001100,011000110001000000000001000100110000,100100001100001000010100010000000010,000000000010110010101000001010000001,67,10485ms
101110101101100000000000000000000000,000000000000001010001101001011000001,000001000000000001100010100100110100,010000010010010100010000010000001010,159,1388ms
000001100000000101001010000010100100,001100000001001010100000001000010001,110000011010010000000100100000000010,000010000100100000010001010101001000,90,3633ms
000100101000000000000100011100010010,000000000110000101101010100010000000,011000010001110010010000000000001000,100011000000001000000001000001100101,75,166888ms
010110001000001110000000100000000010,000000000110000000000010010011011001,000001000000110001101100000000100100,101000110001000000010001001100000000,70,17440ms
100001101100011000101000000000000000,001100000001000001000101000001000011,010010000000100100010010000100011000,000000010010000010000000111010100100,152,325ms
000100111001010000000000100010100000,010000000100100110010000010000001100,000000000010000000100111001101010000,101011000000001001001000000000000011,51,3512ms
100100100001000100100100000000000110,000011000100100000010000011001001000,010000011000000000001010000110010001,001000000010011011000001100000100000,157,2127ms
110101101000000000100000000000110000,000010010000011010000100011000000100,000000000001100101000011000010001001,001000000110000000011000100101000010,122,5877ms
010010100000001000000010000010101010,000101010010000100000000111001000000,100000001100000001100001000000010101,001000000001110010011100000100000000,126,3253ms
011101011000000000000100100000100000,000000000000010100001001010110000011,100000000101000001110010001000001000,000010100010101010000000000001010100,157,13142ms
010101111000000000010000000110000000,001000000010100000001100110001100000,000010000000011111100010000000001000,100000000101000000000001001000010111,119,2380ms
110110101000100010000000010000000000,000000010010010100000010000100010011,000000000100001001011000001010001100,001001000001000000100101100001100000,157,17965ms
001101101010000011000000000100000000,000010000101000000100000111000001100,000000010000100100011000000001010011,110000000000011000000111000010100000,73,1231ms
110000100100111000000000000100000001,000100000001000001010110010000011000,001001001000000110100001000001000010,000010010010000000001000101010100100,157,994ms
100101110000000001000000011000000010,000010000000000110011011000000010100,011000000101011000000000000010101000,000000001010100000100100100101000001,157,2030ms
101011010000000000110100000000000100,000100100000111000000000100010010001,010000001100000000000010011100101000,000000000011000111001001000001000010,157,189ms
000111011000000000010010001100000000,101000000010010100000001100010001000,010000000101101001100000000001000100,000000100000000010001100010000110011,131,9017ms
000000110000100000101010001001001000,000001001100010100000000000110010010,010100000011000000010100110000000001,101010000000001011000001000000100100,15,20896ms
001011110000000000001000001001000010,110100000001010000000010100100000001,000000000010000110110000010010010100,000000001100101001000101000000101000,82,10876ms
011000111000000000010000000010011000,000100000100100100000101001001000100,100001000000000000001010110000100011,000010000011011011100000000100000000,157,2288ms
100110010000000010000011000000010001,000001000111100100001000000010000010,011000000000010001000000100100101100,000000101000001000110100011001000000,163,11042ms
001101000100000000011000000100000110,000010011000101010000100001001000000,100000100001010000100000110000101000,010000000010000101000011000010010001,157,315ms
000001101010010010001011000000000000,001000010000001001100000001000010011,110100000000100000010100000101001000,000010000101000100000000110010100100,144,2213ms
110100110000000000100000000000111000,001011000110001100010000010000000000,000000001001110011001000101000000000,000000000000000000000111000111000111,101,497551ms
001011001000000000100010010000100010,000000100000001110000100101000000101,010000000011010000000001000110011000,100100010100100001011000000001000000,117,6357ms
011101001000000000010000000001010100,000000000110001101000110001010000000,000010000001100000100000100100001011,100000110000010010001001010000100000,116,16448ms
010111010000000001000001100000000010,100000100000000100100110000101100000,001000000101010010011000010000000001,000000001010101000000000001010011100,108,21981ms
010110101000100100000000000001000100,001001000011001000000000010010001010,100000000100000010001010101100000001,000000010000010001110101000000110000,166,11789ms
100111010100000000000000100010000001,011000001000010010000000000101011000,000000000000000100101101001000100110,000000100011101001010010010000000000,124,247719ms
110011000000100000000000001000010101,000100101110000000000000100100101000,001000000000000001110111000001000010,000000010001011110001000010010000000,120,12988ms
011110001001000000000000100010000001,100000000010000110101010000001000010,000001000000001000010101011000100100,000000110100110001000000000100011000,80,46037ms
011001000010001000000100100000010100,100000100000100100110000001000100001,000010001001010011001010000000001000,000100010100000000000001010111000010,49,4665ms
011100000100000000011000000011000010,100011000010001010000010000000010001,000000001001010100100000010100001100,000000110000100001000101101000100000,123,1893ms
110110111000000000000000100000000001,000000000010010011110010010000010000,000000000001001100001101001101000000,001001000100100000000000000010101110,162,13660ms
111110011010000000010000000000000000,000001000100000001100010100101001000,000000100000011010000000010000110011,000000000001100100001101001010000100,141,3486ms
011011101010000000001000000000010000,000100000100111001100010100000000000,000000000000000010010100000111101100,100000010001000100000001011000000011,83,74660ms
001010000100000001100001100000001001,010000000001001010011000000010100100,100101010010100000000000010101000000,000000101000010100000110001000010010,157,37ms
100011011010000000000100100000000010,000100100000100010100001001001010000,010000000101000000011000010010100001,001000000000011101000010000100001100,143,1948ms
001110001100000100100000000001000100,000000100000100010011101000000010010,010000000001011000000000101010101000,100001010010000001000010010100000001,117,3363ms
011101000000000010010001000000010100,000010110010100001000000001100100000,100000000101001100000010110001000000,000000001000010000101100000010001011,150,9193ms
110001101010000000101000000000000010,001000010001000000000011001010000101,000100000100010111000000010100100000,000010000000101000010100100001011000,157,206ms
110110010000000001000000011000001000,000000000001100100101010000001100100,001000001010011010000101000100000000,000001100100000000010000100010010011,163,3070ms
100011101000010000000000010100010000,001000000010101001110010000000100000,010100000000000110000000100011000110,000000010101000000001101001000001001,157,433ms
001111010000101001000001000000000000,110000000011000000001000010001001001,000000100000010000100100001010100110,000000001100000110010010100100010000,93,25065ms
110001111000000000000110000100000000,001110000000100000101000000010011000,000000000000010101000001110001000011,000000000111001010010000001000100100,105,35019ms
