000101110000000011000010001000000100,010000001000000000101100010100010010,001010000011001100000000100001000001,100000000100110000010001000010101000,28,22481ms
011000000011001000000000100001010001,100000000000010100001111001100000000,000011001000100001010000010000001010,000100110100000010100000000010100100,41,4028ms
110001100000000000000000100001100110,000000010000110001010001001000011000,001010001100001110001010000000000000,000100000011000000100100010110000001,157,3148ms
100010000001000000000110010010010100,001000101000101011000000000100000001,000000000000000100101001100001101010,010101010110010000010000001000000000,38,134329ms
011000010001101010001000000001000000,100100000000010000010001100010110000,000010100100000100100110000100001000,000001001010000001000000011000000111,102,4697ms
010110011010000000100000000000011000,100001100000110000000001101001000000,001000000101000010011100000010000100,000000000000001101000010010100100011,113,26039ms
011100111000001000000010000000000001,100000000001010110000000110000000110,000000000110100000101100000010101000,000011000000000001010001001101010000,110,29076ms
100111011000000100100000000000000100,000000100001110010000000010010001001,011000000010001001001010000001100000,000000000100000000010101101100010010,162,954ms
000001111100000000000000000111000010,101000000011010001011000100000000000,010100000000000100000111011000001000,000010000000101010100000000000110101,118,72051ms
010111111000000010010000000000000000,001000000100000100100000100001010101,100000000011100000001001001100100000,000000000000011001000110010010001010,177,1407ms
010110111100000000000100010000000000,000000000010100000110001000100010110,001001000000001101000000101000100001,100000000001010010001010000011001000,106,2677ms
011111101000001000100000000000000000,000000000010000100011010000010000111,100000000000000000000101101101011000,000000010101110011000000010000100000,177,477ms
010000110101100000000000101000001000,001000001000010101100010000101000000,000001000010000000010001010010100101,100110000000001010001100000000010010,63,4092ms
110101101000001100000000000000010000,001000010001010000000001011000001100,000000000100100010001100100101100000,000010000010000001110010000010000011,157,647ms
000010110010010000000001001000010001,111000000000100000000010010110100000,000001001101000110100000100000000010,000100000000001001011100000001001100,52,2057ms
110000011010000101000000001000000001,000010000100001000000100100010001110,001100100001000000111000010000010000,000001000000110010000011000101100000,157,2209ms
011000101010000000100000010100000001,100010000000100100000000001010111000,000101010000000001001010100001000010,000000000101011010010101000000000100,90,35929ms
000100011010010010000000100000100100,000011000001100000000001000010011001,111000100000000101100100000001000000,000000000100001000011010011100000010,143,14750ms
011111100000000001000000000001100000,100000001100100000010000000010010110,000000000001001110100001110100000000,000000010010010000001110001000001001,116,21448ms
001011110001000000000001000010001000,000000001010101111000000100000000001,110000000000010000101010001000100010,000100000100000000010100010101010100,157,1600ms
111011000010000100100000000000001000,000000001001101000000001110001000010,000100100100000010010000000010100101,000000010000010001001110001100010000,144,1078ms
001010101000000000010000010010000110,000000000011100000001111000001100000,010100000000010101000000001100011000,100001010100001010100000100000000001,92,27372ms
011010001010000010010100000001000000,100000000001110000000010101000010010,000101100100000001000000010000101001,000000010000001100101001000110000100,76,18188ms
000101001001000000001000101011000000,001010000010110010000010000100010000,000000110000001000100000000000101111,110000000100000101010101010000000000,30,26720ms
110011101010000000000001010000000000,000000010000110000001000001010010101,000000000101001100110100100001000000,001100000000000011000010000100101010,157,1832ms
011110110000010000000000101000000000,100000000101000000110100000001100100,000000001010101110001000010000000001,000001000000000001000011000110011010,87,17819ms
001010001000000000100000000100111100,100000100001101011000000000001000001,010001010100000000000110110000000010,000100000010010100011001001010000000,117,47167ms
010111001000000001000000001001100000,000000000010100100010001000110000101,000000010000011000101110100000001000,101000100101000010000000010000010010,89,19203ms
001100101000000100000100100000001010,100000000000010001010000010100110001,000001010101100000000001001010000100,010010000010001010101010000001000000,41,6600ms
001011111001000000000100000010000000,100000000010000101010000010100010001,010100000100101000100011000000100000,000000000000010010001000101001001110,111,28843ms
110001010100000110000001000000001000,000010000000011000001100100100110000,000100001010100000100010001011000000,001000100001000001010000010000000111,154,429ms
010000000001000010001101011000000001,000000001100001101010010000101000000,001101100000000000100000100000110010,100010010010110000000000000010001100,55,31999ms
000010101110010000100110000000000000,000000000001000110000001101010001010,011000010000101000010000000100010001,100101000000000001001000010001100100,113,16855ms
010001100010100010000001000000001001,000010001001000100010010100001000010,101100000000001000101000011000000100,000000010100010001000100000110110000,143,6119ms
001000011010000100000000010010100010,100011000001000011000000101000001000,010000100100101000011000000101000000,000100000000010000100111000000010101,88,6468ms
101100100001000010000000010000011000,010000000100100000110111000001000000,000000011010001100000000000110000101,000011000000010001001000101000100010,157,13960ms
011101100000000000000000101000001001,100010000010001000000001000011110000,000000000101110000100110000000000110,000000011000000111011000010100000000,99,24277ms
000011010101100100001000000000000001,001000000010010011010000100000100010,110000001000000000100010011101000000,000100100000001000000101000010011100,157,2196ms
001011001110000000000000000011000100,000000100000000101000001111000011000,010000010000001000010110000100100010,100100000001110010101000000000000001,123,1507ms
001001011001000001000000010100000010,000100100000101000000101100011000000,100000000010000110010000000000011101,010010000100010000101010001000100000,117,15684ms
001100111100001000000000000001010000,000010000001100100001010010010100000,100001000010000001000000001100001011,010000000000010010110101100000000100,150,3898ms
100001010000001000100000101100010000,000000101000010000011100010010100000,011110000000100010000000000000001101,000000000111000101000011000001000010,163,3977ms
111111100000000000001000000010000000,000000010101000001100000000000101011,000000001010101110000010000101000000,000000000000010000010101111000010100,177,86ms
111101011000000000001000000000000010,000000000000000111100100100001001100,000000100100010000000001010100110001,000010000011101000010010001010000000,157,463ms
010100011110000000000010000100100000,001000100001100010001000000001010001,100001000000000101100000100010001100,000010000000011000010101011000000010,157,762ms
100100110000000000001001000111000000,010011000100000010000010001000000101,001000000001001000000000110000111010,000000001010110101110100000000000000,88,24954ms
000011110000000011010000100100000000,010000000001000100101110000010000001,101000000000110000000001001000111000,000100001110001000000000010001000110,105,2685ms
010110110000010000100000100000100000,100000000100100010000111001000010000,001000000001001101000000010101001000,000001001010000000011000000010000111,117,10442ms
100100101000001111000000010000000000,010011000010010000001010001100000000,000000010001000000110001100001101000,001000000100100000000100000010010111,95,21762ms
011100110010000000000001000110000000,000010000101010000111010000000100000,000000000000101010000000101001010110,100001001000000101000100010000001001,92,9207ms
111001010000001010000010001000000000,000000000000100001101000000011100101,000100000010010000000001110100011000,000010101101000100010100000000000010,132,19671ms
111110010000100001001000000000000000,000000100001000100000010110101010000,000001001100001000100100000010000011,000000000010010010010001001000101100,177,240ms
101110100000010000000100001000000001,000001000100001010000010010011000100,010000000000000100110001000000111010,000000011011100001001000100100000000,169,609ms
101000010000001100001001000000010100,010010100100010000110000000001000010,000101000001000011000000010010001001,000000001010100000000110101100100000,59,2574ms
101110110010000001000000100000000000,000001000000001000011000011100001100,000000001000110000000011000001110010,010000000101000110100100000010000001,130,14830ms
110101110000000010000000000101000000,001000001000001100001011100000001000,000010000110000000100100001000100101,000000000001110001010000010010010010,157,1685ms
100110110000001100010000000000001000,001001001000010001001000011000000010,000000000111100000100001000110010000,010000000000000010000110100001100101,151,6093ms
110111100100100000000000000010000000,000000011000000000000001101000010111,000000000011010001100000010001101000,001000000000001110011110000100000000,177,6248ms
110011001000010010000000000000010100,000100000011100101000000101000001000,000000110100000000010011010001000001,001000000000001000101100000110100010,146,5672ms
000011100110001000000000100010000001,011000000001000000110011000000001010,100000000000100111000000001101000100,000100011000010000001100010000110000,111,6503ms
000111111100000000000001000000000001,000000000000000001111010010010100010,110000000001101100000100000001010000,001000000010010010000000101100001100,177,317ms
111000111000000001000100000000100000,000101000001100000100000000101011000,000010000010001110010011001000000000,000000000100010000001000110010000111,146,64479ms
001011000010000101001000010001000000,110100000001000010000001100100000100,000000001100001000010110001010001000,000000110000110000100000000000110011,36,4271ms
101001110000100000001000100000000001,010000000001001110010000010010100000,000110000100000001100100000000011100,000000001010010000000011001101000010,164,186ms
100011111010000001000000000000001000,000000000000110000010010011100110000,011000000100001100100101000010000000,000100000001000010001000100001000111,157,661ms
010111000100000000100001010000000010,100000100001001011000100000001000001,000000000000100100010010001110101000,001000011010010000001000100000010100,122,9029ms
101111001000000000000000001000110000,010000100100000001001001000011001000,000000000011111000010110100000000000,000000010000000110100000010100000111,120,36110ms
100001101010001000000000000010100001,001010000000100000111000010001001000,000000000101010011000101001000000100,010100010000000100000010100100010010,94,52799ms
110011000000000001011000010000000100,000100010000001010000111000100100000,000000000111000000000000100010011011,001000101000110100100000001001000000,116,19314ms
110111101000000000100010000000000000,000000010000011011000000011010001000,001000000100100000011000000001110100,000000000011000100000101100100000011,177,46ms
001110100000001000110000000000100010,000000001100000001001010100100001001,000001010011100010000000001001010000,110000000000010100000101010010000100,73,1074ms
100010110100000000101000000000110000,000101000000101000000000010110001001,001000001010000100000100101000000110,010000000001010011010011000001000000,134,1171ms
000000101100000010000010011000110000,001001010000100000100000100010000110,110010000000011001011000000001000000,000100000011000100000101000100001001,103,2782ms
010010101000000001010100010001000000,100000010100100000000001000000011101,000100000011011010001010000100000000,001001000000000100100000101010100010,71,23328ms
110010010000100000110000000000001100,000000000011000001001001110001100000,001000100100010000000000001110010001,000101001000001110000110000000000010,157,559ms
001000100010000000011100001010001000,000011001000010000100000000100100110,010000000000001111000011010001000000,100100010101100000000000100000010001,24,4401ms
000101111001100000000100000000000100,010000000010000000001011001000001011,101010000000010000100000010100110000,000000000100001111010000100011000000,141,516ms
111010000100010000000001110000000000,000000100001001001010010000010001100,000101010000000100001000000000110011,000000001010100010100100001101000000,157,1593ms
011000110100000001000100100000100000,000110000001010000000010010000011010,100001000010001000110001000001000100,000000001000100110001000001110000001,157,368ms
101011101000000000000010000010010000,000100000000110010001100100101000000,000000010001001001000001010000100011,010000000110000100110000001000001100,105,2279ms
101100111001000000010000000000100000,010001000000001001100000001000001101,000000000000110100001010010011000010,000010000110000010000101100100010000,98,12439ms
011101111000000000000000001000000100,000000000111000000010100000100010011,100000000000011101100000000011001000,000010000000100010001011110000100000,157,865ms
000100111010000111000000000000000001,110010000000010000001000000111001000,001000000001001000000111001000010010,000001000100100000110000110000100100,36,9739ms
111101111001000000000000000000000000,000000000000110111000000101010100000,000000000100001000000011010100011010,000010000010000000111100000001000101,157,337ms
001111100000001000000001000000001001,000000000001010010111110000000000100,110000000100100101000000010000110000,000000011010000000000000101111000010,161,6006ms
010011001000000000101100001001000000,101000010100000101000010000000001001,000100100000000010000001110000110010,000000000011111000010000000110000100,81,30326ms
101001111000010000100000010000000000,010000000101100100000001100010100000,000110000000000000001110000101001010,000000000010001011010000001000010101,177,868ms
111101100001001000000000000000001000,000000001000000010100001011100110000,000000000100100100010100100010000110,000010010010010001001010000001000001,146,6932ms
101111101000000000000010000000100000,010000010000000000100001110000010101,000000000101001010011100000000001010,000000000010110101000000001111000000,117,30939ms
101111010000000001001000010000000000,000000100000101100000110100000001010,010000000000010010110001000001000101,000000001111000000000000001110110000,177,222ms
110010000000000010010010010101000000,000001101001001001000000100000100010,000000010010010100101000000010001100,001100000100100000000101001000010001,157,85ms
000011000000101000000001100001010100,100100001001000000010000000010100011,011000110100010000101100000000000000,000000000010000111000010011100001000,92,32158ms
110000110100010100000000011000000000,000011000011000000010011100010000000,001100000000001010000000000101110100,000000001000100001101100000000001011,157,6201ms
101001010100001000000000100110000000,000100000001010100110100010000000010,010000000000100010001001000001110001,000010101010000001000010001000001100,132,1572ms
010011000000000100100001110000001000,000000000000111010010110000100010000,100100001101000001000000000001100001,001000110010000000001000001010000110,144,7512ms
101011110010000000000100010000000000,000000000001100000000010100010101110,010000001100010100100000000101000001,000100000000001011011001001000010000,157,294ms
110000101100000010000000000101000001,000011000000010100100001100000000110,000000010001101000010010010010010000,001100000010000001001100001000101000,157,317ms
111000000100010010100000100000000100,000110100010001100000010000000001001,000001010000000001011001010000010010,000000001001100000000100001111100000,157,1533ms
011011000100000100010000010000001000,100100010010000001100001000001100000,000000101000011000001110000000000101,000000000001100010000000101110010010,67,9986ms
111011101000010000000000010000000000,000000000011001010000010000010001101,000100000100000000101000101001110000,000000010000100101010101000100000010,157,114ms
101111000000011000000000000000010100,000000000010000010110001100100101000,010000101101000001000100010000000001,000000010000100100001010001011000010,177,1458ms
001110000000000001000110010011000000,100000010100100000110000001000000101,010001000001001100000001100000011000,000000101010010010001000000100100010,62,1948ms
111011010000000000000000001110000000,000100000001000100001000000000111110,000000000010001001100111110000000000,000000101100110010010000000001000001,157,169ms
011010000000100101001000000101000000,100000000110010000100001000000010011,000000101001001000000110010000101000,000101010000000010010000101010000100,45,3754ms
110010101001000000011000001000000000,001000010000011100100000010101000000,000101000110000011000010100000100000,000000000000100000000101000010011111,141,5830ms
110000100010000100000000000110100010,001010010000100001001100010000000100,000100001000001010110011000000000001,000001000101010000000000101001011000,132,19104ms
011011011000000001000000000010000100,000100100100101000001000110000000010,100000000001000110100001000000101001,000000000010010000010110001101010000,148,12473ms
110010001000000100001011000000000010,000100000010010000000000100101111000,001000110000100001100000011010000000,000001000101001010010100000000000101,136,7889ms
101011000000100000001001000010000010,000000110001001101010010001000000000,000000000010010010100000100001011100,010100001100000000000100010100100001,96,44073ms
011100101000000000001001000000010010,000000010111000101000100010000100000,100010000000110000010010000100000101,000001000000001010100000101011001000,151,4811ms
010000111000001100000110000000100000,000010000001100010110000000100010100,101001000000000000001001100010000011,000100000110010001000000011001001000,144,3038ms
010000010001000000000101110001001000,001000101000100010101010000000010000,000111000010000101000000000110000010,100000000100011000010000001000100101,92,28332ms
010000011100000000010010000100001010,000000000010111000001000101000100001,001001000001000110000001000001010100,100110100000000001100100010010000000,74,13965ms
001001010001000000110001001100000000,000010000010000100000110000011110000,000000101100101010000000000000001011,110100000000010001001000110000000100,88,14211ms
001100100000001001000101000001000010,110000000000100110001000000100010100,000011000101010000000000111000000001,000000011010000000110010000010101000,39,2937ms
011110000000000000110101000000000010,000000110000001001000000000111101000,000000001000010100001010101000000101,100001000111100010000000010000010000,124,91224ms
001000000110001100000000011000101000,000000011001100010100100100100000000,000011100000010001010000000001000110,110100000000000000001011000010010001,19,6466ms
110001110000001011000000000000000100,001010000000110100000001000010110000,000000001110000000010100010101000001,000100000001000000101010101000001010,157,401ms
101000011000001000000000001000010011,010110000010000010001000000110001000,000000000101110001100100100000000100,000001100000000100010011010001100000,88,18514ms
001000010000100000011001100000000101,100010000000001001100010000001110000,000100001101000110000000010000001010,010001100010010000000100001110000000,29,1424ms
000010111000100000010010000000110000,001000000110010101000101000000000010,000000000001001010001000111101000000,110101000000000000100000000010001101,21,7621ms
001000110000000100101000110010000000,000000001010010010010000000101010100,010001000100100001000000001000100011,100110000001001000000111000000001000,86,28453ms
001000111000000000000000000101110001,100000000000000000100111101010000100,010001000101011100001000000000001000,000110000010100011010000010000000010,111,132843ms
110111010100000000000010001000000000,000000100010111000101100000000000100,001000000000000010010000100011101001,000000001001000101000001010100010010,166,660ms
101111011000000100000001000000000000,000000000001010001011100010000010010,000000000010101000100000001001001101,010000100100000010000010100110100000,148,24905ms
110110001000000000000010100000010010,000001100000110011110000000010000000,000000010000001000001000010101001101,001000000111000100000101001000100000,177,3472ms
001010011010000010100000000000100010,100000000100000100010000100111001000,000101000001010000001101001000010000,010000100000101001000010010000000101,57,9892ms
111110001000100010000000010000000000,000001000010000001100010100001001100,000000100001011100011000000010000001,000000010100000000000101001100110010,142,2049ms
000111101000000011000010000000000010,010000000010111000100000001100010000,101000000100000000000100110001100001,000000010001000100011001000010001100,148,901ms
010010111000000100000000001100000001,101000000010000010000001010001101000,000101000001101001001110000000000000,000000000100010000110000100010010110,77,29006ms
110111011000000000001000000000001000,001000000000000101100001100010010100,000000000101110000000110000100100001,000000100010001010010000011001000010,177,1300ms
011010101001000000001000000001000001,000100000100000101010001101000010000,100001000010111000000000010010100000,000000010000000010100110000100001110,136,14098ms
100111110000000101000000010000000000,010000000001100000011001000011010000,001000000010000000100010101100001100,000000001100011010000100000000100011,166,6295ms
110001111000100000000000000001000100,000100000010010011000000110100010000,001010000100000000001111001010000000,000000000001001100110000000000101011,157,359ms
100011100000000001010000010000011000,001100010010100000100000000001000011,010000001100000010001000001110100000,000000000001011100000111100000000100,136,373ms
011110011000010000001000010000000000,000000000101101000000100000001010110,000001100000000010000001101010100001,100000000010000101110010000100001000,89,19720ms
010100111000110000100000000000000001,000001000010001110000000101000010100,000010000101000000001100000100101010,101000000000000001010011010011000000,112,2316ms
000111011010000100001000000000000001,100000000101000000010110001001000010,001000000000100010100001010010011000,010000100000011001000000100100100100,71,18871ms
011001110000000000000000011000101000,000000000010010111000001000011010000,100010001100000000010110000100000001,000100000001101000101000100000000110,157,241ms
000100000100111010100010000000001000,100011000001000001000101100000000001,001000011010000000001000010010100010,010000100000000100010000001101010100,53,22700ms
011011101000001000010000000000000001,100000000000100010000100010100110100,000100000100010101001000100011000000,000000010011000000100011001000001010,102,4552ms
011100100000001100000011000000010000,100000011001100000110000010000100000,000000000010000001000000101110001101,000011000100010010001100000001000010,64,10635ms
100001111000000001100101000000000000,010000000110100100000010001001000100,001010000001000000010000110100010001,000100000000011010001000000010101010,157,1020ms
011110111000000101000000000000000000,000000000100100000100010001111100000,100000000011001000000001010000010110,000001000000010010011100100000001001,177,1587ms
111001111000000000010000000000010000,000110000010010010000000001001000101,000000000101001100001010010010001000,000000000000100001100101100100100010,133,9641ms
110110000000011000000001000000001010,000000101000100011000110000100000001,001001000110000100001000110000100000,000000010001000000110000001011010100,157,2887ms
001011011000000100000000000100100001,000000000011001000111100000000000110,100000000100110000000011011001000000,010100100000000011000000100010011000,125,78526ms
100010010100000100001001000001000001,011000100000000000100100100110000010,000000001010100010010000010000011100,000101000001011001000010001000100000,58,16882ms
101101011010000001000000000010000000,000010000000000010110010000000101011,000000000101101100000100000001010100,010000100000010000001001111100000000,137,6717ms
010010110100001000001100000000000001,000100000001010000000001000010101110,000000001000000011100010101001010000,101001000010100100010000010100000000,70,9611ms
011111000001100000000000010000010000,000000000100000100101111001000001000,100000011000001001000000000001100101,000000100010010010010000100110000010,156,13943ms
100110011010000000011000010000000000,000001000001100001100000001000100110,011000000000000110000111100000001000,000000100100011000000000000111010001,155,10967ms
011110101000001000001000000000010000,000000000101000100000000010111100100,000000000010110001010100100000001010,100001010000000010100011001000000001,94,93895ms
010011111001000000000010000001000000,101000000010010001000000011000101000,000000000000100110111000000100010001,000100000100001000000101100010000110,98,6288ms
001111001001100001000100000000000000,010000100000010000010001010000000111,000000010010000010101010000010110000,100000000100001100000000101101001000,88,45136ms
001010110010001000100000001010000000,010000000000010001011011110000000000,100100001000100010000000000000111100,000001000101000100000100000101000011,117,138912ms
110100011100000100100000000000000100,000000000011100000000010000110111000,001011000000010000001001110000000001,000000100000001011010100001001000010,157,637ms
000010001001001010000000100000011100,001001010000000101010000001001000010,000000000110000000001111010010000001,110100100000110000100000000100100000,15,1764ms
101110011010001000000000000000010000,010000100000000001010000010100101100,000000000101100100000100001011000010,000001000000010010101011100000000001,150,11383ms
011101110001010000000000000000000001,100000000000001000000101100110001010,000000001110100001100000001000100100,000010000000000110011010010001010000,113,11006ms
000110000100011000001000000001010010,001001010000100000000001101000101000,000000101011000000010100010000000101,110000000000000111100010000110000000,41,243ms
100111010000100000010001100000000000,010000000110000110000010000100101000,000000000001010001100100000001010011,001000101000001000001000011010000100,139,22604ms
111011111000000000000000000000100000,000100000010001010100100100001000100,000000000100110100011001000000010010,000000000001000001000010011110001001,141,1310ms
010101101010000010000000000000000101,100000000100100100101110000010000000,001000000000000001010001011001001010,000010010001011000000000100100110000,66,45295ms
101010101000001000010100000010000000,010100010000000100100001000100110000,000000000001000001001010011001000110,000001000110110010000000100000001001,83,51675ms
110111110000000100000000000000000001,001000000100010001100000001010000110,000000001010000010001011010000110000,000000000001101000010100100101001000,148,4963ms
000001010100000100010001001000100010,010000000000011001101000010100010000,001100100001000010000100000001001100,100010001010100000000010100010000001,36,894ms
101101111000000000001000000000000100,000010000100000010110000010100100001,000000000010010100000110101001000010,010000000001101001000001000010011000,122,3400ms
011101011001100000000100000000000000,000010000100010110100001000011000000,000000100010000000000000101100110110,100000000000001001011010010000001001,76,73076ms
011111110000000000000000100000010000,000000000101000000100011000101000011,100000000010001111010000010000100000,000000001000110000001100001010001100,177,1036ms
001111101000010000100010000000000000,100000010000001000000100001000011011,000000000011100001001001000111000000,010000000100000110010000110000100100,105,16234ms
111100011000000010000000000100010000,000010000000010101000010100011000001,000000000000101000010101011000001010,000001100111000000101000000000100100,120,11683ms
111101010000000000000000000000010101,000010100100000000100011101000001000,000000000011011001001000000100100010,000000001000100110010100010011000000,157,1063ms
100110010000101001000000100100000000,001000001001010100000000001010100100,010001000100000010110110000000000010,000000100010000000001001010001011001,177,2639ms
100110111000001000000001001000000000,001000000001100100100010000010010010,000001000000010010011100000100100001,010000000110000001000000110001001100,150,1126ms
111010101000000000000001000100000010,000100000100001001010000110000001100,000000000010010010101100000011010000,000001010001100100000010001000100001,157,662ms
111101001000000000000101000000100000,000000100101001000010010111000000000,000010000000100111001000000001010001,000000010010010000100000000110001110,111,17839ms
000010000000100000101001011000010001,001000001000000010010000000011101100,000100110010000101000010100100000000,110001000101011000000100000000000010,41,25379ms
000000110010001110100001100000000000,101110000000010000000010000100001010,010000001001000000001100000011100100,000001000100100001010000011000010001,48,40641ms
111111111000000000000000000000000000,000000000000100001000001101000111001,000000000100011000011100010010000010,000000000011000110100010000101000100,177,81ms
011100001001000000010000010001001000,000001100000101010101000000010010000,000010000000010000000110100100000111,100000010110000101000001001000100000,61,6342ms
110110111101000000000000000000000000,001000000000010100111001110000000000,000000000010000001000000000111111100,000001000000101010000110001000000011,177,128ms
010001011001010000000100000110000000,000010000000001110100001111000000000,101000000000100000001010000001110100,000100100110000001010000000000001011,157,3546ms
110010100000000000000010110010100000,000100010111000010010000000000010100,000001000000100101101100000001000010,001000001000011000000001001100001001,143,1158ms
111100010000000000010000000000000111,000000000100001101101000011100000000,000000001011110000000001000011001000,000011100000000010000110100000110000,136,2805ms
100100001000100000000110101000000100,001010100000001000111000000001000001,000000000110000010000001010010110010,010001010001010101000000000100001000,61,31702ms
011111001010000000000000100010000000,100000000100110010100101000100000000,000000000001000000010010011001101001,000000110000001101001000000000010110,92,44687ms
001010010001001001000000010000010001,000000101010010000000010000011100100,110001000000000110110000001100000000,000100000100100000001101100000001010,142,3523ms
101110001000010000000000010100001000,000000000000001000100010101010100101,000001010001100110010101000000000000,010000100110000001001000000001010010,142,39248ms
010111101100000000000001000010000000,001000000010000011000110000100100100,100000000000100100010000100001010011,000000010001011000101000011000001000,177,1158ms
110001001000001000100011000100000000,000000110110100100010100010000000000,001010000001010001000000001000010101,000100000000000010001000100011101010,146,23657ms
010010000001100000010001001000001010,100000100100001001001000100000100001,000001010000010100100010010010000100,001100001010000010000100000101010000,17,1106ms
100110001000001111000000000000010000,000000000000100000011101011010001000,000001100100010000100000100000100110,011000010011000000000010000101000001,135,6496ms
101110000000000000000010100100010001,000000010100110000001001001001000100,010000001011000000000100010010001010,000001100000001111110000000000100000,168,1630ms
011011100001100000000000000010000010,100000000000001100000010011100110000,000000010100000001011000100000001101,000100001010010010100101000001000000,78,26127ms
111111101000000000001000000000000000,000000000000100010010100000111001010,000000000001001101000010010000110100,000000010110010000100001101000000001,159,2050ms
010100110001000000000000100000000111,000011000000001100010001000010110000,001000001110000011100000000101000000,100000000000110000001110011000001000,117,1926ms
100010100001100001000000001000010100,010000010000000000110111000010100000,000000001110000110000000010100000011,001101000000011000001000100001001000,85,40170ms
010101110100000000100000000000100100,000000000011000010010010001100011000,100010000000111001000000010001000010,001000001000000100001101100010000001,142,1538ms
111110011000000000000101000000000000,000000000000001110010000100101001100,000000000100110000101000000000110011,000001100011000001000010011010000000,177,483ms
100001001001001100000001100000010000,010010000000000010101000011000000011,000000100010000001010100000011100100,001100010100110000000010000100001000,50,10984ms
100011001000001010000000110000000100,010100000010010000000000001010011010,001000000000100000100111000101100000,000000110101000101011000000000000001,111,14614ms
001111111001000100000000000000000000,010000000010101000011000001010000001,000000000100000010100110010100001100,100000000000010001000001100001110010,118,43334ms
001001111010000000000000001000011000,100000000100011010100000010001000001,010000000001000101001101000010000100,000110000000100000010010100100100010,51,12740ms
110000010001010001000000000010100001,000010100110000010000001000100011000,000101001000001100010100010001000000,001000000000100000101010101000000110,130,15060ms
010110000000000000000011100010000011,000001010001011011000000000100000100,001000001100100100001000000001101000,100000100010000000110100011000010000,81,152281ms
000110001010010000000100010000100001,001000000000001010100010001011010000,010000110001100000011000000100001000,100001000100000101000001100000000110,92,556ms
101001011000000000110001000000000100,000000100000010101000010001100001010,010010000000101000000000110001100001,000100000111000010001100000010010000,141,1604ms
001111000000001000010100100100000000,100000000011010000000011001001000010,000000111000100000100000010000011100,010000000100000111001000000010100001,94,9825ms
011001111001000000001000000000001000,100000000110010000100010010000100001,000010000000001110000101100010000100,000100000000100001010000001101010010,70,10535ms
111100101000000010000010000010000000,000000000100111101010000001000000100,000010010001000000000101100000011010,000001000010000000101000010101100001,128,3086ms
000001000000101010110111000000000000,010000000000010001000000011100001110,100000101111000000001000000010000001,001110010000000100000000100001110000,106,4151ms
110100010010010000010000000010000001,000000100100000000100001111001100000,001010001000100011000000000100011000,000001000001001100001110000000000110,157,173ms
100101000100100010100001100000000000,011000001010000001010100000100001000,000000100000010000001000010001110110,000010010001001100000010001010000001,107,6535ms
000110100000000100101100000100010000,010000010000001010010001010010000010,100000000001100000000000101000101101,001001001110010001000010000001000000,108,13747ms
111100111000000000010000010000000000,000000000000011010000001101001100010,000000000110000001000110000110000101,000011000001100100101000000000011000,146,6412ms
000000010100100011010000010000010001,000000000011011100000010000000001110,101110001000000000101001000001000000,010001100000000000000100101110100000,149,38511ms
000010011100010000010000000001110000,010100100000000100100001001100001000,100000000011101010000000000000000111,001001000000000001001110110010000000,65,51207ms
101010111000000100000011000000000000,000100000001000010010000101001001001,010000000100010001100000010000100110,000001000010101000001100000110010000,157,458ms
011111111000000000000000000000000001,100000000100110101000011000001000000,000000000000000010011100011000111000,000000000011001000100000100110000110,121,10134ms
110011110000010000010000000000100000,000100001000000001001010001010001001,000000000111001100000100110000000100,001000000000100010100001000101010010,157,7854ms
111100001000010100000000000001001000,000000000010000010101000100000010111,000010010001100000010010010110000000,000001100100001001000101001000100000,151,2647ms
001110010001010000000010000000101000,000000100000100000001001101000010110,010001001000001010000100010010000001,100000000110000101110000000101000000,64,3377ms
001010100110000110001100000000000000,000001000001000000110000100101000110,110000011000110000000000001000010001,000100000000001001000011010010101000,157,3033ms
001001000100000001101000101001000000,000000010001100000000111000100101000,010010001000001000010000010010010100,100100100010010110000000000000000011,90,15703ms
110101011000000000011000000000001000,000000000010000011100010000101100010,000000000101001100000001110010000100,001010100000110000000100001000010001,109,28502ms
010011010000000100010000001101000000,001000101000010000001000010000111000,100000000111001001000010000010000010,000100000000100010100101100000000101,157,1565ms
101101110000000010000000010000000010,000010001010010001100010000000010001,000000000001001100001100000100101100,010000000100100000010001101011000000,128,5873ms
011111010000001000100000000001000000,000000100011000010000110010000000110,100000000000110100001000101100001000,000000001100000001010001000010110001,177,418ms
000011001000001001000010010010100000,001000010011000000001000000000011011,010000100000010100110100001001000000,100100000100100010000001100100000100,49,4208ms
110001000000000000111000011010000000,000000100100100001000010100100001001,000010011011011100000000000000010000,001100000000000010000101000001100110,157,6489ms
010000100010000000010011001100010000,100000010000101000000100110000000110,000001001001000001100000000010101001,001110000100010110001000000001000000,66,3372ms
000001110000010100001100011000000000,000100001000100010100001000110001000,001000000000001001010010000000110101,110010000111000000000000100001000010,0,5722ms
100011000000000011010010010001000000,001000100100000000101100000010001100,000000001001101000000001000100110001,010100010010010100000000101000000010,62,24097ms
001110011100000000000000000000011100,000000000001010100000000101110100010,100000100000001010100001010001000001,010001000010100001011110000000000000,141,31612ms
101010011000011010000000000000000100,010001000000000100010000000111001010,000000000011000000101001101000010001,000100100100100001000110010000100000,115,74955ms
111100100000000100100000100010000000,000001000101010010000010000000100011,000000000010001000011000010101001100,000010011000100001000101001000010000,157,866ms
100000110010010000100000010011000000,010000001000000000010101001000110100,000111000001000001000000100100001010,001000000100101110001010000000000001,149,2594ms
111111110000000000000000000000001000,000000001000111110000000000110100000,000000000100000001011001110000000110,000000000011000000100110001001010001,156,1001ms
001100010000000000100010110000010010,000000000101110000001000001010100001,110011000010000010000001000100001000,000000101000001101010100000001000100,157,304ms
110010110000000000000000010100010001,001000001000000100000100100011001100,000100000100001001110001001000000010,000001000011110010001010000000100000,157,7001ms
110100000010001000011001010000000000,000001000001010101000010100010000010,001010111000000000100100000000001001,000000000100100010000000001101110100,157,269ms
111011100001000000000100000000100000,000000011000010000001001100010000011,000100000000100011110010010001000000,000000000110001100000000001100011100,157,1025ms
101010001001000010000010000000010001,010000000000110001011101100000000000,000100010110000000100000011010000100,000001100000001100000000000101101010,145,84000ms
100001000100100010001010011000000000,000100000000010100100100000101100001,011000010001000000010001000010010010,000010101010001001000000100000001100,144,11501ms
101000101000110000010001000000000010,000101000100000111001000001000000100,010010000010000000100010110000001001,000000010001001000000100000111110000,157,10707ms
110100001011000000000000000110000001,001000000000110110001000000001001010,000000100000000001110010011000010100,000011010100001000000101100000100000,128,6987ms
000100001001001001001000000101000001,000010010110010000110100100000000000,110000000000100110000001000000011100,001001100000000000000010011010100010,79,75190ms
000000000100001000010110001100001100,010000001000100100001000000010010011,001001100000010011100001000001000000,100110010011000000000000110000100000,61,18259ms
101100010010000000001100000000000011,010001100001100000010000000100110000,000010001100001100000010011000000100,000000000000010011100001100011001000,98,6746ms
010001111000000000000010000010001100,000110000101000100000000101100010000,000000000010010000111001010000000011,101000000000101011000100000001100000,81,7943ms
010101011000000001000000001000001001,100000100010000100110000100000100010,001010000100100000000001010011000100,000000000001011010001110000100010000,88,11209ms
101001000011000000001010001001000000,010000000000100110100000000100100011,000000011100001000010101100010000000,000110100000010001000000010000011100,108,4725ms
101111110001000000000000000010000000,010000001000000101110000000000110010,000000000000001010000110011001001100,000000000110110000001001100100000001,121,15705ms
101111111001000000000000000000000000,000000000010010000100110100000101010,010000000100000111010000000001000101,000000000000101000001001011110010000,177,93ms
111111010000010000000100000000000000,000000000110001001000000101111000000,000000000001100010011010000000101100,000000101000000100100001010000010011,140,9601ms
100010001000000000100101000000011100,000100010011000101001000000000000011,001001100100011000000000001100100000,010000000000100010010010110011000000,151,592ms
111110000000001001001001000000000000,000001000010110100000100010000000110,000000101101000010000000100100101000,000000010000000000110010001011010001,177,4613ms
011000111100100100000000000000010000,000000000000010011101000110100000001,000101000000000000010101001001001010,100010000011001000000010000010100100,89,58763ms
101100001100010100000000000010000010,010000010000000010000000001101100101,000011000010101000000010110000001000,000000100001000001111101000000010000,117,55851ms
001110110000000000100000000010001001,100001000010110001001000010000000010,010000001001000000010000101001010100,000000000100001110000111000100100000,120,17469ms
011101001000001010000000000100010000,100000010000010100100001101000100000,000000100001000001001100010000001101,000010000110100000010010000011000010,69,10591ms
011011001000000010100010000100000000,100100000010010000000101000011010000,000000110000000001001000111000100010,000000000101101100010000000000001101,101,3973ms
001101101001000000000000100100000001,000000000100100001001000000011110010,010010000010001000010111010000000000,100000010000010110100000001000001100,81,49375ms
010111010000000011000000000010000001,000000101001010000100100001001100000,101000000110000000010001000100011000,000000000000101100001010110000000110,177,121ms
111010100000000000001000000100100001,000001000000110011100001000000001100,000100010011000100000010011001000000,000000001100001000010100100010010010,157,351ms
011110010001000000010100010000000000,000000000100100100100000101011000010,100000001010011000000001000100110000,000001100000000011001010000000001101,177,5351ms
001110001000000001001000010000010010,000001000010100000100010001100001100,100000000001011100000101000001100000,010000110100000010010000100010000001,99,17243ms
010000101010101000000100000010000001,000100000100000100000000001101100110,001011010000010000100010010000010000,100000000001000011011001100000001000,79,63818ms
111001110001000000010000000000000010,000110001000000000101101000010001000,000000000010010011000000000101100101,000000000100101100000010111000010000,157,65581ms
111111011000000000000001000000000000,000000100001000011001000011010001000,000000000000100000110010100000110011,000000000110011100000100000101000100,177,223ms
010101001000000100000100000010110000,000000000100101000101010101100000000,101010000000010011000001010000000010,000000110011000000010000000001001101,133,13230ms
011001100010000001100001001000000000,000100001000110010000010110001000000,100000010001001100010000000100000011,000010000100000000001100000010111100,157,2262ms
110000001000000001001110000010001000,000010000001010110010001000000000101,001100100010101000000000101000100000,000001010100000000100000010101010010,127,3044ms
101101010000000100000100000000100001,000000001110101000110000000001000010,000000100000010011000000011010011000,010010000001000000001011100100000100,97,9420ms
111001101000000000000000011000100000,000100000110001100100000000100000011,000010010001010010010010100000010000,000000000000100001001101000011001100,143,2830ms
101111100000000000010010010000000000,010000000110100000000100001000110001,000000011000000011000000000101001110,000000000001011100101001100010000000,177,3395ms
100111001000000010001000001000000010,010000010011100000000001000011010000,001000000100000100010100100000101100,000000100000011001100010010100000001,127,7693ms
101101100000010000010000100000010000,010000000000001000001100000101100110,000010010010100010000011010010000000,000000001101000101100000001000001001,108,9624ms
100001011010011010000000000000000100,011000000100000000100101011010000000,000100100001000001001000100000110010,000010000000100100010010000101001001,105,10167ms
111000100000000000000101011001000000,000110011110000010000000100000001000,000000000000111000101000000010000111,000001000001000101010010000100110000,115,36982ms
111011001000000100000000000100000001,000000010001000001110000001011100000,000100100100000000001010110000010010,000000000010111010000101000000001100,157,31ms
101000001000001000000100101000000011,000000010000010010110011000100010000,000001000001000101001000000001101100,010110100110100000000000010010000000,54,7514ms
011001000000010010000000001010100001,000010100000100100001010000101010000,000000000011001000010101110000000100,100100011100000001100000000000001010,22,3838ms
111000110000010000000010000001100000,000011000001000011000100000100001001,000100001110000000010001001000010010,000000000000101100101000110010000100,140,1642ms
011011110000100100000001000000000000,100000001010010000000000110100110000,000100000000000010010100001001001110,000000000101001001101010000010000001,82,18512ms
000000011000011100010100000101000000,110110100000000000000010011000100000,001001000010100001100000100000010001,000000000101000010001001000010001110,36,10364ms
110010011000100110010000000000000000,000001100001010000000011000000010110,000100000000001001101000010001001001,001000000110000000000100101110100000,136,594ms
110011111000000100100000000000000000,001100000100000000001100011000010100,000000000000110001000001100011001010,000000000011001010010010000100100001,142,1144ms
100101110010000000000001000000001010,010010000001011010100100000001000000,001000000000100001010000001110100001,000000001100000100001010110000010100,112,6775ms
010111100000101000001100000000000000,100000000011000010100000011100000100,001000011000010100000001100000000011,000000000100000001010010000011111000,80,13145ms
100001110001000100000010001000000001,000000001000110000010000100001001110,011110000000001010001100000010000000,000000000110000001100001010100110000,125,6289ms
000100100001001100011001000000100000,000001001100000010100100010000000011,010010000010100001000000100111000000,101000010000010000000010001000011100,41,3594ms
000001001001100000010011010000010000,001000100100010100000100000010101000,100010010010000010001000101100000000,010100000000001001100000000001000111,106,4928ms
101011100101000000001000000000000010,000100001000100011000011000101000000,010000000010001000100100010000001101,000000010000010100010000101010110000,157,216ms
110100100000010000000000010010010010,000000001010000100010110100101000000,001010010100000000101001000000001100,000001000001101011000000001000100001,146,1404ms
111110110000000001000000000000001000,000001000110011000000101001000010000,000000001000100100100000110000100101,000000000001000010011010000111000010,147,6774ms
100101101000000100001010000100000000,010000010100111010000000000010001000,001000000001000001010101001000010001,000010000010000000100000110001100110,100,13049ms
101011010000000000100000000001011000,010000100010110010000000011000100000,000000000001001100010101000100000110,000100001100000001001010100010000001,139,6612ms
101110101000001000000010000000001000,010000000000100001010001100010010100,000000000010000100101100010100000011,000001010101010010000000001001100000,177,1229ms
100000001000000100100001110000100010,000001010011000000010100000001001100,010010000100001001001010000010010000,001100100000110010000000001100000001,106,5431ms
110011100000000010011000100000000000,001000010001000000000001000010011110,000100000110010000000100011000100001,000000001000101101100010000101000000,144,2597ms
001001110000000001000000001000011001,100000000110000110000111000000100000,010110000001101000100000100001000000,000000001000010000011000010110000110,106,37090ms
110100101000000100000101000000000010,000000010000001001111000000011100000,000001000010110010000000110000010100,001010000101000000000010001100001001,104,1544ms
111001001000001011000001000000000000,000000000010000100001110000100001110,000100000100100000010000111010010000,000010110001010000100000000001100001,152,2136ms
001001001001000000010100001000000011,010110100000000100101010000000010000,000000010000000000000001110111001100,100000000110111011000000000000100000,36,64848ms
010000001100000010000010110100001000,000000000001100100000101001010010001,100010110010010000001000000000100010,001101000000001001110000000001000100,124,1893ms
111111000000000001000000000000110000,000000110100000100001011100100000000,000000001000010000110000000011001101,000000000011101010000100011000000010,164,1001ms
100010101000001100001000000000010100,001001000100000010100010100000000011,010100000001110001000000001101000000,000000010010000000010101010010101000,135,1141ms
101101101000010100000000001000000000,000000010111000000000110100000001010,000000000000000001010000010111110001,010010000000101010101001000000000100,105,16964ms
001011010000000010000101001100000000,000100000001010101000010100001001000,000000101110100000101000000010100000,110000000000001000010000010000010111,98,1228ms
011101010001000101000000000010000000,000000101000100010010000000100010011,000000000100000000101111001000101000,100010000010011000000000110001000100,89,29696ms
111010011000000000000000000010010010,000000000110000001010000101001001100,000101000000000100000111010100100000,000000100001111010101000000000000001,157,114ms
010110001010000000010000000101000100,101001000100000000101010100000000010,000000100000001101000101000010110000,000000010001110010000000011000001001,83,4275ms
101000000000100000000100000100111100,000001000110001001100000001001000001,010010000000000010011010100010000010,000100111001010100000001010000000000,101,42793ms
101010010010110000000000000000001100,000100001101001000010000000010110000,010001000000000011001010001101000000,000000100000000100100101110000000011,144,1627ms
010011110001000000011000010000000000,001000001110001001000010000010000010,000100000000000110000101100000111000,100000000000110000100000001101000101,59,57499ms
010001110100000000010110000000100000,100000000010001001100000100001000110,001010000001110100000000001000011000,000100001000000010001001010110000001,84,11801ms
000111100100011100000000000000000010,011000000000100001010011000100100000,000000000001000000000000111011011001,100000011010000010101100000000000100,64,36936ms
101110010000000000000010000000001011,000001100010101010001000000100000100,010000000000000100100101110010010000,000000001101010001010000001001100000,177,1589ms
101100110000000010000000001011000000,000010000000100001001011110000100000,010001000110001100110000000000000010,000000001001010000000100000100011101,157,1311ms
111000001000000101000101100000000000,000000000100100010001010000001000111,000010110001010000010000010100001000,000101000010001000100000001010110000,125,7839ms
100101111110000000000000010000000000,001010000000000101010000000110001010,010000000000101010000001101001100000,000000000001010000101110000000010101,142,1028ms
100010011100000001000010000000001010,000000100000010000101100100110000100,000000000011101110010000000000110000,011101000000000000000001011001000001,44,30506ms
010101100000010000000000010100010010,001000000101000000101001000011000100,000010011010000011000100000000100001,100000000000101100010010101000001000,65,18962ms
000011101001100000000000000010010100,011000010010000011000000000101000001,100000000100011000100001111000000000,000100000000000100011110000000101010,103,34696ms
110111000001000001001000000100000000,001000110000010110000000000000000111,000000000000001000000110110011110000,000000001110100000110001001000001000,126,23864ms
101010100000000000000001010101000100,000100011011000011000100001000000000,010001000100000100011000000000111000,000000000000111000100010100010000011,144,42252ms
000101101000010101010001000000000000,001000000101000000000100000110001110,110000000010100000000010011001100000,000010010000001010101000100000010001,144,6550ms
010110100001100000100100010000000000,000001011000001001000000001000010011,100000000010000100001000000111001100,001000000100010010010011100000100000,177,9543ms
000111001010100000001100000100000000,100000000000000100000010101000011101,010000000100010011010001000010100000,001000110001001000100000010001000010,94,4153ms
011010111000000000001000000000001010,100000000101001100000100010100000001,000101000000110000010010101010000000,000000000010000011100001000001110100,79,34061ms
010111110000000000001000000110000000,001000000110000000100010110001100000,100000001000110000000001001000000111,000000000001001111010100000000011000,177,40ms
001010111000000011000000010010000000,010000000000000000110000101100010101,000001000101111000000010000000100010,100100000010000100001101000001001000,44,12284ms
001100000000100011010000000010000101,000001011100010100000100001000100000,010000000010000000000011110100011000,100010100001001000101000000001000010,38,7428ms
000001011001001000000000100000101001,000000000000110100000101001100000110,011100100110000000100000000011000000,100010000000000011011010010000010000,92,2842ms
000101100010000010000010010000000101,100000010000000100000000100111110000,010000001000100000011101000000001010,001010000101011001100000001000000000,42,21115ms
010101010100000100000000011100000000,100000000010001000101010000000011001,000000101001110010010001000000000010,001010000000000001000100100011100100,91,12103ms
101110111000000011000000000000000000,010000000101001100100010001000100000,000001000000010000011001000001011001,000000000010100000000100110110000110,148,4113ms
111100000000000001100000001010000100,000000101100101110000100000000000001,000011010000000000001010010101010000,000000000011010000010001100000101010,157,1852ms
010010100000011100011000010000000000,001000001000100001000000001011000011,000000010100000010100111000100100000,100101000011000000000000100000011100,93,20212ms
100010111000001100000100000000010000,010101000100010000100000001000100100,000000000001100011000010110000000011,001000000010000000011001000111001000,58,5777ms
111001000000000000000010100000011001,000000000000010100010100011011000100,000000101100100010101000000100000010,000110010011001001000001000000100000,151,5515ms
101100000100001000000000100001000011,010011001001000101000010000000100000,000000010000010000011100001010010100,000000100010100010100001010100001000,89,20257ms
111101101000000010001000000000000000,000010010001110100000110000100000000,000000000100000001000001111011000100,000000000010001000110000000000111011,157,10841ms
000110111100001001000000000000001000,000001000010100010000000010000110110,000000000000000000000111101111000001,111000000001010100111000000000000000,83,152938ms
001101000000010001000001000010100001,010010100000000000010000101101001000,100000010100000000001110010000000110,000000001011101110100000000000010000,88,32707ms
010100101010100000100100001000000000,000000010100000100010011010001000010,101011000000000011001000100010000000,000000000001011000000000000100111101,142,15996ms
001100110010000001000000100001001000,000010000001101000000001001100000101,100001000000000010110000010010010010,010000001100010100001110000000100000,118,6281ms
000110010000000000001000010010011010,000000001000000000010011101000100101,001001000111101011000000000000000000,110000100000010100100100000101000000,78,750061ms
010100001000000010000110000110000010,001011000100100100000000100000101000,000000010000001000101001011001000001,100000100011010001010000000000010100,62,9752ms
100100011010000010000100000101000000,000000000001001101100001010010000100,011000100000110000011000001000000010,000011000100000000000010100000111001,134,2548ms
000100110000011000001000000010001010,001010001001000110000000001000010001,110000000010000001100001100001100000,000001000100100000010110010100000100,95,4259ms
111010110010000000000000101000000000,000000000101111000000000000000100111,000101000000000011000011010010001000,000000001000000100111100000101010000,122,4183ms
101010000000101000010001000000100100,010101110000010000000100100000001000,000000000110000001001010001100010001,000000001001000110100000010011000010,107,7081ms
001101100000001010100001000000000100,100000000001110001000010100000101000,010010000110000100011000000001000001,000000011000000000000100011110010010,104,43158ms
110001101000001000010100100000000000,000100010110100000001000010000001100,001010000001010010000011000001100000,000000000000000101100000001110010011,146,2457ms
101101000010000000001000000001100010,000000100001001101010100000010001000,010010000100010000000001001000010101,000000011000100010100010110100000000,142,384ms
001100001000100000000001011100000100,000010100100000001000000100010111000,100000000000010010111100000001000001,010001010011001100000010000000000010,115,30092ms
001111011001000000100000000000010000,000000000110000101001010000100101000,010000100000101010010101010000000000,100000000000010000000000101011000111,112,39886ms
100100111000001000010011000000000000,001000000000000101001100000010110100,000001000110100000000000101101001000,010010000001010010100000010000000011,126,1831ms
000111110000000000010100100001000000,011000000000000001001000000100011011,000000000111001010100000010010000100,100000001000110100000011001000100000,88,48051ms
100111000000100000000000011000000110,000000111000010010110000000100100000,011000000100000000001110000011000001,000000000011001101000001100000011000,139,911ms
010010010011000000100000100000001001,000000000000001000001110011000110100,000001100000110101010000000011000000,101100001100000010000001000100000010,59,2379ms
100001100100001000000010010000100010,000000000001000110100100000101000101,001110001000000001010000100010010000,010000010010110000001001001000001000,133,8163ms
100101011010000000001110000000000000,000000000001000010000001101011010001,001010100000110000110000000100001000,010000000100001101000000010000100110,157,206ms
010110010010100000001100001000000000,100001100000010001010000110000010000,001000000101000010100010000010100010,000000001000001100000001000101001101,139,11926ms
000111000000000001100100100000010001,000000101000001110011000010000100000,000000000010110000000010001101000110,111000010101000000000001000010001000,68,20458ms
100000100100001100100000110010000000,000100001000000010010100001101010000,000001010010110000001010000000001100,011010000001000001000001000000100011,84,8200ms
000101000100000000001011010100000010,100010001010010101000000100010000000,010000010000100000010000001001110001,001000100001001010100100000000001100,68,3586ms
111011011000000000100010000000000000,000000000110000010001101000000110010,000100000000110100010000100011000001,000000100001001001000000011100001100,157,120ms
000001100000011000000000000011010110,000000000101100101011010100000000000,100000000000000010100100011100101000,011110011010000000000001000000000001,81,265441ms
000100101010001000100000100001000001,000010000000100100010000001010011010,001001010000010001000111010000000000,110000000101000010001000000100100100,67,28760ms
100110000100000000000100001100101000,011000101000000010100000100010010000,000001000000111001000011000000000011,000000010011000100011000010001000100,98,2107ms
110100110000000000000001000100001010,000000000000011001010000111000110000,000010000101000010101010000010000001,001001001010100100000100000001000100,157,1028ms
000110110000000000010001100000001100,000000000010001010101000010110100000,101001000001100000000100001000000011,010000001100010101000010000001010000,107,11796ms
100100010000010000010010100000000011,000001100001001101000000000110000100,001000001100000000101101001001000000,010010000010100010000000010000111000,157,25694ms
100011010100000000000000010010110000,010000000010100000001110100100000010,000000000001010101100000001001001100,001100101000001010010001000000000001,98,7180ms
001110101000000000011000000100000100,110000000110000000000010100011010000,000001000001001101000100001000100010,000000010000110010100001010000001001,87,1012ms
101010110001000100000101000000000000,000100000000100001011000101000110000,000001001010011010100000000100000100,010000000100000000000010010011001011,144,727ms
011001101000000000001000000100010001,000010000110100010100000001000101000,100000010001011100000010010010000000,000100000000000001010101100001000110,157,655ms
101000100000000000010000001110011000,000110001000100100100100010000100000,000000010100001001001000000001000111,010001000011010010000011100000000000,113,204961ms
100100000001010010001100000000010100,001001000010000000010000101100000011,010000100100000001100001010010001000,000010011000101100000010000001100000,126,2625ms
010011100001001100000000100000010000,000100000000100010101000001000101001,101000000000010001000010010001000110,000000011110000000010101000110000000,122,3934ms
110110010000000000000001110001000000,001000000110000010000100000010101010,000001000001111101001000000000000001,000000101000000000110010001100010100,123,27629ms
101101001010000000010000010000001000,010000000000101110000000100101000001,000010010100010001100100000000010100,000000100001000000001011001010100010,157,260ms
100000111000100000100000000100001001,011000000110001001000010100000000010,000111000001000010010101000010000000,000000000000010100001000011001110100,150,5558ms
011001011001000010000000000000101000,000110000100000100001010100010000010,000000000010011000100101000000010101,100000100000100001010000011101000000,81,12705ms
010001000000100101000010001000110000,001000000011010010010000100010000001,000100001100001000001001010000000110,100010110000000000100100000101001000,18,503ms
100110101010000011000010000000000000,000000000000001100101001000001001101,001000010101010000000000000100110010,010001000000100000010100111010000000,177,11404ms
111110101000000000000001000100000000,000001000000010010000100101001011000,000000010011000100100010010000100010,000000000100101001011000000010000101,177,42ms
011101101100000001000010000000000000,000000000010010100000100100110001100,000010000001001000010001001000110001,100000010000100010101000010001000010,91,18873ms
010100000010001101001100000000010000,000001000001000000110011000010001100,100000110000100000000000100100100011,001010001100010010000000011001000000,115,16181ms
010011011000000000101000000000011000,000100000010010001010100010101000000,101000000001001110000000100010100000,000000100100100000000011001000000111,157,161ms
011110001010011000000000000010000000,000000000001100001100001001001110000,000001000100000100001010000100001101,100000110000000010010100110000000010,132,12839ms
011001010000000100000010001000101000,100000001100001000100001000000010101,000010000010010001000100110100000010,000100100001100010011000000011000000,77,2697ms
111000101001000000000000000001100010,000011000000100100011100110000000000,000000010000010010000010000110011100,000100000110001001100001001000000001,157,21722ms
000000001000000000101000111001011000,100000110100010010010000000010000100,000100000011101000000111000000000001,011011000000000101000000000100100010,0,6611ms
110010111000000000000001100000001000,000101000010110000010000001000100001,001000000100001000101110000000000110,000000000001000111000000010111010000,157,335ms
101011001000011000100000000010000000,000000000010000100000110101001001100,010000000000100011001000010100010001,000100110101000000010001000000100010,143,354ms
110101001000001000001000000000101000,001000110110010000000000010000010100,000010000000000010110001001001000011,000000000001100101000110100110000000,113,41820ms
011010010010000000100000100000101000,100001100000010000010000010010010001,000000001100101100001001000100000010,000100000001000011000110001001000100,108,7176ms
110110110000000000000000100000001010,000000001001011100100010010001000000,000000000100000001011001001010000101,001001000010100010000100000100110000,150,25466ms
111100110000010000000100001000000000,000000001000000010011000000011110100,000011000000100101000001110000000001,000000000111001000100010000100001010,122,4913ms
101001101000000010010000000000001010,010010000011100000100001000010010000,000000000100011101000010001001100000,000100010000000000001100110100000101,99,35858ms
110111001000000000000000100000100001,001000110000000100100000000011010100,000000000100011010001101001000000010,000000000011100001010010010100001000,122,113180ms
101100101000100000000001011000000000,000001010111000000000100000110001000,000010000000000101001010100000010011,010000000000011010110000000001100100,104,5458ms
001011100001000000000000001100100001,000100001100000000110001100010000010,010000010000110101001100000000010000,100000000010001010000010010001001100,71,24257ms
010001001100100001000100000000001100,001010100011010010000000000000000011,100000000000001000010010101101010000,000100010000000100101001010010100000,113,105090ms
110101010010000001000000000001100000,001000100001100000000011001010001000,000010001100010110100000000100000010,000000000000001000011100110000010101,157,49ms
000011111010000000000100000000010001,000000000000100101010000110100001100,000100000101001010000010000011100000,111000000000010000101001001000000010,47,10998ms
111000010010000000000010000101001000,000000001000101011001000101000000100,000100100001010000000001010000110001,000011000100000100110100000010000010,133,1278ms
111101000100100000000000000001010000,000010010000000000000101011100100010,000000000011010101010000000010000101,000000101000001010101010100000001000,157,4152ms
001000001111000001001000000000100010,010000110000001100100001101000000000,100100000000110000000010000110011000,000011000000000010010100010001000101,105,15663ms
100101100100000000000000000001110100,000000001000010100001010101110000000,000010010010001010110000010000001000,011000000001100001000101000000000011,126,926ms
101001100000000010010000010010000001,010100001000000001000100001001100010,000000000011111000001010100000000100,000010010100000100100001000100011000,77,19475ms
000001101110100010100000000000001000,001100010000010001000000010111000000,000010000000001000010110001000110100,110000000001000100001001100000000011,43,6180ms
000100010001100100000100000010010010,100011000000001011110000010000000000,010000001010000000000011001100100100,001000100100010000001000100001001001,45,21531ms
101011111010001000000000000000000000,000100000001100001001000001110010000,000000000000000010100110100000100111,010000000100010100010001010001001000,127,2366ms
000111010000010010000000000010001100,000000001000000001001100101000110001,011000100100001000000011000001000010,100000000011100100110000010100000000,122,26726ms
001111010000001000000000000001000011,000000000001100001010000111000110000,010000100110010110000000000000001100,100000001000000000101111000110000000,116,52271ms
001001100000000001000111000000100010,000000000010111110000000011000010000,100010001100000000001000000101001001,010100010001000000110000100010000100,115,7194ms
011111011000000100000000001000000000,000000000101100010110100000000100001,000000100000000000001001100101010110,100000000010011001000010010010001000,125,46459ms
000101010000000110000100000010100100,101000000010000000111010010000001000,010000001001010001000000100000010011,000010100100101000000001001101000000,54,9312ms
011000100100010001000001100000001000,000000001010000000000010011100110100,100001010000100100001000000011000001,000110000001001010110100000000000010,137,14801ms
111001011000000000101000000000010000,000110000001000010000010010001000110,000000100000110001010000001110000001,000000000110001100000101100000101000,157,330ms
110001011000000000010000000010000101,000010000110000000001100000101110000,001100100000001010100001011000000000,000000000001110101000010100000001010,157,1354ms
110110011000000000000010100100000000,000000100101110000010000000010010100,001000000000000110101000001001001001,000001000010001001000101010000100010,177,49ms
011010100100000001000000001110000000,000000000001001000100010010001101100,000001010000110010011101000000000000,100100001010000100000000100000010011,103,24810ms
000000100000110010000010100000110100,100010000000001000100001000101001010,010100001110000001001100000010000000,001001010001000100010000011000000001,40,12850ms
011001001000100000000000001000110100,100000000001000100110000100111000000,000010100000011000001111000000000010,000100010110000011000000010000001001,61,15084ms
100101010100000000011000000001000001,001000100000010100000110100000000110,000010000010101001100000001100001000,010000001001000010000001010010110000,143,89ms
111010010000000001100010000000001000,000100000001001010000100011010000100,000000101100000000010000100101100010,000001000010110100001001000000010001,157,105ms
010010011010000110000000000000010010,001000100000100000010000100110100100,100000000100010001001110010000001000,000101000001001000100001001001000001,132,18989ms
111110100000000000000010000000001001,000000000100000000111001011001000100,000001011000010101000000100000010010,000000000011101010000100000110100000,149,1911ms
110101000000100001000110000001000000,000000000110001100010000001000000111,000010101000000010000001100100011000,001000010001010000101000010010100000,127,8454ms
011011111000000000010000000000100000,000000000101000001101000001001001001,000100000000011010000101000110000010,100000000010100100000010110000010100,103,8744ms
100111100110010000000000100000000000,000000000000100000001100011010011001,011000010001001010010000000001000100,000000001000000101100011000100100010,177,593ms
111110111000000000000000000000001000,000000000100100011100100000000000111,000001000011010000000000110100110000,000000000000001100011011001011000000,177,57ms
100000101000010101010001000001000000,000010000010000010101010000010001010,011101000101001000000000100000000001,000000010000100000000100011100110100,146,3683ms
100100100110000000000100011000000100,000001001000011010001000000010011000,011000000000000101110010000000000011,000010010001100000000001100101100000,144,670ms
100000000000000010001000101010010101,000001011100001000010110000100000000,011110000001010100000001000000000010,000000100010100001100000010001101000,129,4238ms
110101100100000000000001000000101000,000010000000010101010000001000010011,001000010001101010100110000000000000,000000001010000000001000110111000100,157,864ms
011110100000000001000010000100010000,100001000010011100100100000001000000,000000010100100000011000101000000011,000000001001000010000001010010101100,116,7602ms
100000010001000101001010010000100000,000110100100100010100100000001000000,011001000010010000000001000010000011,000000001000001000010000101100011100,106,32049ms
001111110000010000000000000100100000,000000000110000010010100010011000001,010000000001000101000011001000011000,100000001000101000101000100000000110,110,20694ms
001000101001001000110000010100000000,000111000100100010000000001000000011,110000010010000100001010000010000100,000000000000010001000101100001111000,144,2868ms
111101110000000000000001000100000000,000010000000000110000000000011001111,000000000101011000101010000000110000,000000001010100001010100111000000000,157,4920ms
110011011100010000000000000000010000,001000000000100010100010111000000001,000000100011000000010001000111000100,000100000000001101001100000000101010,157,181ms
000010100001010000100100001010001000,100000001110000001000011000100000010,010100000000001100000000100000110101,001001010000100010011000010001000000,17,4893ms
000000111000100001100000000011100000,001110000000000010000000101000010101,000001000010010100011100000100001000,110000000101001000000011010000000010,38,1464ms
011100011001010010100000000000000000,000010000000000101000110000100110010,000001000010100000010001000010001101,100000100100001000001000111001000000,100,10381ms
110100111000100100000000000010000000,001000000001000000100010110000101100,000010000000010000001001001101000011,000001000110001011010100000000010000,146,18609ms
000011011000000000000100010000011010,010100100011010000000010000001000001,000000000100101011110001000000100000,101000000000000100001000101110000100,32,18120ms
101011011100000100000010000000000000,000000100001100010000100100100000011,000100000010011001011001000000001000,010000000000000000100000011011110100,143,5057ms
010010001000010000001010000011000100,101000000000000011010001101000000010,000101000011001100000000000000011001,000000110100100000100100010100100000,50,22366ms
001010000000100000010010000010111000,110100000011000000000000010101000010,000001010000000010001101101000000100,000000101100011101100000000000000001,0,6438ms
010110101000000000010001000000011000,001000010000001111000010000001000100,000000000100110000100000101110100000,100001000011000000001100010000000011,126,20512ms
000110101000000000001000001100010100,000001010110010001100000000000100001,011000000001100100000011100010000000,100000000000001010010100010001001010,104,13737ms
010100010010000110001010000000000100,101001001001011000000000001010000000,000000100100100001100000000101100001,000010000000000000010101110000011010,75,59796ms
100011011100000100000000100000100000,000000000001010001001001010010000110,011000000000101000010110000001010000,000100100010000010100000001100001001,135,1329ms
111010001001001000000000100000010000,000001010010000001011010000001001000,000100000100100110100101000000000010,000000100000010000000000011110100101,157,1462ms
000101011100000001001000100000000100,011010000000001110100000000010001000,000000100000110000010001000001110001,100000000011000000000110011100000010,31,3898ms
010100100001110001000000000001100000,001000001000000010000010001110000101,000011010110000100001100010000000000,100000000000001000110001100000011010,97,162704ms
000010010010000000011100110000000010,001101100000100101000010000000000001,000000001001001000100001001100011000,110000000100010010000000000011100100,13,17876ms
100111101010000001000000000000000010,011000010000001010000100001100100000,000000000100100000111000100001000101,000000000001010100000011010010011000,132,21131ms
000110011000000000000101000100101000,000000000100100010101000001001000011,001001000010010001010010010010000000,110000100001001100000000100000010100,88,45631ms
001101011000001000001000000001001000,100000000000010000110000011000100110,010010100110000001000010100000000001,000000000001100110000101000110010000,105,30944ms
010111011000000000000001000001100000,000000000111111000000000001100000001,101000100000000010110010000000010100,000000000000000101001100110010001010,177,147ms
001110111101000000000000000000000001,110000000010000000000010010100100110,000001000000100011110100001000010000,000000000000011100001001100011001000,77,12629ms
110110101000000000100000001000000100,000000010000100000010110110001000001,000000000100010011001000000100011010,001001000011001100000001000010100000,177,1604ms
001100011000100000000000010111000000,100001100000011000000000001000011010,010000000110000000100101100000100100,000010000001000111011010000000000001,120,4570ms
001101111000001000000010000100000000,010000000100100000100000110001011000,000010000001010010000101001000000011,100000000010000101011000000010100100,55,3293ms
100000011100100001100101000000000000,010100100010000000011000011000000100,001011000000000110000000000101010001,000000000001011000000010100010101010,127,71740ms
111111001000000000000010001000000000,000000100100101000001100100000100001,000000000010010100100001010000010110,000000010001000011010000000111001000,177,1254ms
010011101000000000110100000001000000,100000000100000010000010010010110010,001100000001111000001000001100000000,000000010010000101000001100000001101,123,5462ms
011010110000001000101000100000000000,100000000000000110000101011000011000,000101001101110000010000000000000100,000000000010000001000010000111100011,119,21877ms
100110100000110000100001000000001000,010000000001000010011000011110000000,001000001010001001000110000000100100,000001010100000100000000100001010011,132,2754ms
100101001000001000001010000001000010,000000010001000000110000001110001001,001010100010000100000001010000010100,010000000100110011000100100000100000,90,9789ms
100111111000000000000000000000101000,000000000011110000010100000101010000,011000000000001100100000010010000101,000000000100000011001011101000000010,166,2744ms
100011101000010001010000000000001000,000100010010101000000100000110000001,010000000101000010000000110000010110,001000000000000100101011001001100000,136,3291ms
010001101000010010000010000000010100,100100000000000001101100001100100000,001010000100101000010000100001000010,000000010011000100000001010010001001,69,4270ms
110000111000100000000000010000100100,000101000000000011000000001110011000,001010000101011000000011000000000010,000000000010000100111100100001000001,153,7639ms
011000001000100000010000110000010001,000010010001010001001100001000001000,000000000110001010100000000111000100,100101100000000100000011000000100010,96,20663ms
011011010100000101000010000000000000,100000000010000000000100011001011001,000100000001010000011001100100100000,000000101000101010100000000010000110,104,14448ms
011000011100010000001000000100000010,000100000001000111110100000010000000,100001000000100000000001000001111001,000010100010001000000010111000000100,157,4753ms
111000011000000000001100010000000100,000000100000010010100010100100100001,000101000110101100000001000000000010,000010000001000001010000001011011000,157,2837ms
001001101000000101010000100000001000,010000010000001000100010010001100010,000110000001110010001000000100010000,100000000110000000000101001010000101,73,10043ms
110111111000000000001000000000000000,000000000001011010010010001000000101,001000000010000001000000010011111000,000000000100100100100101100100000010,168,1978ms
001101010100010100100000100000000000,100000000011001010010000001100000001,000010101000100001001011010000000000,010000000000000000000100000011111110,85,88031ms
011100000000100010100000001000010100,000011000000000000010100100110101000,100000000101011100000010000001000001,000000111010000001001001010000000010,157,11544ms
101100011000000000000001010110000000,000000000111010010010100000001010000,010011000000100101001000100000000100,000000100000001000100010001000101011,157,70ms
001101110000000000000001010010000010,000010001100000001010110100000000001,100000000011100010001000000000111000,010000000000011100100000001101000100,106,28698ms
001101001010000000001010000000100010,010000100000010010000101000110000001,000010000101101001000000000000011100,100000010000000100110000111001000000,54,26546ms
010101111000100000000000010000000010,100000000000001000001100001101010100,001010000010000001010010100010000001,000000000101010110100001000000101000,78,26022ms
110101111000000000000010000000001000,000010000000000110010100000001100101,000000000101111001000001000010000010,001000000010000000101000111100010000,127,5438ms
100011110000000010000000001010000010,001000000000010100010001010101001000,010100000011100000100010000000000101,000000001100001001001100100000110000,144,430ms
110000000000001000000001000000011111,000001000011100000010110100000100000,000000010100010011001000011001000000,001110101000000100100000000110000000,78,12468ms
110011010100000000000000000000011001,000000101001001000001000010101100000,000100000010100001010101000000000110,001000000000010110100010101010000000,122,3316ms
101001001000001010000001010010000000,000100000011100000000100100001000101,010010010100000100100010001000010000,000000100000010001011000000100101010,153,1014ms
011010011000000001000000001001010000,100000100000110000011011000000000001,000100000100000000100100110010100100,000001000011001110000000000100001010,97,50620ms
111011110000000010000000010000000000,000000001001111000010001000100000100,000100000100000001001110000010100001,000000000010000100100000101001011010,151,3000ms
011100010010000000000000100000100011,000000101001000100001100011000000100,000011000000110010110000000101000000,100000000100001001000011000010011000,112,10367ms
110110100011000000000000000100010000,001000000000110000000100010011000101,000000010000001101011010001000000010,000001001100000010100001100000101000,153,2270ms
111001100000000001001000000010010000,000100000000110010000001100100100001,000000000101000000100110010001001100,000010011010001100010000001000000010,157,4008ms
010001010000000001011000001000100100,000010100001010100100010100000010000,101100001010100000000100010000000010,000000000100001010000001000111001001,121,23834ms
101000111011000000000001000100000000,000000000000011110010000110001100000,000010000000000001001100001010010101,010101000100100000100010000000001010,101,6256ms
101000110000001000100100000010100000,010010000101000010000000010001000110,000100000000000000011011001000011001,000001001010110101000000100100000000,130,25931ms
010101000001011000000000100100000100,000010100000100000101100001000001010,000000001000000011010011010000010001,101000010110000100000000000011100000,47,9443ms
011101000000100000000001100000010001,000000101001010011001100000010000000,000010010110001100010000011000000000,100000000000000000100010000101101110,107,66280ms
111010111100000100000000000000000000,000000000000011011100010000000011100,000100000000100000010001100100100011,000001000011000000001100011011000000,157,214ms
001011101000000101010000000100000000,000000000001011000100110010000110000,110100000010100000000001001000000101,000000010100000010001000100011001010,134,1807ms
