001101001000100000001001000000100010,010000100011000000100000100001000101,000000010100001101000100000100011000,100010000000010010010010011010000000,63,7606ms
101110010010100001000000000000010000,010001000100001010110000000000000101,000000000000000100000101111111000000,000000101001010000001010000000101010,142,2763ms
110010100000000100000000010010010001,000001000011001000100000100100101000,001100010000100010000101001000000100,000000001100010001011010000001000010,122,5585ms
101011010000000000000100100000010001,010000100000000101010001010010100000,000100001110010000000010000101000100,000000000001101010101000001000001010,136,3297ms
001000001000100001000011000010100001,100101010000000100001000100000001100,010000100110010000100000011100000000,000010000001001010010100000001010010,80,2756ms
011010011010001000010000000001000000,100001100100000001100000101000010000,000000000001000110000001000010101110,000100000000110000001110010100000001,50,37326ms
111011000000000000000010000100100100,000000100010110001001000100010010000,000000010101001100100100010001000000,000100001000000010010001001000001011,157,326ms
100100000101001000000001001000010010,000010010010000011000100000000101100,001000100000000000001010010111000001,010001001000110100110000100000000000,108,59377ms
101111001000000000011000000000001000,010000000110100010000010101000000100,000000000001001001000001000011010011,000000110000010100100100010100100000,141,9093ms
000011000010000010000000010011000101,100000001100000100001011000100000010,000000110001011001110100000000000000,011100000000100000000000101000111000,22,15289ms
011001100001000010001000000100000100,100000011100000000000100010011000001,000100000010011000110010101000000000,000010000000100101000001000000111010,106,9342ms
000101110000000100000110000000100001,111000001110001010000000000010000000,000000000000000001111000110000011100,000010000001110000000001001101000010,30,8483ms
100000010110000100000000000100010101,010100000000010000010101011000100000,001010100001101000100000100000000010,000001001000000011001010000011001000,139,8436ms
101100001100001000101000000100000000,010010000000000000000010101010001110,000001100000010100010101010000000001,000000010011100011000000000001110000,143,43025ms
011000000000000101010100001110000000,000000110011010000000000000001010011,000001001100000000000011110000101000,100110000000101010101000000000000100,68,3454ms
101100000000011000001010010001000000,000001010010000001000000001100001101,000010101100100000110101000000000000,010000000001000110000000100010110010,157,5670ms
100011000010000100000000001110000001,000000110101100010110000000001000000,010000001000001001000110100000100010,001100000000010000001001010000011100,116,5621ms
011001011010000000000000001100000001,100000000000100100101000000010100110,000100100100010011010100010000000000,000010000001001000000011100001011000,109,15839ms
001011110000110000000000001100000000,100100000010000001101001100000010000,010000001001000010010100010001001000,000000000100001100000010000010100111,71,19175ms
001001011000001100001100000000000001,100100100001000000010001010000001100,000000000010110000000000101111000010,010010000100000011100010000000110000,38,4022ms
111001101000100010000010000000000000,000000000010011000000000110011110000,000100000101000000011100000000001110,000010010000000101100001001100000001,157,231ms
001011011001000000001000100000000010,100000100010000011000110010000001000,000100000000011100010000001010100100,010000000100100000100001000101010001,49,7863ms
001001100000010000000100100000100110,110010010000000100000000001110010000,000000000000001011110010010000001001,000100001111100000001001000001000000,13,1500ms
100001110000000000000100010101010000,010000001000000100101000101000100010,001110000001000010000010000000001101,000000000110111001010001000010000000,139,14443ms
100100110100000000001000000010100100,000000000011100010000011100101000000,010000000000010001100100011000000011,001011001000001100010000000000011000,114,3081ms
011111000010000100010000000001000000,000000100100001001000001010010010100,000000011001110000000000100100000011,100000000000000010101110001000101000,108,5768ms
011000111000010000000011000001000000,000000000011100000000000101100011100,000111000100000100001000010000100010,100000000000001011110100000010000001,86,7514ms
101000110010100000000100000011000000,000101000001011100000010100000001000,000010000100000001100001010100010010,010000001000000010011000001000100101,157,292ms
100100010000000001010000100000001011,011001000001001110000000001100000000,000000001000100000101110000011010000,000010100110010000000001010000100100,76,5984ms
100101010101000000100000000001010000,010010000000100000011011000000000110,000000000010011110000000110100000001,001000101000000001000100001010101000,125,3468ms
101101011000000000000000000101001000,010010000000101010001100010000000010,000000000101010000010011000010100100,000000100010000101100000101000010001,143,1552ms
010100011011000000100000000001100000,001000000100001011000100010100000010,100000100000010100011000000010010001,000011000000100000000011101000001100,157,76ms
100000001000101001100100100000000010,000011110100010000000000000001100100,011000000000000010001010010010011000,000100000011000100010001001100000001,87,14182ms
001111000001000000010000101100000000,010000110100100000000100000010011000,100000001010000100001001010001100000,000000000000011011100010000000000111,136,12504ms
101111010000000000000100000000011000,010000001100000000111010000010100000,000000100000101000000000011100000111,000000000011010111000001100001000000,140,9503ms
101100010000101010000011000000000000,010011000100000000000100100000011010,000000000011010100000000001011100001,000000101000000001111000010100000100,84,48547ms
111010001000101000000000000000001100,000001000000000011010100011100010000,000000100001000100001010000011100010,000100010110010000100001100000000001,142,7066ms
101000000010010000011001001000000010,000010001100001011000100100010000000,000101000000100100000010010000101100,010000110001000000100000000101010001,68,6274ms
011101001100000100000000001100000000,000000000010001001100101000000101010,100010000000100000000010110001010001,000000110001010010011000000010000100,157,149ms
110100010000000100110000001000001000,000000001000011000001000010001010011,001011100010000001000000100100100000,000000000101100010000111000010000100,157,319ms
010001101001000001010010000000000100,001110000000010000001100000110001000,000000010100001010000000010001110001,100000000010100100100001101000000010,43,34189ms
000101000000100100000110110000010000,001010001010001000101000001000000100,010000000100010001000001000111100000,100000110001000010010000000000001011,34,3579ms
101111011000000100100000000000000000,000000000101101010000000101001000010,010000000000010001010010010100010100,000000100010000000001101000010101001,177,216ms
011111101001000000000000000000000001,100000000000000011101100001000100100,000000010000110100000001100010011000,000000000110001000010010010101000010,110,18616ms
001111001010000100100000000000000100,000000100000000000011010011000001011,000000010001001000000101100101010000,110000000100110011000000000010100000,107,27199ms
011101101000000000000010001000000010,000000000010011000000101000111010000,000000010100100101100000000000100101,100010000001000010011000110000001000,95,18597ms
001111100000000000000000100110010000,010000000111110001000000011000000000,000000011000000000110000000001101101,100000000000001110001111000000000010,112,22806ms
111100100000000000001000010100000100,000001000011000100000111000010001000,000010000100111000010000100001000001,000000011000000011100000001000110010,147,1197ms
001110010000000010000000100010010001,000000100000011100000110000001100100,000000001010100001000001001100001010,110001000101000000111000010000000000,69,13056ms
000111001010100010001000000000010000,011000010000001100000011010000000010,100000000000000001000000001111100101,000000100101010000110100100000001000,117,119136ms
010001001010000001000110000101000000,100000010000100000011000001000101010,001100100000010100100000000010010100,000010000101001010000001110000000001,104,13482ms
100101000100110010000000010000000010,010010100000000100010001000000011100,000000010011000000000110100010100001,001000001000001001101000001101000000,73,4362ms
111011011000100000000000000000010000,000000100010000100010010010000101001,000100000001010010100001001110000000,000000000100001001001100100001000110,157,69ms
111111001000100000000100000000000000,000000010000001110000000001101000011,000000100111010000110000010000001000,000000000000000001001011100010110100,177,113ms
000100001000001010110001000000001001,100001100010010000001000000010000110,001010010000000101000000101000110000,010000000101100000000110010101000000,31,151ms
100110100000100000000010010010000001,000000001110000101000001000100011000,001000010001001000110000000000100110,010001000000010010001100101001000000,136,4561ms
001010001100001001100000000001000001,010000100000010000011010010100010000,000001000001100110000100000010101000,100100010010000000000001101000000110,61,4209ms
101101110100000000000000000000100010,000010000001010000011001000110000100,000000000000101110000100001001011000,010000001010000001100010110000000001,113,11860ms
011010000110000000100000000110010000,000000000000001011000111001000100010,100001011001000100001000010001000000,000100100000110000010000100000001101,157,21ms
100100011000010000001110000000000001,010000000000100101010000010001101000,001010100101000000100001000000010010,000001000010001010000000101110000100,148,327ms
100010110000100001000001100000000001,000000000101001100000000000101111000,010101001000010010000000001010000100,001000000010000000111110010000000010,118,58405ms
100011101101000000100000100000000000,001100000000010010010000001001000101,010000010000001001000111000100100000,000000000010100100001000010010011010,157,231ms
111110111000000000000000000000001000,000001000010010000010100010010000011,000000000001101111101000000000100000,000000000100000000000011101101010100,162,1388ms
111011010001000000100100000000000000,000000000010101000011000101000010010,000100001000010010000000010011001001,000000100100000101000011000100100100,157,746ms
000011111000000100000100010000100000,000000000001001010011001000011001000,001000000010110000000010001000010011,110100000100000001100000100100000100,27,2573ms
100001100010001000000000011000000101,011010010000100000101001000000100000,000000000101010010010000100101001000,000100001000000101000110000010010010,76,9803ms
101000010011000011000100000000000001,000011100000001000010001010011000000,010100001100010000000010100000101000,000000000000100100101000001100010110,142,8782ms
100011011000000010100000001100000000,001000000010001100010010010000001100,000000100101110001001000000010100000,010100000000000000000101100001010011,133,3148ms
101001101101010000100000000000000000,000000000010000100010110001100011000,010010000000100000001001000001100101,000100010000001011000000110010000010,157,225ms
101101111000000000100000000001000000,000000000111000000011000001100000110,000000000000110100000110010000110001,010010000000001011000001100010001000,114,11136ms
110111011000000000000000000100001000,001000100100010000000011000001110000,000000000011000010010100111000000001,000000000000101101101000000010000110,163,4070ms
111000000100000010010000101100000000,000110000000110001001010000000110000,000001100000001100100000010011001000,000000011011000000000101000000000111,157,18ms
101110011000000000011000000000000001,010000000010000010100110001010010000,000001100100010100000001000101000100,000000000001101001000000110000101010,177,209ms
110111101000000010010000000000000000,000000010010001101000100100001000100,000000000001010000101000000010101011,001000000100100000000011011100010000,177,1458ms
011111100000000000000000010010010000,000000010000110100010101000000001100,100000001110001011000000000001000001,000000000001000000101010101100100010,177,351ms
110110100000000110001000100000000000,000000000001101001110001000000101000,001000000010010000000000001110010011,000001011100000000000110010001000100,177,4476ms
111011101001000000000000000000001000,000100010100010001000100000001100100,000000000010101000110000101100010000,000000000000000110001011010010000011,157,4285ms
011000010000000100010001000010101000,100000000010100001000100111000000001,000110001001000000100010000100010010,000001100100011010001000000001000100,115,10110ms
000101100010010010000000000011000010,101010000000000000100011000100000101,000000010101100101001000100000001000,010000001000001000010100011000110000,23,26552ms
110011100010000000001001100000000000,001100001100000001000000000101010100,000000010001010110000110000000100001,000000000000101000110000011010001010,91,118841ms
001010111000001000000010010000001000,110001000100000000001001000001010001,000000000010000110010100001010100010,000100000001110001100000100100000100,31,13171ms
111011001001100000001000000000000000,000000010100000000100010001001001011,000100000010011111000000010100000000,000000100000000000010101100010110100,157,1094ms
011111001000010001000000001000000000,000000110010100000001000100110000001,000000000101001000110000000000011110,100000000000000110000111010001100000,141,4261ms
001010100000000001001100100010000100,010000011101000010010000010000001000,100001000000001000000010000101010011,000100000010110100100001001000100000,130,30345ms
100110011010001000000100001000000000,001001000000100000001001100011001000,000000100101000101100010000000100001,010000000000010010010000010100010110,155,2076ms
010010000000001010000010101001000001,000000010101000101000100010110000000,101000000010110000000000000000111010,000101101000000000111001000000000100,92,26704ms
010010101000000000001000010000100101,101001010000101100000000000010000010,000000000011000010010100100101010000,000100000100010001100011001000001000,63,80182ms
110011010001000000000001000010001000,000100000100100001001000101000010100,001000100010001000010000010001100010,000000001000010110100110000100000001,122,2882ms
001001101000001001000010010000000010,100000010000000010001100000100011001,010110000000110100000000001010100000,000000000111000000110001100001000100,83,12019ms
010001011101101000000000000100000000,000010100000000100101010010001010000,100100000010010001010000000010000101,001000000000000010000101101000101010,157,385ms
011000101000000010000010000100000101,000000010100100001100001110000001000,100011000001001100001000001000100000,000100000010010000010100000011010010,148,5197ms
111000010000000000110010010000100000,000001100000000000001001000101011100,000000001111001000000100100010000001,000110000000110111000000001000000010,154,9389ms
100010101100000000000000100000101100,001100000000110000110001000101000000,000001010001001000001100011000000001,010000000010000111000010000010010010,92,5236ms
101110001000000000000100000001100001,000000000001000000100001011000011110,000001010000010011011010000100000000,010000100110101100000000100010000000,161,14420ms
100101110000000100100000010000000001,000000000100110000001000001101001010,000000001001000011010000100010110000,011010000010001000000111000000000100,99,10736ms
100000100100100010010010000100000001,000101000001000101101100000000001000,010010010010010000000000111000000010,001000001000001000000001000011110100,128,10622ms
011111011000000000000000010001000000,000000000110110001000001100000000110,000000000001000010110100001110010000,100000100000001100001010000000101001,136,44865ms
010011000000000100000110001100100000,101000000001000010000000110001001001,000100101100010000001000000010000110,000000010010101001110001000000010000,87,4853ms
010111011000000011000000000000100000,000000000100111100010010000100010000,001000100000000000000001110010000111,100000000011000000101100001001001000,120,16235ms
111111111000000000000000000000000000,000000000110110110000010101000000000,000000000000001000101100010010011100,000000000001000001010001000101100011,177,75ms
111111011000000010000000000000000000,000000000000110001000110000010100101,000000100000001000111000100000011010,000000000111000100000001011101000000,177,4553ms
100111100000000000000110000001000001,001000010010100000101001010000000100,010000001100000000010000101010011000,000000000001011111000000000100100010,154,25009ms
101010101110000000000000001000100000,010000000000011010000100000001011100,000100010000100101000000110100000010,000001000001000000111011000010000001,157,611ms
111110100010000000000000000001000001,000001000100011010000000100010011000,000000010001000000010100010100100110,000000001000100101101011001000000000,177,4866ms
111011110000000001000000000000000100,000000001000111000001001100110000000,000000000100000100010010011001010010,000100000011000010100100000000101001,146,8566ms
001010110001000000100001000000100001,000101001100001000000010010100001000,100000000010010001011100000000000110,010000000000100110000000101011010000,118,1566ms
101011111000000001100000000000000000,000000000000001110001000011001001010,010000000100110000010111100000000000,000100000011000000000000000110110101,157,1454ms
000110110000000000010000110100001000,000000001000110000000101000010000111,001001000011000001101000001000100000,110000000100001110000010000001010000,118,7327ms
111101000000010000110000000000000010,000000100011000001001101100000001000,000000010000000100000000011111100001,000010001100101010000010000000010100,157,1056ms
011111010000010010000010000000000000,000000101101001000000000000111000001,100000000000000101101000100000100110,000000000010100000010101011000011000,164,36670ms
001011100000000010100000010001010000,110000000100010000001011100000000100,000100000000001000010100000110100011,000000011011100101000000001000001000,78,14619ms
110011101100000000010000100000000000,001000000000101100000101000001001010,000000010011000010000000011010000101,000100000000010001101010000100110000,130,230ms
101011000000000110010010000000000100,010000001100101000000000100001010010,000100100011010001000000010000001001,000000010000000000101101001110100000,88,48493ms
111010000001010001000100000010000000,000000100000001010110000000000111010,000000010100100100001001110100000000,000101001010000000000010001001000101,141,1019ms
100111000010100000000100000010000001,000000110101000000100010000001001010,011000000000000100010001110100100000,000000001000011011001000001000010100,161,269ms
010111111000000000000000001010000000,101000000100010001000111000001000000,000000000001001100011000010100100010,000000000010100010100000100000011101,113,19198ms
011110101010000100000000010000000000,000001010000010010000000000001101110,100000000000000000111110100110000000,000000000101101001000001001000010001,177,2756ms
101001011010100100000001000000000000,010010000100010000110000000010100010,000000000001000010001010100100011100,000100100000001001000100011001000001,122,18687ms
010110100000000000000000011101100000,101000000011100010010000000010000010,000001010100000100001010000000001101,000000001000011001100101100000010000,84,14746ms
111000101010000000011000010000000000,000001000001001000000001001001110001,000110000100010010100000000110000100,000000010000100101000110100000001010,177,107ms
111110010000010000100000000000010000,000001001001000001001001000100001100,000000100100000000010010101010000011,000000000010101110000100010001100000,177,161ms
110011001000010000010000001000100000,001000010010000010001010110000001000,000100000100100000100001000100010110,000000100001001101000100000011000001,157,2627ms
101010000010000010000000001110000001,000100101000001000010001000001100010,010001010101100100000000100000001000,000000000000010001101110010000010100,157,607ms
010101000000010000001110001010000000,001000000111001001000001100000000100,000000010000100010010000000101101010,100010101000000100100000010000010001,62,25873ms
101110100011001010000000000000000000,000000001100100100000000000011011010,000000000000000000111100110100100100,010001010000010001000011001000000001,132,127992ms
111001010000000000001001001000100000,000010100100000000000100110110000100,000100000001101010010010000001001000,000000001010010101100000000000010011,134,671ms
010010001001000000010001001000000011,001001000000011000001110000010010000,000100000010000111100000010100000100,100000110100100000000000100001101000,74,5368ms
110100111000010000000000000010001000,000000000000000001001001110001110001,000010000101001010000000001100000110,001001000010100100110110000000000000,157,12416ms
100101100100000001000000001100000100,011000000000100100101010000000110000,000000010001001010000100010010000011,000010001010010000010001100001001000,125,647ms
000011101001000000001000001000101000,010000010010000100010101000110000000,101100000100000001100010100000000010,000000000000111010000000010001010101,134,1615ms
010100111010000100010000000000001000,000000000100000001100010010110100010,100011000000111000000000101000000001,001000000001000010001101000001010100,128,7884ms
111010111000000000000000000001000100,000000000100001001101000000000110011,000001000000110110000010011000001000,000100000011000000010101100110000000,127,1698ms
000001010000000100100100110001000001,000100100101111000010000000000001000,010010001010000000000001000010110010,101000000000000011001010001100000100,55,11141ms
001110101000110010010000000000000000,010001000010001100100000110000000001,000000010100000000000111001010101000,100000000001000001001000000101010110,80,45664ms
001000100000100000100000111100100000,010000001010000010010010000001010010,000001000100010001000101000000001101,100110010001001100001000000010000000,35,3807ms
111100000100000000000000100000000111,000011000000001100010011001001000000,000000000011010011001100010000001000,000000111000100000100000000110110000,108,6916ms
001111011010000001000001000000000000,100000000101101000010100001010000000,000000000000000110101010110100010000,010000100000010000000000000001101111,85,296994ms
110001110010000000000000100000001001,000000000000010100100001000111110000,001100000101101010001000001000000000,000010001000000001010110010000000110,157,1354ms
100101111000000000001100010000000000,010000000001000000110010000010101010,001010000000110100000001000101010000,000000000110001011000000101000000101,146,877ms
000101001110000010000000100100000010,000010000000101101000101000000011000,011000010001000000011000000010100001,100000100000010000100010011001000100,111,2046ms
110001000100000010001001001010000000,001100000010011100000000000001100010,000000100000100000100010010100011100,000010011001000001010100100000000001,134,13795ms
000111111000000010010000100000000000,100000000110001000001010000011001000,000000000000000101000100011000100111,011000000001110000100001000100010000,59,17987ms
010001110000000010010100000000010001,100100000000000100000001010010101010,001000001101100001100010000100000000,000010000010011000001000101001000100,120,3423ms
110100101000010000000001100010000000,000001000100101000001000000000101011,001000010000000000100110000101010100,000010000011000111010000011000000000,157,5228ms
101010110000000000000000000000100111,010000001101100000010100000101000000,000101000010011011000000000000011000,000000000000000100101011111010000000,113,27391ms
100110010010001101001000000000000000,000001000100000010110001000000101010,010000100000000000000010100111000101,001000001001110000000100011000010000,177,6260ms
100111111000000001000000010000000000,000000000011100010000100000110001010,001000000000001000111000101000010100,010000000100010100000011000001100001,177,282ms
000001011001000100100000100100010000,010100000100010000000101000011000100,000000100010101011000010001000100000,101010000000000000011000010000001011,37,5463ms
110000110001110000000000000110000000,001001001000000010100010001001100000,000100000000000101001000110000010101,000010000110001000010101000000001010,104,1344ms
011011010000010000110000000000001000,000100001000100000000000100001100111,100000000101000000001110010010010000,000000100010001111000001001100000000,157,1104ms
110000011000000111000000100000001000,000000000000000000111101000000010111,000111000100100000000010001011000000,001000100011011000000000010100100000,152,9394ms
010011001000010000011010000001000000,001100010000101001000100000100100000,000000100101000110100001000000011000,100000000010000000000000111010000111,77,22381ms
101011110000000000001000000001001000,000000001001011000010010001100010000,000100000100000100100100010010000011,010000000010100011000001100000100100,151,500ms
111100111001000000000000000100000000,000000000100000100001100010000111100,000011000000001011100001001001000000,000000000010110000010010100010000011,157,443ms
010010110001000000000110100010000000,001000000100011000001000010101001000,000000001000100101100001000000010110,100101000010000010010000001000100001,47,3823ms
100101001000010100000100000100001000,010000010101000000000010101000010001,000000100010100011000001010010000100,001010000000001000111000000001100010,96,2434ms
111100011000100000000010001000000000,000011000010000000001100100100100001,000000000001001110010000000001001110,000000100100010001100001010010010000,114,20439ms
110011011000000101000000000001000000,000000100001101010000100110000100000,001000000000000000001001001110010101,000100000110010000110010000000001010,157,345ms
001111111000000000110000000000000000,100000000000010111000010000010000011,010000000000101000000101001100100100,000000000111000000001000110001011000,132,17340ms
100011001001001010010000000000010000,010100100000010101000000100010001000,000000010110000000001011000101000010,001000000000100000100100011000100101,120,1168ms
111101100000000100000100000010000000,000000011000100001001011000100100000,000010000100011010110000000000001010,000000000011000000000000111001010101,157,140ms
101001010010100000001000000000101000,000010100000001100010000000110010001,010100001001000000100011000000000110,000000000100010011000100111001000000,144,9083ms
110000010000000001000011100000100010,001011000000000110000100000100001001,000100100010011000001000001001000100,000000001101100000110000010010010000,69,4875ms
101110000000011010000000000010010000,000001011000000001100110000001000010,000000100001100000010001101100100000,010000000110000100001000010000001101,143,2528ms
100100001000000010000001100000001011,010010100010100100100010001000000000,000001010000010000011100000000110100,001000000101001001000000010111000000,49,3290ms
000100011001100000011000010001000000,110000000000000001000000100110000111,001000000110000110000110001000010000,000011100000011000100001000000101000,40,14593ms
111011100000100000000100000010000000,000000001010010010010010011000000001,000100010001000001000000100100100110,000000000100001100101001000001011000,157,452ms
011110000000000000001010100100000010,000001000000011001000000010011101000,000000010111000110010000000000000101,100000101000100000100101001000010000,102,29613ms
010110110000010000100001001000000000,000000001010000111000000010001101000,100000000101100000011100000100010000,001001000000001000000010100010000111,177,799ms
101000001000010000100000100001100100,010000000101000010010100001100000001,000001100000100101001001010010000000,000110010010001000000010000000011010,99,3446ms
001100011100000010000110000000010000,100010100000101000000001010010000001,010001000001000101001000101000000010,000000000010010000110000000101101100,64,12490ms
101000100000001001000100001110000000,000100000010010100011011100000000000,010000001100000010000000000000110111,000011010001100000100000010001001000,157,10932ms
000110000010010000000100100010001001,101000000000000110110000001100100000,000001111001000000000010000001000110,010000000100101001001001010000010000,52,3459ms
000001000000011010100110001000000010,011100001000000000001000000011011000,100000110000100000000000110100000101,000010000111000101010001000000100000,73,43405ms
110110001000100000000001001000000100,000000010001001000001010110001100000,000000100110010010000000000110010010,001001000000000101110100000000001001,177,1933ms
010101001000101010011000000000000000,000000110001000100000001011000100100,100000000000010000100110100101010000,001010000110000001000000000010001011,157,17680ms
010110011000000000010110100000000000,100000000100000001101000000001001011,000001100001100110000000010000100100,001000000010011000000001001110010000,121,6764ms
111110001000010000011000000000000000,000000010101000010000100000010101010,000001100010001000000000001100010101,000000000000100101100011110001000000,177,2027ms
100000111000000000000000001001100011,010000000010010110000110100010000000,000010000100100000110001000100001100,001101000001001001001000010000010000,116,4550ms
010101111000000001010000010000000000,100010000000000000001101101100001000,001000000000111000100010000011000100,000000000111000110000000000000110011,100,79951ms
111110011000000000000000001000000001,000000000100010000100111100000010010,000001000001100001001000000111001000,000000100010001110010000010000100100,177,100ms
000010111001000000000010110000100000,011000000000010000000000001101011001,000001000010001110101100000000000010,100100000100100001010001000010000100,22,34934ms
010001010100010000000110000011000000,001010100010100000000001010000001010,100000001000000111101000000100000100,000100000001001000010000101000110001,126,336ms
101011100000010000110000100000000000,000100000010100001000100001000011100,000000001100001100001010000010100010,010000010001000010000001010101000001,157,731ms
000000111001000100000000010001000110,101000000000110001011000100000001000,010001000010001010000011000000100001,000110000100000000100100001110010000,34,2422ms
111001000000000010110000000011000000,000100001000000101000100000000110101,000000110100001000000001010100001010,000010000011110000001010101000000000,157,1381ms
011110100000000010000001001000000100,100001000100000101000000010000110001,000000011000010000111110000010000000,000000000011101000000000100101001010,101,19185ms
101100110000000010000000000010001010,000001000010100000011001001000100100,010000001100010001000010010100010000,000010000001001100100100100001000001,157,145ms
000011010010000100001000000110000010,100000001000011001100100000000001100,010100100100000000010011000000110000,001000000001100010000000111001000001,109,890ms
000101010001000100000000011000010100,010000101100000011000010000000101000,101010000010000000110000000100000011,000000000000111000001101100011000000,126,1813ms
110100000011010000000101000100000000,001010000100001000100000010000101001,000001010000100010000000101010010010,000000101000000101011010000001000100,116,772ms
011110110000001000000010010000000000,000000001001000010001000001101000101,000000000010100000000001100010111010,100001000100010101110100000000000000,91,44388ms
110011111000000000100001000000000000,000000000100110110000010000100000101,000100000011001000000000110010010010,001000000000000001011100001001101000,143,515ms
111000011010100000001010000000000000,000101100001011000100000000010010000,000010000000000000000101001101000111,000000000100000111010000110000101000,131,76797ms
011010111000000000010000000110000000,000101000001000000100100100000100011,100000000100101101001011000000000000,000000000010010010000000011001011100,157,293ms
010010111000001001001000000000100000,001100000001010010000010010001000001,000000000100100000110000000110001110,100001000010000100000101101000010000,101,7389ms
011011100100000000010010000000000001,100100000001111001000001100000000000,000000001010000110101000000000100110,000000010000000000000100011111011000,115,64970ms
101101001000000000000110101000000000,010000100000110100101000000001100000,000010000111001000010000000110000001,000000010000000011000001010000011110,129,2911ms
011101111000001000010000000000000000,000000000100110000101000101000010001,100010000010000011000110000000100100,000000000001000100000001010111001010,157,786ms
001110011011100000000000000000100000,000001000100001000111101000100000000,110000000000000011000010100000011010,000000100000010100000000011011000101,164,1244ms
000100010100000100000010100000101001,010010100001010001000000000101010000,001001001000001010000101010010000000,100000000010100000111000001000000110,26,12693ms
101110101000000000001010000010000000,000001010100011000100100000000001001,010000000010100001000000101001100010,000000000001000110010001010100010100,148,1011ms
100000000001000010110000101000000110,001110010100010100000100000001000000,000001000010000001001011000010011000,010000101000101000000000010100100001,68,17444ms
010111100010000011000100000000000000,001000000100110000110001000010000010,100000011000001100000000001001001001,000000000001000000001010110100110100,142,14872ms
101001111000000100000000000010100000,010000000010000000010001011001011000,000110000001001001000100000100000101,000000000100110010101010100000000010,162,1207ms
001110110000000000000011010000000001,010000000100110100010000000100001100,100000000001001011001000100010000010,000001001010000000100100001001110000,133,20807ms
011011110000000101000000000100000000,000000000101000000110000010010110010,100100000000000000001001101001001100,000000001010111010000110000000000001,157,516ms
011001000010000000001000001000100110,000100001001110000000000010001011000,000010010100000101100010000100000001,100000100000001010010101100010000000,104,7606ms
101010010100000000000000010110000010,010101000010011000000000000001110000,000000100001100101101011000000000000,000000001000000010010100101000001101,132,20072ms
000011011000010100011001000000000000,100000100010100000100010100000000110,000100000000001010000100000111010001,011000000101000001000000011000101000,40,8892ms
101011011000000010000000010000000100,010100000001000000010101100000100010,000000100110110000101010000000000001,000000000000001101000000001111011000,133,8621ms
101111111000000000000000000000100000,000000000010001100010110000001001010,010000000100010001001001100110000000,000000000001100010100000011000010101,177,56ms
000010110000001010110000000001001000,000101000000100100000010000010010101,010000001001010000001000101100000010,101000000110000001000101010000100000,56,3583ms
111100101100000000000000000000001001,000000000010011000101100001100010000,000011000001100011000000000010100010,000000010000000100010011110001000100,144,1519ms
111110000000000010011000000000000001,000000001000000000100010010101101100,000000100100101000000100101000010010,000001010011010101000001000010000000,154,11868ms
000010001101000000100010000100110000,010001000000100101001000100010000010,100100110000000000000000011001001100,001000000010011010010101000000000001,130,1242ms
001111101000000000000010000000100100,000000000001100000000100111010010010,110000010110001100001000000100000000,000000000000010011110001000001001001,177,294ms
010110111000001000000000000010000100,000000000000100101010101001000001010,000001000110000010001010000101000001,101000000001010000100000110000110000,143,4987ms
111101010100000000001000000000010000,000000100010100010000010100111000000,000000001001001000000001011000101001,000010000000010101110100000000000110,119,1009ms
010000111010010010000000000001000001,000000000000000100001001111010100100,000111000001100000100000000100001010,101000000100001001010110000000010000,125,18736ms
000011100000100011110010000000000000,111100000100001000000001010001000000,000000001010000000001100000100110101,000000010001010100000000101010001010,38,6419ms
110101001000000001100000000001001000,000000000001000110001100011100010000,000000110000111000000011000010000010,001010000110000000010000100000100101,137,873ms
100111001011000000100001000000000000,010000000100010100000010000010110001,001000110000100000001100000100001100,000000000000001011010000111001000010,161,3181ms
100101101000010000001000000000100010,000000000001001110110000101000000001,000010000010100000000010010101010100,011000010100000001000101000010001000,97,16081ms
011111110100000000000001000000000000,000000000010010000000100101001010011,100000001000000101101010000010000100,000000000001101010010000010100101000,177,174ms
011010110000100000010000001000010000,000000000110010110100001010100000000,100100001001001000000010000010100010,000001000000000001001100100001001101,137,13073ms
100010100010100000000000101000001010,000000010000001110100010000110000100,001100000101010001000001010000000001,010001001000000000011100000001110000,90,5556ms
001100110010000100011000000000000010,010011000001000010000001010110000000,100000001000100001100100101000000100,000000000100011000000010000001111001,117,11993ms
001101010000001000111000000100000000,110000001011000000000000100010000011,000000000100000111000110011000001000,000010100000110000000001000001110100,95,15620ms
110111100001101000000000000000000000,000000001010000000111011000010001000,001000010100000110000000011101000000,000000000000010001000100100000110111,177,85ms
101011001100000100000100000000100000,000000000001101010011011001000000000,000100100000000000100000110011001100,010000010010010001000000000100010011,135,45257ms
001101101010000001000000000000010001,010010000000101110000001000100000100,000000000100010000110000101010100010,100000010001000000001110010001001000,85,19712ms
011010101001101100000000000000000000,000100000100010001001101010000000010,100001000010000000100000000101101001,000000010000000010010010101010010100,157,1099ms
001001111100000000100010010000000000,000010000000000010001000001101101001,010100000000111100010000000010000010,100000000011000001000101100000010100,120,4436ms
101000011001000100000110000001000000,000101000010101000001000000010000011,000000100100000001110001001100010000,010010000000010010000000110000101100,157,377ms
110001100100001000000001010000000001,000100010000100001101000100000000110,000010000000010100000000001011111000,001000001011000010010110000100000000,111,6309ms
001111010001000000100100000100000000,110000000100000001000001000001001110,000000001010101010011000000000010001,000000100000010100000010111010100000,99,2966ms
011100011000000000000100100011000000,000010100000011101110000001000000000,100001000010000000000011000100011001,000000000101100010001000010000100110,157,12057ms
110000101000000100100000110001000000,001010000000000000001100000010110101,000001010000111000010010000100000010,000100000111000011000001001000001000,150,14663ms
111001110000000011100000000000000000,000010001110011000001000000001000100,000000000001100000010101110000010001,000100000000000100000010001110101010,126,13881ms
010111000000000000000000101010001100,000000101000000110011100010000100000,101000000100001001100001000001000010,000000010011110000000010000100010001,167,4298ms
001000101001000101000010000000010001,010011000000000000111000001011000000,000000010110010010000100110000100000,100100000000101000000001000100001110,0,7617ms
000011110010010001000000010000000100,100100000100101100100000000001100000,010000001000000000001100001110011000,001000000001000010010011100000000011,109,5238ms
110110110000000000000000000000100101,001000000011000010000000001010011010,000001000100001101011010000100000000,000000001000110000100101110001000000,177,1186ms
011100111000001000000000000100000100,100000000000100101001100011010000000,000010000010010010100000000001011001,000001000101000000010011100000100010,111,16428ms
110001101000110000000000100000000010,000000010000000100001001010101011000,001110000001000011110000000000100000,000000000110001000000110001010000101,164,1900ms
110001111011001000000000000000000000,000010000000000000001010100111001001,000000000100010000100100011000100110,001100000000100111010001000000010000,157,20609ms
111010010010000100001000000000000001,000100100101100011000000100100000000,000000000000000000110110011001011000,000001001000011000000001000010100110,157,17097ms
100011110000000001000000001100001000,000000000000010100101001110000000011,011000001010000000000100000011110000,000100000101101010010010000000000100,157,444ms
001100001000110000001010010100000000,100010110111000000000100000000010000,010000000000001010100001100001100001,000001000000000101010000001010001110,68,2821ms
110111010010100001000000000000000000,000000000000000000111000011000100111,001000100101000000000110000011001000,000000001000011110000001100100010000,177,120ms
110101010011000100000000010000000000,000000000000100000001010001111001010,001000001100010000010101100000000001,000010100000001011100000000000110100,157,3039ms
110101011010001000000000000000000100,000000100001000101001010001110000000,001000000000100010000101110000000011,000010000100010000110000000001111000,123,1822ms
111110101000000000000010000010000000,000000000101011000010000100100100001,000000010010100010001001001000011000,000001000000000101100100010001000110,138,2301ms
111111000000100010000000000001000000,000000000011010000100000011000100101,000000011100000000011001100100001000,000000100000001101000110000010010010,177,37ms
101101100000000101000010100000000000,000010000010001000101001001001000100,000000001001010000010100000000101011,010000010100100010000000010110010000,98,22519ms
100010001000000000000100100100100110,010000010010000000011011001000010000,001000000001100110100000010011000000,000101100100011001000000000000001001,98,33037ms
101110110000001010010000000000000000,010001000000000100100101000001100010,000000001111000001000000001110010000,000000000000110000001010110000001101,153,10587ms
010111001000001000000010100001000000,001000010110000100100000010000100001,000000100001100001010101000000001010,100000000000010010001000001110010100,67,13762ms
011101000010100000010000010000010000,100000000000010010101010001110000000,000010100100001000000101000001000011,000000011001000101000000100000101100,81,10119ms
000100111111100000000000000000100000,001001000000001100100000100010000011,110010000000010010001000000101010000,000000000000000001010111011000001100,157,272ms
001010000001000111100010000000010000,000000010000100000001001010000001111,100101100100001000000100001000100000,010000001010010000010000100111000000,133,4234ms
101100100001010000010001000100000000,000011011000000000000100110001010000,000000000110100110101010000000000010,010000000000001001000000001010101101,143,5303ms
111011111000000010000000000000000000,000100000010001001010000110000000011,000000000000100000101101001110001000,000000000101010100000010000001110100,142,3824ms
010000100000101010100100000000000011,000000000000000001011010000101011100,000011000111010000000000101010000000,101100011000000100000001010000100000,51,16343ms
101100011000000010000000010100100000,000011000000110000011001000001010000,000000100111001001000000101000000001,010000000000000100100110000010001110,157,1615ms
101101000101000010000001000100000000,000000101010000001000000010001100101,000010000000101000110110000010001000,010000010000010100001000101000010010,143,765ms
110011110000000010000000100000000010,001000000000010101010000001000101100,000000001001100000001100000101010001,000100000110001000100011010010000000,157,1911ms
010000101000011101000000001100000000,000000000100000010010001000000111110,000101000011000000000110110000000001,101010010000100000101000000011000000,56,8763ms
110001010010010001000001000000010000,000000000000000110111000001100000011,000100000101101000000010000011100000,001010101000000000000100110000001100,102,20274ms
110010001000000001000001010000101000,001000100111000000000100100001000001,000100000000101100101010001010000000,000001010000010010010000000100010110,139,8689ms
000001001100010010100000100001000100,110000000010001000000011010100001000,000110100000100001000100001000100010,001000010001000100011000000010010001,49,325ms
101000111000000000001101001000000000,000100000010000010000000110011101000,010000000101000100110010000100000001,000011000000111001000000000000010110,157,1222ms
111101111000100000000000000000000000,000000000000000101000111000011000110,000010000001010000100000001100011001,000000000110001010011000110000100000,157,6656ms
100111110000000000001000010000001000,011000001000100100010000000010000110,000000000101011010000001000101000001,000000000010000001100110101000110000,131,20595ms
100111010000000001000000110000000100,010000000101000100001100000001001010,000000100010100000110010001100000001,001000001000011010000001000010110000,150,1012ms
001100010010000010111000001000000000,110000000000100001000100000011100010,000011000001000000000011110000011000,000000101100011100000000000100000101,67,135847ms
110000111011000000000010000000000010,000001000100011010001000010000001100,001000000000000100000101101110000001,000110000000100001110000000001110000,143,251ms
000010101000011010000000001000001010,011000000010100100000110010010000000,000101000101000001000001000100110000,100000010000000000111000100001000101,33,19378ms
110101111000000000100010000000000000,000000000000011000001100011000001101,000000000111100111010001000000000000,001010000000000000000000100111110010,157,5767ms
011000001000010001101000010001000000,100101000010000110010000100000100000,000000100100100000000010001010010011,000010010001001000000101000100001100,76,9007ms
011110011000010000001000000000010000,000000000001000010100000101101100100,000001100110001100000110000000000001,100000000000100001010001010010001010,97,33781ms
010100101010000000000010100010000100,000000010001100111000001000001000010,100011000100010000100100000000011000,001000000000001000011000011100100001,157,662ms
100001010000001000000010010101000001,000000001001100101000100001000000110,001110100000010010100001000000001000,010000000110000000011000100010110000,163,1039ms
001100000010000110010010000010100000,010010000001001001000000011100000100,100001001000010000100100000001010001,000000110100100000001001100000001010,120,436ms
100100101000001010010000001000000001,000000000010000101000010000100110110,011010000101010000001000010001000000,000001010000100000100101100010001000,157,3826ms
000111100001000001000000000010100001,011000000100000000001011100001010000,100000001000000010000000011100001110,000000010010111100110100000000000000,142,54688ms
000111110000000001001000000011000000,000000001010000100000011011100001000,001000000101010010000100000000100011,110000000000101000110000100000010100,66,7286ms
010001111000000000110000100001000000,000010000000110000001110001000000110,001100000010001110000000010000011000,100000000101000001000001000110100001,108,5656ms
100011111001000000000001010000000000,010100000010000001000100101010100000,001000000100110010001000000001011000,000000000000001100110010000100000111,116,7791ms
110101101000100000000000000100000010,000000010110000100000000100000101101,001000000001011001101000011000000000,000010000000000010010111000011010000,157,2963ms
010010010000000010000001001000010110,001001000100001001000010100001100000,000100000001010100100100010100001000,100000101010100000011000000010000001,69,1339ms
011101011000000000000000000001100100,000010000001101100001001100000001000,100000000000010000110110011000010000,000000100110000011000000000110000011,157,14408ms
001011010001100000001101000000000000,000000100010001010010000000010011100,010000001000010000100000100101100001,100100000100000101000010011000000010,95,40222ms
001001110000000001010001000100100000,100100000011011000001000000000000110,000000001000000010000010001011011001,010010000100100100100100110000000000,50,25699ms
010010011001000000000000010111000000,001000100000001000101101001000100000,100101000000000110010000000000010101,000000000110110001000010100000001010,131,9884ms
110111111000000000000000000000000100,001000000010011000000100011000100001,000000000100100100110000000100011010,000000000001000011001011100011000000,177,198ms
011100000001010000101000000001010000,000000001010100100000110011000000100,100011010000000010000000000110001001,000000100100001001010001100000100010,157,599ms
101101101000000000000100010000000010,000000010000110110000011000000000101,000000000111001001001000000100101000,010010000000000000110000101011010000,139,13310ms
011111111000000000000000000000001000,000000000010100001111010000010000100,000000000101010100000001010101000010,100000000000001010000100101000110001,135,34748ms
000101111010000100001100000000000000,001000000101101010100000000000001100,010000000000000000000010111110000011,100010000000010001010001000001110000,62,23795ms
010111110100000001000000000010000000,000000001000010000001100001100110001,100000000001000010100010100001001100,001000000010101100010001010000000010,177,1714ms
100100100000001000101000000000101010,010001010100010000000010100001000100,001000000000100011010001001110000000,000010001011000100000100010000010001,124,147ms
110010111000000000000011000000100000,001000000101100010000000010100010001,000101000000010000110100000001001100,000000000010001101001000101010000010,152,682ms
100001101010000000000011000000010001,010000000001011001000000000111000100,000100000000000110011000011000001010,001010010100100000100100100000100000,61,7936ms
010001100010000000100000000110001001,000000001000001101001100110000000010,000000010101000000000011001001100100,101110000000110010010000000000010000,97,10531ms
011011011001000000000100000000100000,100100000010010000000011011000010000,000000000100000100001000100111001010,000000100000101011110000000000000101,110,19691ms
101001000001000000101010000010000100,000010010100000110000001110000100000,010000100010001000000100000001011001,000100001000110001010000001100000010,157,3545ms
100001000000010011100011010000000000,001010010010001000001000000110000010,000000101001100000010100100001001000,010100000100000100000000001000110101,64,11488ms
101111100000000110010000000000000000,000000001000100000001010000011010011,010000010011010000000001100000101000,000000000100001001100100011100000100,161,3031ms
111101011000000000000000100100000000,000000100100000010110111010000000000,000010000000110001001000001000100101,000000000011001100000000000011011010,142,8848ms
110010010001001000000100100000010000,000000001010100010000001001011000001,001001000100000101100000010000100100,000100100000010000011010000100001010,134,2623ms
001001000001100101100000001000000001,110100000010000000000001100000001110,000000001000001010000010010011110000,000010110100010000011100000100000000,0,296ms
110100100000000110001001010000000000,000010000001100001010100000100010001,001001001010001000100010100001000000,000000010100010000000000001010101110,143,7023ms
010011101000000000110100000001000000,000100000111001100001010000000001000,100000010000110001000001011000010000,001000000000000010000000100110100111,157,3953ms
101111000000110000000100000000000001,000000100100001100001000000100111000,010000000001000010010011100001000100,000000011010000001100000011010000010,144,2148ms
100110101000000000001001100001000000,001001000001000000000010010100000111,010000010110110000010000001000010000,000000000000001111100100000010101000,177,9223ms
001101111000000000101000000010000000,000000000001011110000100001000100010,110000000110000001010001110000000000,000010000000100000000010000101011101,157,473ms
100100111010000000001100100000000000,010000000100100010100001001000100100,001000000000001101010010010000001001,000011000001010000000000000111010010,110,23143ms
010000110000000001100000000011100100,000000000000100010010000101100011010,001101000011010000000101010000000000,100010001100001100001010000000000001,98,41797ms
100000110010000100000101100000000010,001001001100000010000000000100110100,010110000000001000010010000001001001,000000000001110001101000011010000000,119,52372ms
001101100000100000000001100000100010,000010000101000110000010001010000001,110000011000000000101100000100000100,000000000010011001010000010001011000,157,972ms
001010101100001000000010010000000001,000000000000100011100101001001001000,100000000011010100011000000000010100,010101010000000000000000100110100010,85,177908ms
111010100000000000001000101000010000,000001000001111101010000010000000000,000000001110000000100110000101001000,000100010000000010000001000010100111,157,5740ms
110110010001000000010000010000000010,000001000010001100001000100001101000,001000101000010000000011001000010001,000000000100100011100100000110000100,149,2473ms
100001001001000101000000011001000000,000110000010010000000010000010010101,001000110100001010000100100100000000,010000000000100000111001000000101010,116,9078ms
010111101000100000001000000100000000,001000000001001001010100000001001100,100000010100000100100000100010010010,000000000010010010000011011000100001,177,129ms
110111001000000001100000100000000000,000000110001010000001100010100000001,001000000010000010000010001011101000,000000000100101100010001000000010110,159,2743ms
101100101101000001000000000000100000,000000000010100010110101000110000000,010010010000010000001000011000000110,000001000000001100000010100001011001,157,824ms
010110101000000000100000000110010000,000000010101000000010000100000101110,100001000010001010001001001001000000,001000000000110101000110010000000001,177,140ms
100011100101000011001000000000000000,000000001010101000000100010011010000,001000000000010100100011100000100100,010100010000000000010000001100001011,110,43024ms
110110111000000000000110000000000000,001000000000000001010000000100111011,000000000101100110000000101011000000,000001000010011000101001010000000100,136,4059ms
101111110000000000000010000000000010,010000001001101010010000100100000000,000000000110010100001000010001100100,000000000000000001100101001010011001,121,14198ms
001100100000100001000000010111000000,000011010000001100000110100000000100,000000000111010000111000000000100010,110000001000000010000001001000011001,78,6327ms
010100000000001000000011000100100101,001000010001100000001100010001010000,000011100000000110010000101000000010,100000001110010001100000000010001000,63,9761ms
111001111000100000000010000000000000,000010000011000001000000000100101011,000100000000010010001000011010010100,000000000100001100110101100001000000,123,9804ms
000010000101100000101010010000000010,000100010000011001010101000000000001,110001100000000000000000001111000100,001000001010000110000000100000111000,157,13316ms
011110001000110000000100000100000000,000000110001001000010000000010101001,100000000010000111000010001000010010,000001000100000000101001110001000100,177,817ms
111001011000000100000000000001000001,000010100011000001010100000100001000,000100000000001000001001101010110000,000000000100110010100010010000000110,143,1417ms
011001110000010010000100000000000001,100000000000000101010011011100000000,000010000001100000000000100011101100,000100001110001000101000000000010010,44,26755ms
000010010000010000000100110100010100,110000100000001000000000001011100001,000001000110100101001000000000001010,001100001001000010110011000000000000,11,19036ms
111000100000000001000000001001010100,000100001110000110100010000000000010,000000000001011000011100010010001000,000011010000100000000001100100100001,114,29277ms
110101000000010000000000000110001010,000000010101000101110001000000000001,000000000010100010001110010000110000,001010101000001000000000101001000100,107,35708ms
011101110000001000000001000100000000,000010001010010010100000100000010001,100000000001000000010010010010101100,000000000100100101001100001001000010,157,363ms
010110010000110000001000000000100100,000001100001000001100000110000001001,100000001110001000000110001010000000,001000000000000110010001000101010010,177,963ms
110001011000000000100000000000001110,000000100110100010000110000100100000,001110000001011100000000000010010000,000000000000000001011001111001000001,177,410ms
001110001000000100100001100000100000,010000000010000001011000010010010010,100000100001111000000110000000000100,000001010100000010000000001101001001,129,13769ms
011100001010000000000000000111000100,000001000000101000001010110000001001,100000110000000010010101000000100010,000010000101010101100000001000010000,157,945ms
101101010100001000000000000000001100,000010100000110000000100100011000001,000000001011000010011000001000100010,010000000000000101100011010100010000,144,617ms
111101101000000010000000000000000010,000000010110000001100010110001000000,000000000000011000001000000010111101,000010000001100100010101001100000000,129,19159ms
000011001000010010001011000100000000,011000100000000001000000101000111000,100000000001100000110100000011000100,000100010110001100000000010000000011,108,4015ms
100110001010000000010000101000000001,000000000001001001000111010100100000,010001000000100100100000000000011110,001000110100010010001000000011000000,142,3579ms
101100111000010001100000000000000000,000010000100001100000000000110100011,000000000010100010011101001001000000,010001000001000000000010110000011100,119,50113ms
111001100000000000001000000100000101,000000011001000010000011110000010000,000010000110010001000000001000101010,000100000000101100110100000011000000,143,1287ms
110101110000010000000000000100010000,000000000101101001000011000001000010,000010000000000000011100010010101001,001000001010000110100000101000000100,157,2126ms
000110101000100000001001001000000001,000000000000010110010100010010101000,101001000100001001000010100000000010,010000010011000000100000000101010100,122,13620ms
100110111000010010000010000000000000,001000000000001000100001001001001011,010001000000000101000100110010000100,000000000111100000011000000100110000,145,2226ms
000111010001010000000000000001100100,000000100010001101010000011000000010,100000001100100000001000000010011001,011000000000000010100111100100000000,152,6544ms
100010111010001000000000010001000000,000100000100000010101000001000000111,000000000001010001000110000110101000,011001000000100100010001100000010000,103,7828ms
011011101000000000000000010001100000,000100010100011000010001000100000100,100000000010000100001000101000010011,000000000001100011100110000010001000,137,11964ms
111111110000000000000000000000000001,000000000010010000000010001110011100,000000001000101011011000100001000000,000000000101000100100101010000100010,161,284ms
001110100101100000100000000000100000,100000010010001000000001000011011000,000001000000010110011100010000000001,010000001000000001000010101100000110,80,14116ms
001011001000000000000101001000100100,010000000110111000001000000101000000,000000110001000000110000010000001011,100100000000000111000010100010010000,70,2039ms
110110101000000000000000010100010000,000000010101000100010100100000100001,001001000010011001100000000010001000,000000000000100010001011001001000110,177,41ms
001000010010100000100001100000101000,010100000101000010011100000001000000,100011001000001000000000010000010101,000000100000010101000010001110000010,104,2964ms
000100110000000000110001001010100000,000001000110101101000100000000010000,110010000001000000001000110100000001,001000001000010010000010000001001110,157,5556ms
100011010000100010001001000001000000,010000001010000000000000101110100010,001100100000001101000000010000010001,000000000101010000110110000000001100,86,25191ms
101001100011010000000001000001000000,010000001100100101100100000100000000,000000000000001000001010110000011101,000110010000000010010000001010100010,77,29802ms
010110001010000001000000010000100100,001000010001010100000001000111000000,100000100100100000100010100000010010,000001000000001010011100001000001001,156,1593ms
110010101001000000001001000000010000,000100000000000101010000100001001011,001001000000100010100010011000100000,000000010110011000000100000110000100,157,1701ms
011110010100000000010000010010000000,100000000000111100100101000100000000,000001000011000001000000100001100011,000000101000000010001010001000011100,92,14383ms
110000001000000011011000000010000001,000111100000101000000100010001000000,001000010010000000100011101000001000,000000000101010100000000000100110110,112,20208ms
001001010000000001100001011000000001,000000000100101010010110000100010000,000010001001010000001000100001101000,110100100010000100000000000010000110,18,18501ms
110100110001000000100000000000011000,000010001100000110010010010000000001,001000000010000001001100000100100110,000001000000111000000001101011000000,157,536ms
000111101100010000000000100000100000,000000000000001000110110011000000101,011000010010100000001001000000010010,100000000001000111000000000111001000,114,12702ms
011100110010000000000000000010000110,000000000000011000110100011000010001,000010000100100100000001100001101000,100001001001000011001010000100000000,99,16939ms
111100001000000000000010101000010000,000000000000010000010100000110101101,000001110111000110000001000000000000,000010000000101001101000010001000010,157,4871ms
111100110000001000001000000000000010,000001001000000001000001110011000100,000010000000100000110110000000111000,000000000111010110000000001100000001,157,634ms
110010011000000010100000000100010000,000101000100110001010010001000000000,000000000000000000001100010011100111,001000100011001100000001100000001000,157,31055ms
010101101100000000011100000000000000,100000000010010000000000101101000110,000000000001101101100000000010100001,001010010000000010000011010000011000,83,68470ms
011010010000011000010010000000010000,000001101101000100000100100000000010,000100000010000000100000000111100101,100000000000100011001001011000001000,85,50129ms
001100101000000111000001100000000000,000000000110010000001000010100011010,110000000000100000100100000011100001,000011010001001000010010001000000100,133,31553ms
101110111010000000100000000000000000,010000000000010100000000110001110001,000000000100100000011001001010001100,000001000001001011000110000100000010,177,169ms
101000101000000000000101100001000100,000100010001000100001000001100110000,010011000000000001100010000010001010,000000000110111010010000010000000001,146,2387ms
011001101010010010000000000000000100,000100000100000100000000101011001001,100010010001000001011100000000010000,000000000000101000100011010100100010,157,2237ms
001110000101001100000100000001000000,000000001000010001000000001100110110,100001000010100000000001010010001001,010000110000000010111010100000000000,136,106000ms
001000110000001100001001100000000001,100101001010000000000100010000010100,010010000001000000110010000011000010,000000000100110011000000001100101000,59,8112ms
110000100010000100000101000010100000,000101001000000001101010100000001000,001000010100100010010000010000000110,000010000001011000000000001101010001,123,18459ms
110111110000000000010000000000010000,001000000100000100000010100100100011,000000000010111000001101001000001000,000000001001000011100000010011000100,134,3358ms
101010011000110100100000000000000000,000001100011000000001010001000100001,000000000000000011000100100110011010,010100000100001000010001010001000100,113,10384ms
010101010000110010000000000010001000,000000000011000000100001011100100010,101000100100000100010100100000000100,000010001000001001001010000001010001,153,3519ms
011011111100000000100000000000000000,100000000000100110001000000000111100,000000000010000001000001010111000011,000100000001011000010110101000000000,116,1952ms
011010001010000000010100001010000000,000000100001101101000000010000011000,100001000100000000000001100101000011,000100010000010010101010000000100100,157,134ms
110101100000000000010100000000001010,000010011001011000001000000001010000,001000000110100101000000100010000100,000000000000000010100011011100100001,142,14414ms
100001011000100100010110000000000000,000010100010010010100001000001010000,000000000001001001000000001100001111,011100000100000000001000110010100000,75,21969ms
000110010000001000000000101100011000,100001001000110100001001010000000000,011000100010000001100100000000000110,000000000101000010010010000011100001,93,33984ms
011001001000010000010000001000100010,000110010001000101000100100000001000,000000100000100000000010010110010101,100000000110001010101001000001000000,68,38672ms
001101011000000100000000000011001000,000000000101100011000000000100010101,010010000000001000110011100000000010,100000100010010000001100011000100000,90,99005ms
111000110000011000000000001000000001,000000000100100100001001110010100000,000000001001000001110000000101000110,000111000010000010000110000000011000,157,733ms
001111110000000000000000100000000101,000000000100000100100100001011001010,000000000011111010001001000000100000,110000001000000001010010010100010000,67,13093ms
000101101000110001010000000000010000,101000010100000100000100000001100100,000000000011000000100001011100001010,010010000000001010001010100010000001,67,15096ms
000100000001000010001110010000100100,001001000100101100000000100010010000,010010011000010001010000000001001000,100000100010000000100001001100000011,31,2714ms
000000011001001010000011010000010000,000001000010000000010100000011000111,000110100100010000101000000100001000,111000000000100101000000101000100000,95,7844ms
111010011100001000000100000000000000,000001000000000001111000010000010110,000100100010100010000011000000101000,000000000001010100000000101111000001,152,1272ms
110000000100001011000000000000100011,000001100000110000000100110010000100,000100010011000100001010001000001000,001010001000000000110001000101010000,85,27340ms
111101001000000000100000000001000001,000000000100011010010100101000100000,000000000001100100000001000100011110,000010110010000001001010010010000000,157,2193ms
001000000000111000010000011000100001,000110011101000010001001000000000000,000001000010000100000100100011001010,110000100000000001100010000100010100,0,2044ms
000000000100110101000000010011100000,101100000010001010101000000000000010,000001101000000000010100100100001001,010010010001000000000011001000010100,40,14592ms
101011101000000000000100000101000000,000100000000100000100010001010110100,010000000110001110000000100000001001,000000010001010001011001010000000010,157,446ms
010000011100000101000100010010000000,001001000011101010000010000000010000,000010000000010000110000101000100110,100100100000000000001001000101001001,48,67654ms
010101100000010000000011000100010000,000010010101100000001000010001000100,001000000010000011010100100000000011,100000001000001100100000001010101000,69,2830ms
000110001001000100100100000001000001,010000010010011010001000100000010000,001000100100000001000000010000101110,100001000000100000010011001110000000,65,4729ms
000000100011000000000111100011000000,001100000100001100100000011000000001,110001001000000001011000000000001010,000010010000110010000000000100110100,103,31335ms
001011000101000010100000000110000000,000000110000000000000101010001010101,110000001010011000000000001000101000,000100000000100101011010100000000010,157,1145ms
100110110000011000010000000000100000,000001000110000000000000101101001010,001000000000100001000011010010000101,010000001001000110101100000000010000,94,8745ms
110100001100000000101010000001000000,000000000001100101010000100000110100,001000000000011000000101000110000011,000011110010000010000000011000001000,157,219ms
110011000000101000000000010000001100,001000110101010011000010000000000000,000100000000000100110100101000010010,000000001010000000001001000111100001,112,59498ms
011011001000000010000001001000000010,000000000010010000101100000011001100,000100100100000001010000100000110001,100000010001101100000010010100000000,80,6849ms
000000010010010000001000001010001011,000001000100100010110100000001010000,001100100001000001000010010100100000,110010001000001100000001100000000100,26,2855ms
000110111100000000000001001000000010,001001000001001001001000000100100100,000000000000100010110010010011010000,110000000010010100000100100000001001,82,5313ms
111111010000001000100000000000000000,000000101010000001000010100010001010,000000000100000110000100001001110001,000000000001110000011001010100000100,177,170ms
110010110000000001000000100011000000,001001000100001000111000000000110000,000100001001000100000000011000000111,000000000010110010000111000100001000,93,12846ms
001101110000000010000011000000000010,100000000000001000111100000011000001,000000001111000101000000000100001100,010010000000110000000000111000110000,91,11587ms
000010100010000001010010001000011000,011000000001101010000000100100000001,100100010100000100100000000011100000,000001001000010000001101010000000110,120,646ms
111100010001001000000000000001010000,000010000010110101100001000010000000,000000001100000010001010011000001001,000001100000000000010100100100100110,123,13769ms
010010100000110010010000100001000000,000000011010001000000110010100100000,101000000101000101100000000010000001,000101000000000000001001001000011110,157,1971ms
010100110000000000000010100010100010,000011001000000000101100011000010000,101000000010101110000000000001001000,000000000101010001010001000100000101,108,415558ms
101010100000100010000000000101100000,010100010000010001011010000000000010,000001000010000100000100010000011101,000000001101001000100001101010000000,94,21263ms
000000001101100001000000011001000010,000001010000000110010010000010100001,111110000000000000101100000000010000,000000100010011000000001100100001100,177,1041ms
101010001000000000000000101000110010,010101000010000100000110000000001001,000000010001111000010001000101000000,000000100100000011101000010010000100,91,7096ms
101010111000001100100000000000000000,010101000000000001011000001100000100,000000000111010000000100110000100010,000000000000100010000011000011011001,125,9720ms
001001001110010000100000000000010010,110010000000000000000010101100000101,000100000000001001011100000001101000,000000110001100110000001010010000000,56,6363ms
011101100100000110000010000000000000,000010001000011000100000100010000101,000000000010100000001101010101100000,100000010001000001010000001000011010,97,24024ms
110111000010010011000000000000000000,001000100100001000011101000000100000,000000001000100000100010110100000011,000000010001000100000000001011011100,161,5347ms
110110000000000001110000010000100000,000001111000100000000011001000000001,000000000100011010001100000101000100,001000000011000100000000100010011010,177,2643ms
111010101000100010000000000000100000,000000000011001001010011000010010000,000001010000010000000100010101000011,000100000100000100101000101000001100,157,426ms
000001101000100101010001000010000000,100000010000000010101000000000110101,011000000010011000000010011000001000,000110000101000000000100100101000010,39,6188ms
010000010110000001000000100000000111,000100001000010100011010001000100000,101010000001101010000000000100010000,000001100000000000100101010011001000,141,29585ms
010011111010010100000000000000000000,101000000100100010110000000100000010,000100000000001001000000111000100101,000000000001000000001111000011011000,77,16930ms
111000001000010000110100001000000000,000000000110101000000011100000001001,000100000001000011000000010110000110,000011110000000100001000000001110000,157,13228ms
100010010000001010001000010000000110,000001001010110000010010000001100000,011100100001000100000000000010001001,000000000100000001100101101100010000,122,10817ms
001000011000000001010001010000100001,000100000101000100100110000000001010,110011100000010000000000000011010000,000000000010101010001000101100000100,143,1701ms
000010011001000100110000000100000100,001000000000010000000010001010111001,000100000010001011000101100001000000,110001100100100000001000010000000010,41,10732ms
010110000001001100000001000000000101,100000000010000001001100100000101010,000001000000110010110010011000000000,001000111100000000000000000111010000,61,54026ms
011000011001000001000010100100000000,100000000100000100000001010001100101,000100000000010010111100000010001000,000011100010101000000000001000010010,86,3363ms
010100001000010000001000001010000101,000001010110100000010010010000010000,000010100000000100000101000001101010,101000000001001011100000100100000000,39,4466ms
100110000000010000100110001000000010,010000100010001100000000000101100100,001000000000000010010001010010011001,000001011101100001001000100000000000,105,160087ms
000100101000000100010010001000100100,010001000100001000000001110100010000,001000000000010001101000000001001011,100010010011100010000100000010000000,35,1637ms
011100101000000000100000000100010100,000001000000001010001100101010000001,100000010010110101010010000000000000,000010000101000000000001010001101010,157,680ms
000110011000100000100000000010101000,110000100001000011010010100000000000,001001000110001100000000010100000001,000000000000010000001101001001010110,109,72835ms
110010000001010010110100000000000000,000000001000001001000000010011101001,001000000010100100001010001100010000,000101110100000000000001100000000110,128,1338ms
011101010010000010010000000000000010,100010000100010000000010010110000100,000000001000101101100000100000011000,000000100001000000001101001001100001,92,7453ms
100001111100000000100000010100000000,000010000010101100000001000001010100,000100000001000010010010100010001010,011000000000010001001100001000100001,136,213ms
010000000000101100000000011100001100,000100100000010010000100100010100001,000001010111000000010010000000010010,101010001000000001101001000001000000,37,1793ms
011000110101000000000000010010000001,000001000000101010000110000000110100,100110000010000000000001100101000010,000000001000010101111000001000001000,177,210ms
100101011000000001000100001000001000,010000000100100000010000010111010000,000010100000001000100001100000100011,001000000011010110001010000000000100,117,5528ms
111101110010000000000000000010000000,000000000000001101101010010000010010,000000000101000010010001101001000001,000010001000110000000100000100101100,157,1336ms
010101110000000010010000010000000001,000000000110001100000010100001000110,101000001000100001000000001010110000,000010000001010000101101000100001000,136,7257ms
010100010010000100010010000101000000,100001000101000011000100100000000010,001010001000001000001000011000011000,000000100000110000100001000010100101,78,6474ms
011010100000010000010000011000001000,000000000100001101000000000100010111,000101010010000010001010000011000000,100000001001100000100101100000100000,63,45109ms
101001001000000000000010010111000000,000010100101000000101001100000000010,010000010010000100000100001000100101,000100000000111011010000000000011000,142,2377ms
011100010010100000000000000010100010,100000000000000010111000001100001001,000000101000000101000111010001000000,000011000101011000000000100000010100,70,57185ms
000111011010000010000000000011000000,001000000000000001001001100100010101,000000000100010100100010001000101010,110000100001101000010100010000000000,86,54262ms
010011100000111000000100000000100000,000000010011000010000001000100000111,100100001100000100010000000011010000,001000000000000001101010111000001000,153,3135ms
000101011000000000010100100011000000,011000100000100000101000010000010001,000000000110010000000011001100001100,100010000001001111000000000000100010,60,30277ms
110001001010000000001010001001000000,000000110101100101000000000000100010,001100000000000010110001100100000100,000010000000011000000100010010011001,157,1690ms
001010011000000000001111000000000001,010000000000101100100000010100000110,000000100011000000010000100001111000,100101000100010011000000001010000000,58,6659ms
110110011000001000000000000010001000,001000000100000110000000011001000011,000001100000100001100100100100010000,000000000011010000011011000000100100,177,163ms
000000110001000100001000100010010100,000000000100010011010101000000101000,101100001000100000100000000101000001,010011000010001000000010011000000010,118,20999ms
000001111001000000010100000010000010,000000000110000010101011000100100000,001000000000011100000000111000011000,110110000000100001000000000001000101,4,7660ms
000000101100000100100100110000000100,001000010000110010000010000010010010,000111000000000001000000001101100001,110000000011001000011001000000001000,99,18322ms
001110111100000000000000000110000000,000000000010001010001010001001000011,110001000001010000100001100000000100,000000000000100101010100010000111000,177,40ms
001100111000000000100011001000000000,000000000110101011001000000001000001,010010000001010000010000000010001110,100001000000000100000100110100110000,111,21355ms
011001010101000100000000100000000100,000110000000100010000110001011000000,000000101010001001000000010100101000,100000000000010000111001000000010011,101,13233ms
011011000000000010001000110010000000,000000110001010000100000000101000011,000100000110000000010000001000111100,100000001000101101000111000000000000,85,25561ms
000111000110000000000000001101000010,001000101000100011001001100000000000,010000000000001100100100000000110101,100000010001010000010010010010001000,98,17086ms
010100100000010100000000001101100000,001000010000100001000001000000011101,100000000101001010101100100000000000,000011001010000000010010010010000010,151,18399ms
010111010010010000000010100000000000,100000000101100000010001001000010001,001000101000001100001000000100001100,000000000000000011100100010011100010,99,60799ms
010011010000000001000000110001010000,001100101100000000101000000100000010,000000000001110100010011001010000000,100000000010001010000100000000101101,37,17038ms
100111011000000100001010000000000000,000000000011010000010100001101100000,010000100000100011000000100010001010,001000000100001000100001010000010101,149,3700ms
000100100111000001100000000000001010,000001001000010010000100010001010100,000000000000001000011010001110100001,111010010000100100000001100000000000,49,45649ms
001011111000001000000000100000000001,100000000001100110000110000000001010,010100000000000000101000011111000000,000000000110010001010001000000110100,121,1098ms
001010010001000000110010000100000010,100000101000110010000000101000001000,000000000110000001001001010010010100,010101000000001100000100000001100001,74,12085ms
000001110000101001000000010000101000,000000001110010010001101000100000000,010010000001000000100010101001000100,101100000000000100010000000010010011,32,5663ms
111111101000000000010000000000000000,000000000000001001000110101010010100,000000010100000010101000010001101000,000000000011110100000001000100000011,177,42ms
100010000000101100100100100100000000,000000001001010001000000000011100110,011100000110000000000011001000001000,000001110000000010011000010000010001,157,1815ms
001000111000001000000100000000011010,010101000001000001000001000011000100,000010000100110010010000001100000001,100000000010000100101010110000100000,44,36126ms
100000011000001000101000010000000011,010000000011010000000010100010100100,000011000000100101000101001001000000,001100100100000010010000000100011000,84,6430ms
100111101000000000110000000000000010,010000010000000000000100001010111001,001000000000101101001010100100000000,000000000111010010000001010001000100,152,521ms
010011011000000000000000000010110001,100000000100000011101001000100000100,001100100001011000000010001001000000,000000000010100100010100110000001010,107,35921ms
100000101011001000000000000110010000,010000000100000111101000100000000010,001001010000010000000011001001000100,000110000000100000010100010000101001,157,5654ms
010000001110000011000010000010000001,001001100000000100000000110001010100,100010000000011000101100001100000000,000100010001100000010001000000101010,142,1622ms
011110111000000000000000100010000000,100000000010000100010110010000000011,000000000100111001000001000000011100,000001000001000010101000001101100000,104,22638ms
111010110010000000000010001000000000,000001000000100010110001000100010100,000000001000001101001000100011000010,000100000101010000000100010000101001,113,4033ms
101001110001000000101000001000000000,010010001110011000000100000000010000,000000000000100100010010110010000110,000100000000000011000001000101101001,112,86051ms
111110110000000010000000000010000000,000000000100000001110100010001100100,000000000000111000000001101100000011,000001001011000100001010000000011000,164,2411ms
010001000101100000110000000001000010,100000001000011000000001010010100001,001100110000000000001100101000001000,000010000010000111000010000100010100,116,23747ms
110100011000100000000000001001010000,001001000101010001000000110000000001,000000100000000100111001000010001100,000010000010001010000110000100100010,157,3642ms
111001001000010010010000000010000000,000000000010001101001010000001000011,000100000000100000000101111100010000,000010110101000000100000000000101100,157,735ms
111000111100000001000001000000000000,000001000001000000000010100111100001,000010000000101110010000011000010000,000100000010010000101100000000001110,132,1713ms
001011101001010001000000000001000000,000100010000001010111000000100001000,110000000000000100000001101000100101,000000000110100000000110010010010010,126,8463ms
010011110011000010000000000000000100,001000000000011100010001100000100010,100000001000100000101100001100000001,000100000100000001000010010011011000,157,978ms
011001111101000000000000000000000001,000000000000010000101000011001011100,100110000000001111000010000000000010,000000000010100000010101100110100000,177,651ms
100010011000001001000001000011000000,000000100110100000001010101000000100,001101000001000000100100000000101010,010000000000010110010000010100010001,125,3850ms
001101000100000000100000000000010111,010000000000001101000110100001001000,000000001011110000010001000110000000,100010110000000010001000011000100000,88,1419ms
000001100000000010101010100001000010,101000010000000100010000010010100001,010000001011111000000000001000001000,000110000100000001000101000100010100,40,14523ms
011000100000010000000001110001100000,100010001001100000000100000010001010,000101000100000101100000001000000101,000000010010001010011010000100010000,78,2216ms
000110100000110000000000110011000000,010000000000000000011111001000010010,101000011101000100100000000000000001,000001000010001011000000000100101100,151,16784ms
011100100000000000100010001001000001,100000001011001100000000000000010110,000010010100100001001001110000000000,000001000000010010010100000110101000,101,96958ms
111111100000000000100000001000000000,000000011000101100000000010110001000,000000000000010011001110000001100001,000000000111000000010001100000010110,171,573ms
010101011000000001000000010000000101,101010100010000010000000001000001010,000000000001110000011100000100110000,000000000100001100100011100011000000,57,42709ms
101111101100000000000000000000000100,000000010000011000001000100000111010,000000000000100011000111011000000001,010000000011000100110000000111000000,156,482ms
