110000010000010000010011000010010000,000100100000101100001000001100000100,000000000101000011100100000001001001,001011001010000000000000110000100010,121,1358ms
011000011100100001000000000100000001,100000000000000100010010001011010010,000110000011001000000001110000000100,000001100000010010101100000000101000,136,7348ms
011000010000110100010100100000000000,100001001010000011001000000000100010,000110100001000000100010000001000101,000000000100001000000001011110011000,115,36897ms
111110001010100001000000000000000000,000001000001000010100000111010000001,000000010000011000001110000000101010,000000100100000100010001000101010100,155,13645ms
110110101000000011000010000000000000,001000000001011000100100000010000011,000000000010100000011001101100001000,000001010100000100000000010001110100,156,9564ms
110100010000000000001100000001001100,001001000011001000000000100110100000,000010100000000101010011000000000011,000000001100110010100000011000010000,100,15890ms
101000100000000010011000100100001000,000100001001101100000001000010000100,000001010100000001000110001000000011,010010000010010000100000010001110000,129,1087ms
011110111000100000000000001000000000,000000000101001001001010100010010000,000000000010010000110101000100001010,100001000000000110000000010001100101,128,131712ms
000111011000000100000100000010001000,010000100111001001000000100001000000,001000000000100000001010011000110001,100000000000010010110001000100000110,58,33366ms
101001110100000010000000000000101000,000100001000100100100011000010010000,000010000011011000011000100000000010,010000000000000001000100011101000101,157,3325ms
100001111000001000000000000011010000,010000000000000101000110000000100111,001010000000010010110001011000000000,000100000111100000001000100100001000,157,2767ms
011011100000010000000001000000101000,000000001001100110010100100000010000,100100010010001000000000010110000010,000000000100000001101010001001000101,157,510ms
101000001001100000001010000001100000,000000000100011101000100100100000001,010011000010000010010000010000010010,000100110000000000100001001010001100,104,15652ms
111010000001000000000100000100100010,000100000000001011110001001000010000,000001000110100000000010110001000100,000000111000010100001000000010001001,157,1372ms
100010101110000001100000000000001000,001100000000101000000110000101000010,000000010001010110000001000010100001,010001000000000000011000111000010100,111,21391ms
011001111000010000010000100000000000,000000000101101010100000001000001010,000110000000000101001001010010100000,100000000010000000000110000101010101,99,17998ms
101111111000000000000000001000000000,000000000100001111010010000000010100,010000000010000000100001110010000011,000000000001110000001100000101101000,177,101ms
010100101000000000111000011000000000,100001010000000000000110000010001110,000010000001011001000000000101010001,001000000110100110000001100000100000,98,35601ms
100000000010001010000000001100001110,011001000000100001010100010010000000,000010001100010000101000000001110000,000100110001000100000011100000000001,125,4733ms
000001101100000110000010000100100000,001000000011010000000000111010000100,100010010000001000001101000001010000,010100000000100001110000000000001011,113,1203ms
100100100000000010111000110000000000,000010010110000100000000000111001000,011000001000100000000011001000000110,000001000001011001000100000000110001,157,20216ms
111000000001000101110000000000100000,000101110100000000000000010001000011,000000001010111010000100100100000000,000010000000000000001011001010011100,111,12199ms
001010011010000000100010000010000001,100100100000000010000100011000010010,000000000000110101001000100101000100,010001000101001000010001000000101000,72,9960ms
110111010000000001001000000000001000,001000100100001000010001000100010001,000000001000010100000100101010000110,000000000011100010100010010001100000,130,17548ms
110011110010000000000001000000000001,000000000000100110000100110110100000,001000001101000001010000000000001110,000100000000011000101010001001010000,157,483ms
011111101001000000000000000000001000,000000000010100000000110110000010011,000000010000001011001001000011000100,100000000100010100110000001100100000,98,27546ms
111000101010000010010000000001000000,000000000000111001000010011000100001,000111000001000100100100000010010000,000000010100000000001001100100001110,177,290ms
100010110000001000000000000100010101,000100000101100001010000001010100000,001001000000010000001111100001000000,010000001010000110100000010000001010,143,4996ms
101011000010000100010001001000000000,000100101000000001001010000001001010,000000000101000010100100110000010001,010000010000111000000000000110100100,136,121132ms
001000011101010000000100001000010000,100000000000000000110000100110101100,010011000000000001001011000001000010,000100100010101110000000010000000001,74,65686ms
010111111000000001000000000010000000,000000000101100000000001010001001011,000000000010001010110100001100100000,101000000000010100001010100000010100,118,37477ms
001100100001100000100000010001001000,000000000000010100011110100000110000,100001000010001001000001000000000111,010010011100000010000000001110000000,82,6989ms
110111101000010000100000000000000000,000000000001100000010010000100101011,000000010110001000000001111000000100,001000000000000111001100000011010000,177,119ms
011111110000000000000100001000000000,000000000001101000101000010001000110,100000001110010010000010100000010000,000000000000000101010001000110101001,177,342ms
100011001000001000000010100001001000,001000000010000100001000011100100100,000100100100100001000101000000010001,010000010001010010110000000010000010,86,802ms
010010010000000001101010000010100000,100100001000000110000000000000011011,001001100000010000010100010001000100,000000000111101000000001101100000000,68,45085ms
100100000000100000110010100000000011,001001001110000000001000000100101000,010010010001010100000001000010000100,000000100000001011000100011001010000,133,2983ms
111100110000010010000000100000000000,000010000010000001001111000000000110,000000000100100100000000001110101001,000001001001001000110000010001010000,157,3126ms
000101010000001000000000010010010101,100000001001010100100000101000000010,001010100010000001011010000000100000,010000000100100010000101000101001000,57,27485ms
000101001001001000010101000000001000,110000000000000011000000110000010011,000010010110110100000010000000000100,001000100000000000101000001111100000,41,20997ms
100111111001000000000000000000001000,010000000000111000010000100011100000,001000000000000011001100011000010010,000000000110000100100011000100000101,138,1562ms
101101001000000000001010001000000100,000000010000101000010100010010001010,010010000011000000100001000100010001,000000100100010111000000100001100000,157,88ms
100110110000010000001000010000000100,010000000011000000010100100011010000,000001001000101011000001000100000001,001000000100000100100010001000101010,140,1909ms
110011001100000000000001000000100010,000000000001000100000100001011011100,001000010000101011001000000100000001,000100100010010000110010110000000000,157,15064ms
010010011100010000100000001000000010,100001000010001000001000000011100001,000000100001000101010001000100001100,001100000000100010000110110000010000,84,13418ms
101111110000000000000000001000001000,010000000110001001000000010100010001,000000000001110000100001100010100010,000000001000000110011110000001000100,164,1069ms
010110100100000000000000001001010010,001000000011000001110010000000100100,000000000000001010001100110110001000,100001011000110100000001000000000001,105,12081ms
111001101000000001000000001000100000,000010000011001000011100000001001000,000000010100110000000001010000010110,000100000000000110100010100110000001,137,1769ms
001111110000000100100000100000000000,100000001000100000010010000111000100,000000000110000001001100010000011001,010000000001011010000001001000100010,124,7407ms
100110000010000000010000101001000100,010000010000000000001010010000111001,000000000100111101000100000010000010,001001101001000010100001000100000000,83,54156ms
100011000100010001000100000001010000,010000110010000000100001001000001001,001100001001001000001000000100100010,000000000000100110010010110010000100,115,5825ms
000101111000001000001000110000000000,011010000001010000000010000001100100,100000000100100111010100000000010000,000000000010000000100001001110001011,102,76747ms
011100111001000000010000000100000000,000010000100100000100101100001100000,100001000010000011000000010000010011,000000000000011100001010001010001100,157,236ms
110000011010001010010100000000000000,000001000100010100001000101010000001,000110100001000000100001000001100010,001000000000100001000010010100011100,177,851ms
000010000011011010100100000000000001,000100001100000001011001010010000000,001001100000100100000000100001100100,110000010000000000000010001100011010,26,11723ms
001011111000000000000010000001010000,010000000010110000111000100010000000,000000000101001100000101011000000100,100100000000000011000000000100101011,52,15512ms
100000110001000000101001100000000100,010101001000001111000000001000000000,001000000010100000010010000000110011,000010000100010000000100010111001000,82,22341ms
000110111000000000100000100010000001,010000000100110000010010000001100010,001000000010001011000100000100001100,100001000001000100001001011000010000,95,3785ms
110011000010001000100011000000000000,000000000001010100010100101010010000,001100000100100000001000010000101100,000000111000000011000000000101000011,144,24374ms
000110001000100000000101001000001010,111000000000001001010000010001000001,000000000100010010100010100110010000,000001110011000100001000000000100100,70,1522ms
000000110000010000100010110100100000,001101000000001011000000000000011010,110000001000100000011101000000000001,000010000111000100000000001011000100,120,22161ms
101110111000010000000000000001000000,000000000100001110011000000100011000,010000000011000000100111010010000000,000001000000100001000000101000100111,170,2072ms
110101000010000010001000000000000011,000000011000000000110100010010011000,001010100001100101000000100000100000,000000000100011000000011001101000100,133,44553ms
011100011100000100001000100000000000,100011000000011000010110000000100000,000000100000100001000001000111000101,000000000011000010100000011000011010,79,32994ms
111100100100000000000000000000100011,000010010000000100001001101100010000,000000000011010011000100000001001100,000001001000101000110010010010000000,121,4302ms
000001010010001000100100010100000001,000010000000100110000000000010111100,110000101100000000001010001000000010,001100000001010001010001100001000000,157,12718ms
011100010010100001000000000001100000,100000100000001010000010110010000100,000010001000010100001100001100000010,000001000101000000110001000000011001,93,2937ms
110111001000000000000010001000000010,000000100100100001011100100000100000,001000010011010000100000010010001000,000000000000001110000001000101010101,165,2467ms
010101110010000000000100100000000100,100000000001000011001010010100010000,001000000100111000000000001000100011,000010001000000100110001000011001000,85,18159ms
010011010100000000001100100000100000,000000000000110011010010000110001000,000100000000000100100000011001000111,101000101011001000000001000000010000,66,13688ms
110110100000000000001100000011000000,000001011000100100000001000000110010,000000000110010011110000010000000001,001000000001001000000010101100001100,177,2280ms
110010001000000001001101000100000000,000000010010000110000000010010101100,001100100100000000100010100000010010,000001000001111000010000001001000001,157,75ms
101110100000000000000000000001001110,000000000011010000000001100110010001,000001000100100100110100010000100000,010000011000001011001010001000000000,127,92732ms
010011101010001000000010010000000000,100000000001100100000000001000110101,000000000100010010100000100111000010,001100010000000001011101000000001000,92,92204ms
001110101000000000010010000000000110,000000000100001000001100110001110000,110000010011010100000000001000000001,000001000000100011100001000110001000,164,3031ms
010101001001010001101000000000000000,000010010100000010000000000001111100,001000100000000100000101110110000000,100000000010101000010010001000000011,88,69783ms
010100100000000000010000110001010010,000001000001100110001100000000100100,100000011100010001000001001100000000,001010000010001000100010000010001001,150,1869ms
011000000001100000000000000000110111,100110000100010001010000110000000000,000001001010001100000101001001000000,000000110000000010101010000110001000,24,29101ms
101001000000000100010001001000000101,010000001100000010000000100110010010,000110100000000000001110010001100000,000000010011111001100000000000001000,129,40712ms
000001001010100000101000001001000100,001010010100000001000100000000110001,010100000001000100000010010100001010,100000100000011010010001100010000000,59,2986ms
001010000101000000110000011000010000,010001000000000000001011000111001000,000100001010100011000100000000000101,100000110000011100000000100000100010,31,40690ms
111001111010000000000001000000000000,000000000000000010100000101001110110,000000000001100001011110000110000000,000110000100011100000000010000001001,144,3921ms
010001111000100010001000001000000000,101010000111010000000000110000000000,000100000000001001010010000001110001,000000000000000100100101000110001110,50,109524ms
010001001111000000001100100000000000,000000100000000000110000001101001101,100100000000001011000001000010100010,001010010000110100000010010000010000,116,39654ms
110100110001010010001000000000000000,001001000100001000000111100100000000,000010001000000001110000000011100001,000000000010100100000000011000011110,144,9332ms
000100010011001010000001011000000000,010011000000010001100010000000010010,000000100000100000001100000110101001,101000001100000100010000100001000100,15,12366ms
110111100000000000000000010010000010,000000001001000011101000000100010100,001000010100001100000011001000000001,000000000010110000010100100001101000,164,1743ms
100110100100011001000000100000000000,000001010011000000100100000010001001,010000001000100100000011000001100010,001000000000000010011000011100010100,162,2939ms
101111001000000001000000000010010000,000000110000100000100100000100101001,000000000110010000001010100001000110,010000000001001110010001011000000000,159,22694ms
011111111000000000000000000100000000,000000000000101100110110000000100100,000000000001000001001001001010001011,100000000110010010000000110001010000,132,5103ms
001011001011101000001000000000000000,000000000100010011110010000101000000,110100100000000000000101010000001001,000000010000000100000000101010110110,157,2530ms
101000110100000000010000000100001001,000000000000100111001000101001010000,000000001011001000100011010010000000,010111000000010000000100000000100110,138,180ms
100111101001000010010000000000000000,001000010010101001001100000000000010,010000000000010000000001110011000101,000000000100000100100010001100111000,131,18618ms
110000000010001100010000000001000110,000001010100000001000101001000001001,001100101000110010000000000110000000,000010000001000000101010110000110000,143,876ms
111101111000000000100000000000000000,000000000110000000001100100001110010,000000000000110111000011000000000101,000010000001001000010000011110001000,157,184ms
100101000111011000000000000000001000,010010010000000000000011001100010010,000000100000100010111000100010000001,001000001000000101000100010001100100,112,16045ms
011010101100001000000100000000000001,000001010011100000100001100100000000,000100000000000000011000011000011110,100000000000010111000010000011100000,78,19737ms
111100111000000001000100000000000000,000000000010001110000000101110000100,000010000101010000010011000000000011,000001000000100000101000010001111000,157,507ms
100101111000000000000001000110000000,000000000100100000010100011001010001,011010000001011000001010000000001000,000000000010000111100000100000100110,157,52ms
000111001000001001010000000000000110,001000010000110010000000010111000000,010000100011000100001100001000010000,100000000100000000100011100000101001,64,13573ms
001001011000000100101000000000010001,000110100001010011000100000010000000,110000000110001000010001001000001000,000000000000100000000010110101100110,157,5967ms
011110010000000100000010000001010000,000001001001100000001001001010100000,000000000100001011100000110000000101,100000100010010000010100000100001010,103,6391ms
000110010000110001000010010000000001,000001001000001100010000101010100000,001000100101000000000000000101010110,110000000010000010101101000000001000,98,45076ms
100101010000100010110000100000000000,000000001100001000000001011000000111,000010100011000101000000000110010000,011000000000010000001110000001101000,143,3365ms
100111000000101011000100000000000000,000000010100010000010010010001010001,000000100011000100101000100100000010,011000001000000000000001001010101100,132,25329ms
101011011000001000000000000010001000,000000000001000010100110011000010010,000100000010010100010000000001100101,010000100100100001001001100100000000,103,15455ms
110100011000000000000000011000100001,000010000110110100000100000001000010,001001000001000011010010100000001000,000000100000001000101001000110010100,130,13554ms
100110011011100000000000000100000000,001000000000010000100110001001001001,000000000100001011000001100010000110,010001100000000100011000010000110000,149,3700ms
001010110000001000100100010001000000,100100000000000001000011001100100001,010001001100000010001000000010001100,000000000011110100010000100000010010,95,17276ms
110010011000000110000010000000000001,001000100010000001010001101001000000,000000000101100000100100000010110100,000101000000011000001000010100001010,157,9029ms
110101010001000000000000000100100010,000000101100100001010000001000001100,001000000010001110001010100001000000,000010000000010000100101010010010001,133,7458ms
011100001000000100100000010010001000,100000000001001011010000000000010101,000011010110100000001000000100000010,000000100000010000000111101001100000,116,3775ms
101011101001000010000000000000001000,000000010000101001101000010010010000,010000000100000000000110000100100111,000100000010010100010001101001000000,157,171ms
110010100000000001000000010001000101,001000001110010000001000001000100010,000001000001000010110010100100001000,000100010000101100000101000010010000,157,381ms
001110000000100000111000001000000010,110000000101000100000000110001001000,000000111000000011000001000100110000,000001000010011000000110000010000101,94,8083ms
101101110000000000010000000000001001,010000001000101000000110100010000010,000010000001000101001000010101100000,000000000110010010100001001000010100,129,5945ms
000011100000000010010110000000011000,001000010000000100100001011010000100,000000001100010000001000100101100010,110100000011101001000000000000000001,38,9098ms
000111111000000010001100000000000000,000000000001110001000000010100001101,011000000010001100000000100001100010,100000000100000000110011001010010000,101,21730ms
101110011000010010000000000000000010,000001000101000000101010000110000001,010000100000001100000000001001011100,000000000010100001010101110000100000,156,4064ms
001001101001000010000000100100000001,100000000100010100100100010000010100,000010000010001001010001001001001000,010100010000100000001010000010100010,33,17335ms
111010011000100000001010000000000000,000000100010000101100000001000100101,000101000000010000010100100110000010,000000000101001010000001010001011000,157,401ms
011011001010000000000100001100000000,000100000101000101000010010011000000,000000010000111000100000100000001110,100000100000000010011001000000110001,95,1960ms
111110011000000010000000000010000000,000001000000000000010010111100011000,000000000011101000001100000001100001,000000100100010101100001000000000110,145,7867ms
000001000110000100010000001101000010,010000000000100010000101000010011100,101000001001010000001000110000100000,000110110000001001100010000000000001,121,2042ms
000110000110000101010100010000000000,000000100000101000101011100000000100,110001001001000010000000000110000001,001000010000010000000000001001111010,177,25021ms
000110101000100001000000010001000001,010001000000011010001010100010000000,000000000010000000110101000000111010,101000010101000100000000001100000100,42,10610ms
011100101100000000010100000000010000,000011000000110000000000100011000110,000000000011001001000011010100100000,100000010000000110101000001000001001,92,26338ms
010101011100000000010000000100000100,000000000001110010001101100000010000,001010000010001000100010000000001011,100000100000000101000000011011100000,116,3751ms
000000001011010011001000010010000000,010100000100001100000001001001000010,000011010000000000110000100000100101,101000100000100000000110000100011000,38,9857ms
110000100100010100000001000000100001,001000001010000001001100110001000000,000101010001100000000000001010010100,000010000000001010110010000100001010,123,5284ms
011011011000000000011000000100000000,000100000100011000000010001001100010,000000100000000100100100010000011101,100000000011100011000001100010000000,116,1213ms
100101001100010000000000010011000000,011000000000001000000001100100100011,000010110010100100100000000000001100,000000000001000011011110001000010000,115,3026ms
110001100000100000100010001000000010,000100000000010000001001100110001100,000010010100001000010100000000110001,001000001011000111000000010001000000,143,4596ms
111111001100000000000000000000001000,000000110000100100001001000100100100,000000000011000000110100010001000011,000000000000011011000010101010010000,158,3610ms
100001010000000000101011000000010010,010010100001001010000000100100000100,001000001100100000010100010001000001,000100000010010101000000001010101000,112,22805ms
001000010011001110000000011000000000,010100000100010000001000000110110000,100000000000100001110101000000001100,000011101000000000000010100001000011,66,73859ms
101101111000000000000000001001000000,000000000111000001000000010110100100,010000000000011110100001100000000010,000010000000100000011110000000011001,157,372ms
001110010010000000100010000000101000,000000101001001000001001011000010000,000000000000000101010100100011000110,110001000100110010000000000100000001,64,25757ms
110100101000000011000100000000000100,001000010110010000001000101010000000,000011000000000100110001000001010001,000000000001101000000010010100101010,143,10073ms
111110010000001000010000000000000010,000000001001110101100010001000000000,000000000000000000001100110101111000,000001100110000010000001000010000101,162,31303ms
001001001000100011000000100001000001,100110000010000000001000000000110110,000000000101010100010010001010001000,010000110000001000100101010100000000,23,8941ms
101110010000100110010000000000000000,010000001001000000001000001001010101,000001100000011000000110100000101000,000000000110000001100001010110000010,114,20044ms
010110110000000011000000000000001001,000000001000011000000001001010100110,101000000001000100101000100100010000,000001000110100000010110010001000000,170,2710ms
011010010000001000000001100010000100,100100100000000000101000010101010000,000001000000010110000110000000101010,000000001111100001010000001000000001,35,10387ms
100010000110000001101001000100000000,000000110000001000000000100010110110,010000001001110000000010001000001001,001101000000000110010100010001000000,146,2519ms
011010000100000100001000000010100001,100001001000100001010001000000010010,000100000011001000000110110000001000,000000110000010010100000001101000100,76,5960ms
001010111001001000000000101000000000,000000000110000011010000010110000100,000100000000100100100001000001011001,110001000000010000001110000000100010,46,24344ms
111010100000000001011000010000000000,000000000010110110000010000001100010,000101000000000000000100001110011001,000000011101001000100001100000000100,157,10778ms
001100001010001100100000000001100000,000010100100100001000100000010001100,000001010000000010001010110000000011,110000000001010000010001001100010000,40,1480ms
001000100110100000000001100001000100,010000000001010001001100000010100001,100111011000000010000000001000000010,000000000000001100110010010100011000,163,900ms
111011000000000000000000000011110000,000000011000110001000010110000000010,000100100000000110111000001000000001,000000000111001000000101000100001100,157,1031ms
110100001100000000010110000010000000,000010000010000000101001000000101110,000001110001010100000000110001000000,001000000000101011000000001100010001,144,2027ms
010011001100000000001001100000100000,100000000001100000110000000110000110,001000110000000000000110011000011000,000100000010011111000000000001000001,79,46709ms
000010101000000000100100010010000110,001000000011000110000011000000011000,000001010000110001011000100000100000,110100000100001000000000001101000001,35,23744ms
000001111000100010001001000000000001,110000000100000000010100010101000010,001110000010010101000000000000110000,000000000001001000100010101010001100,81,29641ms
100111011010000000000000000010001000,001000000001000001000010110001100001,010000000000110110001100000100000100,000000100100001000110001001000010010,177,78ms
110010000000010100010000010000001010,000000011000001010000110000001010100,000000000110000001001001001100100001,001101100001100000100000100010000000,121,2555ms
011111001000000000100100000000001000,000000000101110000000001011011000000,000000010000000011011010000000000111,100000100010001100000000100100110000,128,7942ms
010000111000000000101010000001010000,100010000001000110000000011000000110,001001000110010000010000100000100001,000100000000101001000101000110001000,102,7389ms
101101011010000000000010000000000001,000000000100100110001000000001111000,000000000001010000010100101100000110,010010100000001001100001010010000000,107,31574ms
111000110000010100000000000010010000,000100001001000010100010100001000001,000000000000101000011001001000001110,000011000110000001000100010100100000,101,20128ms
001001111000000000000101000000000101,010010000001000001101010001000010000,100000000010100100010000100110001000,000100000100011010000000010001100010,139,12869ms
111011101010000000000000100000000000,000000010000101001100000000101100010,000000000101000100000001001010011100,000100000000010010011110010000000001,157,1321ms
011001010000100000000000000111000100,000000000000001100011011011000001000,000110000100010001000000100000010011,100000101011000010100100000000100000,138,18511ms
001001000000000010110000000100011100,100000001010100100000001010001100000,000100100001001000001010001010000001,010010010100010001000100100000000010,45,5815ms
001100110011110000000000000000010000,010000000100001000001011000010001010,000011001000000101010000010101000000,100000000000000010100100101000100101,73,14399ms
101001101110010000000000000010000000,010000000001001011110000000000000110,000000010000100000000110001001011001,000110000000000100001001110100100000,129,2631ms
011001100100000000011000000000100001,000100000000000000000101110101010010,000000011000011111000000001000001000,100010000011100000100010000010000100,78,14322ms
100001101100001000100000000100000100,000010000001010101000100000010001001,011100000000000000011000011000110000,000000010010100010000011100001000010,157,194ms
010000101010010000000100001001000100,001100000000000000000010110110001010,100010000101100100001001000000010000,000001010000001011110000000000100001,115,18003ms
010011100001010000100000001100000000,000000001100000000000010110011001001,001000010010101001011000000000100000,100100000000000110000101000000010110,103,2474ms
111000001000100000010001000000101000,000000010001000000101000101001000110,000011000100001100000100000110000001,000100100010010011000010010000010000,157,1610ms
111111110000000000000000000000000010,000000000110100001000100001011000001,000000001000000000011011000100111000,000000000001011110100000110000000100,177,42ms
011101111000000100000000000000000001,000010000001110000001000001000110010,100000000000001011000010000111001000,000000000110000000110101110000000100,157,854ms
110010101011000000100000010000000000,000001010100101001010001000100000000,001100000000000000000100100001111001,000000000000010110001010001010000110,157,694ms
011101001100000000000010000000001001,000000010000000000001001100111110000,100000100011000100110000011000000000,000010000000111011000100000000000110,157,697ms
111001011010000001000000000010000000,000100000001011000110101000000000001,000000000000100110000000001001111100,000010100100000000001010110100000010,121,11936ms
110001111000000001000000010001000000,000000000100010010101100001010010000,000000000001101000000001100000101101,001110000010000100010010000100000010,85,30573ms
111010001000100100000001000000100000,000000000100011000011100001000010010,000101010000000010100000110000000101,000000100011000001000010000111001000,147,4736ms
000101000000010000000001000101111000,001000010000101011100000001000000001,000010001101000000010000110010000100,110000100010000100001110000000000010,36,16335ms
100110101000000000010001000000001001,000000000001001100100010001000010110,000000010110000011000000010111000000,011001000000110000001100100000100000,149,4167ms
111001110000000000001000001000000010,000010001001000011000000010000100101,000100000000010100100111100000010000,000000000110101000010000000111001000,157,1715ms
110101111100000000000000000000001000,000000000010010110100100001000000101,000000000001001000000011100001110010,001010000000100001011000010110000000,146,1852ms
010010000100101000001000000100001010,000101001011000100000100000000110000,001000110000000011000001000011000001,100000000000010000110010111000000100,83,6306ms
101110101000000000010000000000100001,000001000100010000000101011001001000,000000010011101101001010000000000000,010000000000000010100000100110010110,148,6523ms
110010111000100100000010000000000000,000100000100010000001000111010100000,001001000000000011100000000101001010,000000000011001000010101000000010101,157,384ms
001111111000000000000010000000000010,100000000100001000001100100000110001,000000000010000110010001010011001000,010000000001110001100000001100000100,67,22227ms
011110001000000011000100000010000000,100001000010001100001001010000000010,000000000000110000000010101101100100,000000110101000000110000000000011001,107,16940ms
011001011000000000010000000000101100,000000000110100001100100000100000011,100000000001011100000011100001000000,000110100000000010001000011010010000,119,73603ms
100111110000001000000000000000000011,000000001011000000000000100011101100,010000000000010000101101001100010000,001000000100100111010010010000000000,177,4505ms
100000011010001000000010100001000100,010000000101110000001100000100100000,001011000000000001000001000000011011,000100100000000110110000011010000000,97,4736ms
101010101000000010000010001001000000,010001010100110100000000000000001010,000000000000001000011100000100110101,000100000011000001100001110010000000,113,65305ms
100111001000000000010100000001000100,000000010100011100100001010000001000,010000100000100000001010001110010000,001000000011000011000000100000100011,164,1425ms
110001101000100000001100000100000000,000100010001011010000010100000000100,001000000100000101000000001001010011,000010000010000000110001010010101000,135,4638ms
100000100100000000100000100010101100,000111010000001100001000000000010010,011000000000010001010101010000000001,000000001011100010000010001101000000,126,2547ms
000110011010000010000000001100000010,000000000100001000010000010011110001,011000100000010000100011100000001000,100001000001100101001100000000000100,115,33400ms
101011111000000100000000000000010000,000000000000101001001000101001100001,010000000100010010010000010010000110,000100000011000000100111000100001000,153,1642ms
010011000000100110011000000000100000,000000000110001000100011100000001100,101000000001010000000100001101000010,000100111000000001000000010010010001,122,3417ms
000100000110110000101001000000000001,100011000001000100000100000011010000,010000101000000000010000111000001010,001000010000001011000010000100100100,74,23483ms
011011111000010000000000000000010000,100100000000101001010100000110000000,000000000100000010001001111000000110,000000000011000100100010000001101001,96,29246ms
011001110100100100000000000010000000,100010000000001000110011110000000000,000100000000010010000100001001000111,000000001011000001001000000100111000,83,60985ms
000000011001101010000001000000000110,100000100000000000011100001101001000,010001000000010101100000110000010000,001110000110000000000010000010100001,17,4614ms
101100110001000000000110000000010000,000011000100001001000000101010100000,000000001010010100011000000101000010,010000000000100010100001010000001101,141,752ms
011110011001010001000000000000000000,100001100000000010001001011010000000,000000000000000100110010000101110010,000000000110101000000100100000001101,102,236658ms
101100011000000100000000000100001100,000000100101010010001000100010100000,000011000000001000010100001001010010,010000000010100001100011010000000001,138,3692ms
000011011000000101100010000000100000,100100000010000000010001010010000110,010000000001100000001100101001001000,001000100100011010000000000100010001,33,10238ms
101001100101000000000010000001000010,010100010000000000110100000100101000,000000000010000101000001110010010001,000010001000111010001000001000000100,76,38970ms
001111101000100000000000001000000001,000000000000000011101011100010000100,110000000101000100010000010100000010,000000010010011000000100000001111000,177,150ms
100100001100000110001000010000000100,000010000000011001000101001000010001,010001010000100000100010100000100010,001000100011000000010000000111001000,136,3478ms
001101100000000000001010001000100100,100000010001001110100000010010000000,010010000100000001000101000000011001,000000001010110000010000100101000010,78,7992ms
000101100000001011000000110010000000,000010001010000100000110000101010000,001000000101100000000000001000001111,110000010000010000111001000000100000,27,6681ms
101011001010000000000100000000100100,010000000000100001101010101000010000,000100100101010100000001000010001000,000000010000001010010000010101000011,157,2511ms
110001001000000000000010010011000001,000100000010000110110000000100110000,001010000001111001000000100000001000,000000110100000000001101001000000110,126,4662ms
011110110000000000000100000001100000,100000000000001011010010001000010010,000000000001100000101000000110001101,000001001110010100000001110000000000,132,122134ms
001101010000000001000000000010000111,100010001000000100001000101100010000,010000000100110010010001010000001000,000000100011001000100110000001100000,74,21458ms
010101101010000000010010000001000000,100010010000000011000000100110100000,001000000100011100100100000000010001,000000000001100000001001011000001110,114,12462ms
011010110010000001000010100000000000,100001000000010000110100000000010110,000100001101001010000000001010001000,000000000000100100001001010101100001,107,26197ms
001111100001000000001000000100000100,100000001000100100000010001000010011,010000010100000000110001100001001000,000000000010011011000100010010100000,142,3903ms
100100010000100100100000010001000100,011000100000010010000110000000001010,000011000001000000010000000110110001,000000001110001001001001101000000000,110,21304ms
101100100000000001000110000000011000,000000010010100100111000010000000100,010011001000001000000000101110000000,000000000101010010000001000001100011,129,5814ms
101100111010000000000100000100000000,010011000000000001001001000010100001,000000000100010010000000010001011110,000000000001101100110010101000000000,113,33833ms
101101000000001000000001011000000010,000000100110110000011100000000001000,000000011001000111000000000001110000,010010000000000000100010100110000101,103,91264ms
011101000001001000100000000100000001,000010001010010000000110011000100000,100000110100000001000001000001001100,000000000000100110011000100010010010,157,571ms
000000111000010000000110000000000111,010000000011100000000000011100110000,001100000000001000010001100011001000,100011000100000111101000000000000000,0,1911ms
010000000100010010000001001001100001,000011000000100000001000010010011010,100100100001001101100000000000000100,001000011010000000010110100100000000,116,8008ms
111101011000000000000100000010000000,000000000001010110000000100001001110,000010000100101000010011001000000001,000000100010000001101000010100110000,157,1676ms
111011001010000001000000000000100000,000000000000001010100010010011001001,000100110000010100000101001000000100,000000000101100000011000100100010010,142,15553ms
010001000001000011000000000101010100,001100000000011000000110011000000010,000000101010100000101001100000000001,100010010100000100010000000010101000,55,52244ms
101111000100000001000000000000010100,000000001011000000000011011010001000,010000010000010000111100000001000001,000000100000101110000000100100100010,177,129ms
001000101000101001100010000000000001,010110000001000000001000100010010100,000001000110010100010100010000000010,100000010000000010000001001101101000,46,28185ms
001010100001001000000010100100000001,000101010010000000010000001001100010,110000000000000010101001000010010100,000000001100110101000100010000001000,157,773ms
010110000101000000100000010000101000,000000000000100111010010000100010010,101000001000011000000001001010000001,000001110010000000001100100001000100,165,968ms
000101101000000110000100000000011000,000010010000011001010000110010000000,101000000000100000000011001101000001,010000000111000000101000000000100110,122,2832ms
111001000100100010000001000000100000,000000110000000001011010100001000010,000110000011000000100000000100011001,000000001000011100000100011010000100,177,139ms
001010001100110001000000100000100000,110100100000000000100101000000010001,000000000001001100001010000101000110,000001010010000010010000011010001000,30,37660ms
110000101000001010000000000001010100,000001000000100100001000101000101010,001000000110000001010010010110000000,000110010001010000100101000000000001,157,529ms
100100011000000010000011100010000000,001010000100010001000000000100101100,000000100000000100011100010001010001,010001000011101000100000001000000010,79,47591ms
001011000000000000000000010100100111,110000011001010000010001100000000000,000000000000001011100110001011000000,000100100110100100001000000000011000,35,32121ms
010000110000100000000100000101100010,000100000010001110000000111000001000,000011001000010000110010000010000001,101000000101000001001001000000010100,104,13002ms
101100001000100000100010011000000000,000000110100001000010100000001001100,010000000001000011001001100010100000,000011000010010100000000000100010011,139,23738ms
111111011000000000100000000000000000,000000000011010101000100100000010100,000000000000001000010010010110100011,000000100100100010001001001001001000,177,85ms
111100000000000101000010110000000000,000000011011010000100001000001100000,000011100000000010000000000010010111,000000000100101000011100001100001000,140,12216ms
110101100000101100000000000001000000,001000000011000011000011010000100000,000000000000000000101000100110001111,000010011100010000010100001000010000,157,32618ms
100010001001001001000010000000101000,001000010010010010000100110100000000,000001100100100100100000000000010011,010100000000000000011001001011000100,103,25157ms
111110111000000000000000000000010000,000001000110000000000000110011001010,000000000001000010101111000000100001,000000000000111101010000001100000100,152,4212ms
101010000000000001100110000001000001,010000000001001010010000010110010000,000100000000010100001001001000101100,000001111110100000000000100000000010,80,3734ms
111110101000001000000000000000000001,000000010000010000001001100010110100,000001000011100010000100011100000000,000000000100000101110010000001001010,177,269ms
011011110000000000000010101000000000,000000000010001001010000010100011010,000100001001000010101000000011000100,100000000100110100000101000000100001,121,5099ms
010010101100100000000101000000001000,101100010001000001000000000000010011,000001000010001000100000101011100000,000000000000010110011010010100000100,57,19759ms
000010111000110010010010000000000000,000001000011000001101001010000000100,100000000100001000000100001010101010,011100000000000100000000100101010001,89,89399ms
010110101000010000010010000100000000,001000000000000110000000010000111110,000001000100101000001001000011000001,100000010011000001100100101000000000,98,22786ms
100111100000010000000001010010000000,010000001000000100000100001100001011,001000000100101000100000000001110100,000000010011000011011010100000000000,134,15073ms
110101011000000000010000010100000000,000000000100000010100101100010100001,000010100000101001001010000000001100,001000000011010100000000001001010010,143,319ms
110011101000000010000100001000000000,001100010001100000100010000000101000,000000000000000000011000100111010101,000000000110011101000001010000000010,114,311460ms
010000010000011000000110000011001000,000000001000100101101000010000000011,101001000001000000010001000000110100,000110100110000010000000101100000000,106,3772ms
101111100001000000000100100000000000,000000001010110000110001000000011000,000000000000001111001000010000100011,010000010100000000000010001111000100,114,16821ms
101000111010010010000000000000000010,000000000000101001000100010100001101,010010000001000100011001001010000000,000101000100000000100010100001110000,144,4359ms
111001100000000000010001100000000001,000100010000011000100000001000100110,000010000110100000001100000011010000,000000001001000111000010010100001000,134,2533ms
011000100000000111000110001000000000,000000000100101000101000010010001100,000100001011000000010000000100110001,100011010000010000000001100001000010,62,49272ms
011101101000000000010000001010000000,000010010011000000100101100000100000,100000000100111000000000000000010111,000000000000000111001010010101001000,153,8502ms
101010011001000000000000000100000011,010001000000011000011001100010000000,000100000000100100000100011001001100,000000100110000011100010000000110000,122,6025ms
100010011000100100000000000011000001,001101000000010000101000001100010000,010000100110001000000010100000001100,000000000001000011010101010000100010,127,5930ms
011101110000101000000000001000000000,100000000010000011010001000010000110,000010000100010000101000110100010000,000000001001000100000110000001101001,121,5626ms
000010010011100000011000100000100000,000000101100011000000000001100010001,011001000000000001100100000001001100,100100000000000110000011010010000010,81,8604ms
011100100000000100010100100000000010,100000001110000000001000001101001000,000000010001011001000011000000110000,000011000000100010100000010010000101,59,5394ms
001101110010000010010000000001000000,110000000100000100000001001100000110,000010000000010001000000110010111000,000000001001101000101110000000000001,39,12936ms
111100010100000000000010000000100010,000011000000001011010000011100000000,000000000011010100000001000011010100,000000101000100000101100100000001001,146,769ms
100011100000000010100100001010000000,000000000100000001011000100100100101,000000000011101100000001010001001000,011100011000010000000010000000010010,68,23822ms
011010011001000000010000010000010000,000100000100100110100000001000001010,100000000000011001000000000111100001,000001100010000000001111100000000100,157,3246ms
100010111010000000010001000100000000,001001000000001100001000100000010110,010100000100000001100100010010000001,000000000001110010000010001001101000,157,39ms
011110100000100000000001100000100000,000001001110010000000000010101001000,100000000001000101110010000000010100,000000010000001010001100001010000011,177,1343ms
011101010000000000000100010010000010,000010001001000100100010001001000001,100000100110000000001001000100010100,000000000000111011010000100000101000,157,205ms
001011110010000000100100000000100000,100100000000010000010000100010001011,010000000100001000000001001101010100,000000001001100111001010010000000000,116,27258ms
110011010000000100110000001000000000,000100101100001000000100110010000000,000000000000000011001000000101111010,001000000011110000000011000000000101,143,3645ms
110110110000100000000010010000000000,000000000100001100010101001011000000,001001000011000000100000000100011100,000000001000010011001000100000100011,177,86ms
111000100000010000100000000100100100,000000000101001010010001010000010010,000010001010100101000110000000001000,000101010000000000001000101011000001,138,6298ms
001110111000001000000001000000000001,100000000001010000100010001000111000,000000000010000001011100100010000110,010001000100100110000000010101000000,61,27628ms
010011011000001010100000000001000000,000100000101010000001000010010010100,100000000000000101010100101000100001,001000100010100000000011000100001010,157,2951ms
000000000100001010100010100110000010,110000000000000101010100001000001001,001101010010100000001000000000110000,000010101001010000000001010001000100,101,1721ms
111101110010100000000000000000000000,000010000001011100100010000000001001,000000000000000001001101000011110010,000000001100000010010000111100000100,132,1596ms
001100101010000000000000001000001011,100010010000100000011000000011000100,010000000000000111100000100100110000,000001000101011000000111010000000000,75,39695ms
011111100000000001010000000000100000,000000010111001010000110010000000000,100000001000010100101000100000001100,000000000000100000000001001111010011,177,3667ms
000100110001000001000100000101000010,111000000000001010010010010000000100,000010000110010100100000101000001000,000001001000100000001001000010110001,65,21470ms
110100100010001001100000000001000000,000001000100000000011100001010010100,001010001001010000000001110000100000,000000010000100110000010000100001011,157,1932ms
111010110000000000000101000000000010,000000000010101100000000011110000001,000000001100010000111000100000101000,000101000001000011000010000001010100,157,1010ms
101010100000100100000000000100110000,000000000000000001001100111010001001,010101001000000010110000000000000110,000000010111011000000011000001000000,157,787ms
110111011000000000000000000010000010,000000000010001101010001000000100101,001000000100100010000010101100001000,000000100001010000101100010001010000,177,74ms
000000100000001000001000100101110001,000000011010010011000010000000000110,101011000101000000010000000010001000,010100000000100100100101011000000000,126,7588ms
010100110011100000010000000000000001,001000000000001001001110100010000100,100010001100000010100000000000110010,000001000000010100000001011101001000,157,192ms
000011110000000000100001000100000011,001000000010000110010000110000100100,110100001101000000001000001010000000,000000000000111001000110000001011000,157,102ms
011011000100001000000000010000100010,000100000001000110000001100010010001,000000101000000000111010000101000100,100000010010110001000100001000001000,120,3551ms
011100110010000000000010100100000000,000000000100001110000001000011001001,000010001001100000010000001000110010,100001000000010001101100010000000100,66,13812ms
010010111000000000000100000000001011,000001000001000100110010110000010000,101100000010010001000001000101000000,000000000100101010001000001010100100,144,9613ms
101111011000000100000000000000000100,000000000010100000110000111000100010,000000000100010010001001000011010001,010000100001001001000110000100001000,152,18910ms
100011111100000010000000000010000000,001000000001001100010000010000100011,010100000000110000100000101001001000,000000000010000001001111000100010100,157,285ms
010101010000100000100001000000001100,000010000010000101010010000100110000,000000101100010000001000101001000010,101000000001001010000100010010000001,86,1946ms
010100001000000000000011110000101000,100010000010100100101000000100000100,000000110001000001000100001001010010,001001000100011010010000000010000001,31,1390ms
111100001000100010000000011000000000,000000100001000000111111000000000001,000001010000000000000000100001111110,000010000110011101000000000110000000,121,108961ms
101001001101000000000000001000100001,000110000010100010100100100000010000,000000100000011100000010010110001000,010000010000000001011001000001000110,137,3455ms
001111000010010010000010000010000000,000000000100001000001100101001101000,010000001000000001110001000100000101,100000110001100100000000010000010010,125,4943ms
001000001000001101100010101000000000,110011000010010000000101000000010000,000000000101000010000000010111101000,000100110000100000011000000000000111,46,33864ms
000010100100000000110000010000101001,100001001000010001001001001001000000,000100000011101000000010000010000110,011000010000000110000100100100010000,35,3775ms
010111100000000001100001000000000001,100000000000000000000010101010111100,001000011011110000001000000100000000,000000000100001110010100010001000010,116,24766ms
010110011000010000000010000000000110,000001000100001110010001000010000001,001000000000000001100000111001110000,100000100011100000001100000100001000,87,7374ms
110000110000001000000000001100000110,000001000101000001000100010011001000,000010001010110010101001000000000000,001100000000000100010010100000110001,146,6064ms
101110110000000000000010000000001100,000001000011000001000001001010100010,000000001100001010001100100100000001,010000000000110100110000010001010000,166,620ms
101010110010110000000000100000000000,000101000101000100010010000100000010,010000001000000000101000001000101101,000000000000001011000101010011010000,157,4828ms
110110111100000000000000100000000000,000001000010010000000010011101000010,000000000000101010011100000010010001,001000000001000101100001000000101100,156,1877ms
000101011000100000010010100000001000,001000000001010101001000010011000000,110000000010001000100000001100100010,000010100100000010000101000000010101,157,249ms
110001000000010001001000000110000001,000110100000000100100001010001010000,000000000110100010000100100000100110,001000011001001000010010001000001000,105,21885ms
111100011000000000001000010000010000,000001100000100100100111000000001000,000010000011011010000000000100000110,000000000100000001010000101011100001,157,8937ms
100011101101000001000000000000010000,001100010000000000011010010110000000,000000000010001100100000001001001101,010000000000110010000101100000100010,107,29811ms
110000111000000001000010000000011000,001000000010000110110000001000100001,000111000000100000001000010011000100,000000000101011000000101100100000010,140,4636ms
001110001000000001001001000000010001,010000100001100010010100000100001000,000001010000011100100010100010000000,100000000110000000000000011001100110,73,13660ms
001100011000110100000000000001000100,100010000010001000000010000110100001,010000100101000010000101010000010000,000001000000000001111000101000001010,92,44030ms
010100010010000001000110000100100000,000000100000100110101000100001000010,100001001000000000000001011010001001,001010000101011000010000000000010100,144,2719ms
111001001000000000010100010100000000,000000010101000100101000100000101000,000000100000110010000000001010000111,000110000010001001000011000001010000,123,3276ms
101110000000011000100100010000000000,000001000000000000010000001111110001,010000001110100001000001000000000110,000000110001000110001010100000001000,177,2680ms
101011100000000000011000000001000010,000000000011110101000100001000000100,000000011100001010100010000010100000,010100000000000000000001110100011001,144,2184ms
101110001100000010000100000010000000,010000100000110001100010100000010000,000001010010000000010000011101001000,000000000001001100001001000000100111,160,5320ms
101001010100110000000000001000000010,000100000010000000011001100000110001,000010101001001001000010010000000100,010000000000000110100100000111001000,124,4874ms
000111110100000000110000001000000000,100000000010001000001011100010000001,011000001001110000000000000000101100,000000000000000111000100010101010010,141,8956ms
001000000100011001100000000110000001,100011100010000010001001001000000000,000000011000100100000010010001000110,010100000001000000010100100000111000,16,4273ms
100101100010000110000000000000010010,000000000000000000010101100111100001,010010001101100000001010010000000000,001000010000011001100000001000001100,157,3120ms
000011000010000000101010010010000010,010000011001010000000100100000010001,100100100000100100000001000100101000,001000000100001011010000001001000100,128,972ms
100011011000000000000110010000100000,001000000001000010110000001100000011,010000100000011100000001100001010000,000100000110100001001000000010001100,126,3515ms
001001010100000000100001000001100100,100100101000000100010000000010010010,010010000010010010000100010100001000,000000000001101001001010101000000001,105,2318ms
101100010010010000100000000000100010,000010101000001000000001011001001000,000001000100100111000000000100010001,010000000001000000011110100010000100,157,223ms
000011101000000000100000011000001001,000100000010000100000101000010010110,010000010100000000001010100101100000,101000000001111011010000000000000000,98,8816ms
001011100010000000000100100010010000,000000010001000010100010000101001010,010000001000111000010000011000000100,100100000100000101001001000000100001,61,9773ms
001101000000100000000001110000100001,110000000000001010000110000010000110,000010101010000001100000001100010000,000000010101010100011000000001001000,69,1758ms
010010110001000000000010000000010101,000000000100001101010100000111000000,001001001000010000101001010000001000,100100000010100010000000101000100010,71,7086ms
111101001000000100000000000000100100,000000000000010001000111011000010001,000010000111100000011000100100000000,000000110000001010100000000011001010,157,233ms
000100011010000100100001000000100001,110000000000001000000100001100011010,001010000001100000011000100010000100,000001100100010011000010010001000000,46,8751ms
100001001000000010001000010001100001,001000010001010000010000000100001110,010000100110000001000101101000000000,000110000000101100100010000010010000,114,7737ms
001011010000100001000000000110000010,010100000000010100000001001000011001,000000100111000000101000100001100000,100000001000001010010110010000000100,88,5689ms
101000011101000001010000000000001000,000000000010000010001011010100010001,000111000000010000000100101010100000,010000100000101100100000000001000110,138,4213ms
110110001100000000000001000011000000,000001000001011100010000110100000000,001000010000100010101000001000010010,000000100010000001000110000000101101,177,147ms
111011100000000000001000001000001000,000000000101100011100000100110000000,000000011000011100000100010001000010,000100000010000000010011000000110101,111,9497ms
111010111000000000101000000000000000,000100000110100101000100000001000001,000001000001000010010010010010010100,000000000000011000000001101100101010,157,101ms
101000101001010000000001001100000000,000101010010000000101100000001000001,000010000100101001000000110000100010,010000000000000110010010000010011100,109,2073ms
100110010011000010001000000100000000,000001100000001101100010010000000001,001000001000100000010100100010100100,010000000100010000000001001001011010,164,934ms
011111011000000000010010000000000000,000000000010001100000000001011110100,000000000001000001101001110000001001,100000100100110010000100000100000010,137,27656ms
001100010000001000000010001101000100,100000000101100100101000010000001000,000010001000000001010101000010110000,010001100010010010000000100000000011,42,5941ms
100101101001100000100000000100000000,000000000110010000000000001001100111,001010000000001101000100100000011000,010000010000000010011011010010000000,113,3369ms
111101100000100000000000000101000000,000000010000000001100001110010011000,000010001100000010000110000000100110,000000000011011100011000001000000001,151,515ms
010110010001100000000000100001010000,100001001000001000000001000110000011,001000100110010001001000010000100000,000000000000000110110110001000001100,98,25434ms
010111101001000000000100000000000001,001000000010001001000001001110000100,000000010100010100100010000000110010,100000000000100010011000110001001000,125,9598ms
010100000010000010101000010100000010,001000000000001100000110100001011000,000000110101010001000001001010000000,100011001000100000010000000000100101,84,2681ms
001010010001100000000010000100001001,100000000100000101100101000001010000,000001000010000010000000111010100100,010100101000011000011000000000000010,21,6367ms
100100110000000000000001001100000101,011000000000001010000010100000011010,000010001011010000001000010010100000,000001000100100101110100000001000000,118,1872ms
010111001000001010000000110000000000,001000110010100000100100000000001100,100000000001000100010010000001110010,000000000100010001001001001110000001,131,52315ms
011000001001000010100010000001001000,100100010100000001000000100010010001,000011000000100100010000011000100010,000000100010011000001101000100000100,43,1859ms
110111110000000000000000000000010100,000000000101010100001100101100000000,000000000010001010100000010001100011,001000001000100001010011000010001000,143,27657ms
110011011100000000000000100000000100,000000000000110100000010000011111000,001000100001001001100100010000000010,000100000010000010011001001100000001,157,540ms
100011110010000000100000100100000000,000000001001110000010010000011000100,010000000000001000001100011000110001,001100000100000111000001000000001010,144,549ms
111010010001000000000010000110000000,000000001100001100110000000001010001,000001000010100010001101001000001000,000100100000010001000000110000100110,122,498ms
011010001000010010000000000010101000,000101100101100001010001000000000000,000000000010000100100110001101010000,100000010000001000001000110000000111,80,415688ms
010001110000110000000000010010100000,000100000001001110000000001000001110,000000000010000000101111000001010001,101010001100000001010000100100000000,46,9415ms
011101100000000100000010100100000000,000000010010001011000000001000011100,100000001000110000110000000010000011,000010000101000000001101010001100000,157,46ms
010010001100000000000011101001000000,101000000000110100000100000000111000,000100000001001001110000010100000001,000001110010000010001000000010000110,75,9063ms
110011111000000001000000000100000000,000100000100100010000110000001100100,001000000001000100101000111000000010,000000000010011000010001000010011001,157,566ms
001100111000000010000010100000000010,010000000100000000101001000100111000,000001000001111000010000010011000000,100010000010000101000100001000000101,48,3021ms
001011101000000000010000000000011100,110100000000000011100000011100000000,000000010001001100001101000000100010,000000000110110000000010100011000001,36,15050ms
100101110000100000000000000100000011,010010000101011000000000000010100100,001000001000000001011100110000001000,000000000010000110100011001001010000,121,52406ms
000110100001001101001100000000000000,101000000000100000000000001100111100,010001011100010000100000000011000000,000000000010000010010011110000000011,118,15084ms
000111000000000000110000100000010101,001000111001001001001000000000000010,000000000110100100000001000110101000,110000000000010010000110011001000000,86,24589ms
001101011000000000000000010001101000,000000000101101011000100000010000100,000010000010000000001001100100010011,110000100000010100110010001000000000,78,138335ms
010000100010100000100100010001000010,101001010000000110010010000010000000,000010000100010000001001101000100001,000100001001001001000000000100011100,30,10018ms
001110011010000010001000000000010000,100001100100100000100001010000100000,010000000001001001000110000010000101,000000000000010100010000101101001010,76,18801ms
101011010000000100000000100000000101,010000001101111000000000000010000010,000000000010000011010101001000110000,000100100000000000101010010101001000,81,248369ms
110110000000000100010001000001100000,000001001001000000101000101000010010,001000000000011011000110000010000100,000000110110100000000000010100001001,141,4568ms
111111010000000000000000100000000010,000000101010110000000001000010011000,000000000101001001001100011000000001,000000000000000110110010000101100100,150,4129ms
111000111000001001000000000000000100,000000000111000000011000010011000001,000100000000010100000011001000110010,000011000000100010100100100100001000,129,5153ms
001110100000000000101010000000000101,010000010001110001000000010010000010,000001001000001110010101100000000000,100000000110000000000000001101111000,98,96315ms
010011111000010001000000100000000000,001000000110000000001010000001010110,100100000000101010010001010000001000,000000000001000100100100001110100001,131,5202ms
101101010100010000001000010000000000,000010000000100001000010000101110100,010000100001000110000100000010000011,000000001010001000110001101000001000,142,9505ms
101010111000000000010000010010000000,000000000001000011100000101000110010,010100000000001100001110000100001000,000001000110110000000001000001000101,144,220ms
001000111000011001000000010001000000,010011000100000100100000100100000001,100100000000000000011010000010110100,000000000011100010000101001000001010,104,20955ms
011011010000000100010000000011000000,100000000000000000001101100000011110,000100000110001001100000010100100000,000000101001110010000010001000000001,122,28257ms
111010101000010100010000000000000000,000101000010000000100010001000100110,000000000100000011001000000110011001,000000010001101000000101110001000000,157,4218ms
011000111000011000000000001001000000,000101000001100100000000000110000101,000000000000000011111011010000010000,100010000110000000000100100000101010,54,87322ms
101111010100010000000010000000000000,000000000000100010000001001111001010,000000001001000100101100100000100001,010000100010001001010000010000010100,161,4698ms
100100111000000010100010000000000010,001011000010100000010001100000000001,010000000100001001001100010010000100,000000000001010100000000001101111000,111,17571ms
101001111001000000000000010010000000,010000000110101000000001000001001001,000010000000010011101000001000100100,000100000000000100010110100100010010,131,2554ms
010101100001100000000000100010000001,001000000100010000110000000100100110,000010011000001110001100001000000000,100000000010000001000011010001011000,70,32952ms
110100000000000000000100000000101111,001011000000000000110011100010000000,000000101010001100001000001100010000,000000010101110011000000010001000000,103,92162ms
001011011000010000010000100000001000,010000100011100001000001011000000000,000000000000000100001010000111100011,100100000100001010100100000000010100,54,68778ms
101100000000000000001000101000100101,000001110110100000000100000000011000,000010000000001001000010010111000010,010000001001010110110001000000000000,79,56434ms
000111101000000000000000100011000010,001000000000101001001100011000000100,010000000111010010000011000000010000,100000010000000100110000000100101001,94,20984ms
100110001000000010000011100000010000,000000000110000000111000010001100100,000001010001010101000000001100000001,011000100000101000000100000010001010,114,12798ms
111100101100000010000000100000000000,000000010010000000001010000011010101,000000000001010101110001001000001000,000011000000101000000100010100100010,157,1414ms
001101001000000110000000100000010100,010000110000111000000000010100100000,100010000100000000010010001011000010,000000000011000001101101000000001001,118,7553ms
101010001001001100000100000000000100,010001110100010000010000001000001000,000100000000000000101010010110100010,000000000010100011000001100001010001,114,70530ms
100111010000100000001001000000100000,000000000000010101000000011110010010,001000100011001010000010100001000000,010000001100000000110100000000001101,115,5913ms
010010100100010101000000000000000110,001100000000101000100001000101100000,100001001010000000011000101010000000,000000010001000010000110010000011001,157,1404ms
010111011000000000000001001001000000,001000100000010011101110000000000000,000000000010001100010000000000111110,100000000101100000000000110110000001,84,139872ms
010110001000100000000010000001001001,000000000001001100010000101110010000,000000110100000011001000000000100110,101001000010010000100101010000000000,62,34695ms
111011110000001000000100000000000000,000000001000000010010001110010010010,000000000111110000100000001100000001,000100000000000101001010000001101100,157,340ms
010100011000000000010100011001000000,001010100000100100000001000010000110,000001000000010011001000100100010001,100000000111001000100010000000101000,64,40111ms
101000000000100100010110000000010100,000001000011000000001000010011100001,010010101100000010100000001100000000,000100010000011001000001100000001010,157,153ms
100000010100000010000101000001100010,000101000010100001010010100100000000,011000001000011000001000000000010101,000010100001000100100000011010001000,131,1660ms
010101000110100000000001100010000000,001000101001000000100100000001000110,100010000000011011000010001000100000,000000010000000100011000010100011001,105,14567ms
110100111010000000000000001000000010,000011000100010000100100010010010000,001000000001001010011011100000000000,000000000000100101000000000101101101,135,40223ms
111011010000000000001000000010001000,000000000100000101000000110101110000,000100000011000010010101000000000101,000000101000111000100010001000000010,143,1330ms
110011100000000000000000000100101010,001000000000000010110010101000010100,000100001010100101001000010001000000,000000010101011000000101000010000001,157,1153ms
000010011000000000101010100000000011,000101000010100010010001001000100000,101000100001001000000100000110001000,010000000100010101000000010001010100,157,9332ms
001101101000010101000000000000000100,000010000001000000011100110010100000,110000010010001000000010000000011010,000000000100100010100001001101000001,137,21077ms
101100101100000000000000011001000000,000011000000100000100001000010100110,000000010010010000001100100000011001,010000000001001111010010000100000000,114,2386ms
000010110000001010101010000100000000,000001000111000100010000110000000010,101000000000110001000001001001010000,010100001000000000000100000010101101,86,22445ms
000100111000100010001010000001000000,000010000110000000000101110010000100,110001000001001000100000001000110000,001000000000010101010000000100001011,130,2630ms
110101101000000000000000000111000000,001000000010100010100000100000001101,000000010100011100000001011000010000,000010000001000001011110000000100010,157,17ms
000000010100101000001000000101101000,000100100011000001010000010000010001,001000001000010110100000101000000010,110011000000000000000111000010000100,36,17647ms
000001011000000011010000011000001000,010010100000001000000010100000110100,100000000100010100100101000100000001,001100000011100000001000000011000010,120,7789ms
001111010000001000100100000000100000,100000001000100110011000001100000000,010000000111010000000000010001010010,000000100000000001000011100010001101,129,6690ms
111111100000000000001001000000000000,000000010000101000010100010100100100,000000001100000101100000100010001010,000000000011010010000010001001010001,177,130ms
011111000000000000100001010010000000,000000111000011000000000101100000001,000000000011100111000100000000000110,100000000100000000011010000001111000,99,13962ms
010000001001100000000111000100100000,001111000100001110010000000000000000,100000110010000001001000000001010100,000000000000010000100000111010001011,80,32357ms
011011101000100010000000000000000001,100000010000000000010100000101101100,000000000011001001100011000010010000,000100000100010100001000111000000010,91,136244ms
111001010001000000000110000000010000,000100000100001110100000001000001001,000010101000100000010001010011000000,000000000010010001001000100100100110,133,2786ms
110101110010000000000100001000000000,001000000000100010000011110000100010,000010000100011100001000000011000100,000000001001000001110000000100011001,157,1136ms
111011111000000100000000000000000000,000000000011000000001101011100001000,000100000100000011010010100000000110,000000000000111000100000000011110001,157,125ms
111011011000000000000010000000000100,000100000100100000101000001010101000,000000100000011000000101100100010001,000000000011000111010000010001000010,140,5756ms
000000101000011000011001100000000001,000001000101000000000110010000011010,001110010010000010100000001010000000,110000000000100101000000000101100100,72,24373ms
101001011000000000011001000000000010,010000000100010100100010000010001100,000100000000100011000000111100000001,000010100011001000000100000001110000,136,2384ms
100100101000000000000101000100100001,010001000001100010111000000000000010,000010010000010000000010111011000000,001000000110001101000000000000011100,101,15342ms
000110110000010001000100001000010000,110000000000000100010010100101000010,001001000101000010001000000000001101,000000001010101000100001010010100000,61,4262ms
010000011000010000010110101000000000,001110100000100001100000010000000010,000001000100000110000000000001011101,100000000011001000001001000110100000,57,99411ms
001110110010000000000000100100000010,000000000001001000010001000010111001,010001001100010011100000001000000000,100000000000100100001110010001000100,140,15540ms
011001101000000000100000110000000100,100100000001000100000000000011101010,000010000110110001001011000000000000,000000010000001010010100001100010001,110,155747ms
100000101100000000011000000100011000,010000010000010100100000011011000000,001000000000000011000111100000100100,000111000011101000000000000000000011,91,2857ms
110111000001001000000000000000100010,001000101000000010100000100000011001,000000000100110100011010001100000000,000000010010000001000101010011000100,163,17754ms
010101111000001000001000000000001000,000000000010000010010101001001110000,001000000101110000100000100100000100,100010000000000101000010010010000011,116,5993ms
100011010011000010000000001000010000,000000001100101001000001000010000110,010100000000010100100110100000100000,001000100000000000011000010101001001,112,60952ms
010001011000000000000001010000100110,100110100001100000100000001010000000,000000000100001010011000100101010000,001000000010010101000110000000001001,76,10502ms
001001110001100000000000010000100001,000000000000001001101010100100010100,110110000110000000010001000010000000,000000001000010110000100001001001010,164,538ms
000001110000001100010001000000100010,000000000011100001100000010100010001,101010000100010000001100101000000000,010100001000000010000010000011001100,108,27794ms
111110100000000100010000000000000100,000000001010100000101110010000001000,000001000001011011000001100000100000,000000010100000000000000001111010011,136,4131ms
101011110010000001000000010000000000,000000000000100100010101001001000101,010100000101000000001010000110100000,000000001000011010100000100000011010,157,169ms
100010100110100100000000000000010010,010100000000011000000000001011000101,000000001001000000110011010100001000,001001010000000011001100100000100000,119,21664ms
000001100010000000001011100000100010,010010000100011001000100001000000100,100100011000000010010000000001010001,001000000001100100100000010110001000,76,9361ms
110010010010001000010001000000010000,000001100001010000100000110001000010,000100001100000011001000001000000101,001000000000100100000110000110101000,136,1547ms
011010111000100000001000000000000100,000000000101001001010010100000001010,100000000010000110000100011011000000,000101000000010000100001000100110001,143,11543ms
110101001000000010001000000001000001,000000000010010001000010010110010100,001000010100100100100001001000100000,000010100001001000010100100000001010,157,1254ms
100000111000001000000000001001000011,000011000101010100100000000000011000,011100000000100000011010000110000000,000000000010000011000101110000100100,157,44ms
010001010000000000010001100000101010,000000001110001100101000000100000001,001000000000110010000100001010010100,100110100001000001000010010001000000,27,7493ms
111110000100000000001000000000010010,000000010010000101000000011010101000,000000100000111000100001000101000001,000001001001000010010110100000000100,177,71ms
111101010000010001001000000000000000,000010000101000100000100000010011100,000000101010100010100010000001100000,000000000000001000010001111100000011,146,2451ms
100001110010000000010001000100100000,010100001000001111100000000000000100,001000000100100000001110100010010000,000010000001010000000000011001001011,117,2398ms
100001100101000000000010010000100010,000000001010011100101000000000010001,010100010000100010000001100010001000,001010000000000001010100001101000100,97,2406ms
010001100000000100001001110000001000,000100000011001000010010000010000110,101000000100010000000100001100110000,000010011000100011100000000001000001,141,1326ms
010011110001000000100000000001000010,100000000010111000000000011100001000,000100001100000000001110000010110000,001000000000000111010001100000000101,99,1325ms
110001010010010100000010000000000001,000010100100000000000000001101101010,000000001001100000111100000010010000,001100000000001011000001110000000100,144,13062ms
111101101000010000000000000000000010,000010000000000010101011110001000000,000000000111000100000000001110110000,000000010000101001010100000000001101,157,475ms
111111111000000000000000000000000000,000000000000101110100000100110010000,000000000001000001011111000000100001,000000000110010000000000011001001110,177,83ms
000111100000000000111000000010100000,001000000101000000000010000001001111,110000001010000011000000100100010000,000000010000111100000101011000000000,177,2541ms
011101011000000000000100010100000000,100000000000011011100000000000000111,000010000011100100010001100000100000,000000100100000000001010001011011000,95,10649ms
011010100000000000000001100001011000,100000011100010001010100000100000000,000001000001001010000010011000100100,000100000010100100101000000010000011,48,2424ms
010001101010010010001000000100000000,101100000001000000000100000001000111,000000000100001101100000111010000000,000010010000100000010011000000111000,94,16612ms
100010010100000101000000001101000000,001001101000100000100000010000001100,000100000010000010010001100000110001,010000000001011000001110000010000010,97,1129ms
011001000000000101000101000000100100,000010001001001000001010101100000000,100100010100100000000000000011000011,000000100010010010110000010000011000,157,9901ms
101000010000000000000011101000100010,000100000100111000011000000100000100,000010101000000101000100010010001000,010001000011000010100000000001010001,98,2438ms
111101000100000000100000110000000000,000000001000001100001001000010111000,000010000001110011010000001000000010,000000110010000000000110000101000101,157,271ms
100001011010000000100001101000000000,010010000100110010001000010000100000,001100000000000000010110000110001010,000000100001001101000000000001010101,139,53975ms
000100100100000000010100100001011000,001000001010100010100010000100000100,010011000000010101001000001000000010,100000010001001000000001010010100001,77,3869ms
000100001000000000010010010000001111,000010110000001101000000100100010000,001000000000110010101101000001000000,110001000111000000000000001010100000,25,9411ms
001100000100000100000011100001001000,100001010000001000000100000010110010,010010000011100000110000010000000001,000000101000010011001000001100000100,77,5301ms
001101111100000010100000000000000000,000000000001010100000101110001100000,110010000010000001010000000000010101,000000000000101000001010001110001010,157,330ms
110110010100100000100000000000010000,000001000000000000000101111100101000,001000100001001000010010000001000110,000000001010010111001000000010000001,177,1029ms
000011111001100010000000000010000000,100000000100010001000010011000110000,010000000010001000101100000001000011,001100000000000100010001100100001100,56,45086ms
011100000011100000000000100110000000,100010110000001011000000000000110000,000001000100000100100100001001001100,000000001000010000011011010000000011,104,1060ms
001001100000100001000010110000000100,010010001011000000000000000110100001,000000000100010000101100001000011010,100100010000001110010001000001000000,24,53464ms
010100111010010100000100000000000000,001000000001100001001000110011000000,000001000000001000010010001000110011,100010000100000010100001000100001100,67,12929ms
011111010010000000000001000000100000,000000101000000001010000011011010000,000000000100111100000000000100001101,100000000001000010101110100000000010,127,78218ms
011110000010010000100000001010000000,000000000000001000010101010100101010,100000011001000011000010000001000001,000001100100100100001000100000010100,162,1771ms
000010001000000110110000001000000011,011000000000000000000110000101101100,100101000110000001001000100000010000,000000110001111000000001010010000000,114,15060ms
011000110000010001010000000100100000,100000000100000000001000111000010110,000111001000000110000011000000001000,000000000011101000100100000011000001,96,7045ms
100101011000000001100000100100000000,000000000000001000010110001010101010,001010100001100000000001010000010100,010000000110010110001000000001000001,134,1286ms
010111010000110000000000001010000000,100000000010000000111110000100010000,000000100101001000000001100000100011,001000001000000111000000010001001100,103,6230ms
100110111000100000100000100000000000,010000000001000000010001010101000101,000000000110011010001000001000101000,001001000000000101000110000010010010,155,2334ms
011000101000000000001000101001000001,000000000010000110100101010000100010,000001010101001001010010000000000100,100110000000110000000000000110011000,73,85464ms
100000001001010000011000010100000100,011010100010001000000001001000010000,000000000100100100100110100001000001,000101010000000011000000000010101010,92,34681ms
111000011000000000100010000100000100,000001100100100011000001010000100000,000100000010011000010100001010000010,000010000001000100001000100001011001,157,684ms
000111010100000000010100000000001001,100000001000101100001000011000010000,000000000001010010100000100111000010,011000100010000001000011000000100100,102,6103ms
001010101000000010101000100010000000,000000010000110001010001011000100000,110100000001000100000010000001001001,000001000110001000000100000100010110,140,8339ms
110000001000000010001011100000001000,000010100010000001100100001000000011,001101000001010000000000000101100100,000000010100101100010000010010010000,153,5653ms
011110101100000001000000000000010000,000001010000000100001010100011001000,100000000010101000000101010000100100,000000000001010010110000001100000011,177,2205ms
001111011000000100000000000000000101,000000100010000000101000000110011010,100000000001111011000011000000000000,010000000100000000010100111001100000,137,4094ms
111000010000001010001000100000010000,000010000011000000110000011000000110,000001101000010101000001000010001000,000100000100100000000110000101100001,116,5242ms
110110011000000001000001000000000001,001001100000010000001000000110100010,000000000001101000010100110000011000,000000000110000110100010001001000100,110,190972ms
111111101000000100000000000000000000,000000000110100001001011001000010000,000000010001011010110000000101000000,000000000000000000000100110010101111,177,3031ms
010111000011100000001000000000000001,100000010100001001000001000010001100,000000101000010000100010001101100000,001000000000000110010100110000010010,109,4498ms
100001000110011001010000000000001000,011010010000100010000000001011000000,000100000000000100000111000100100101,000000101001000000101000110000010010,111,10653ms
000101110000000100001000000001001010,000000000000011001000010110000110100,011000001101000010100000001100000000,100010000010100000010101000010000001,116,2869ms
010110111000001001000000000100000000,100000000001000000001111010001000001,001001000100000100000000101000101010,000000000010110010110000000010010100,123,24161ms
110010110000100100000100010000000000,000101000010000001001001000100110000,001000000100010000110000101000001001,000000001001001010000010000011000110,157,488ms
001111001100000010000000010100000000,000000000000111001101010000001000010,010000000001000000000100101010011100,100000110010000100010001000000100001,118,5255ms
110001110000001000100000001000000010,001010000000010010000000100100110100,000100000101100001011001010000000000,000000001010000100000110000011001001,157,8154ms
000011010101000010000000100010100000,101100000000100100001000000100001100,010000100000011000010000011000010010,000000001010000001100111000001000001,61,4888ms
101101101000001000000000000100000001,010000010000000010001001010011001000,000000000110010100110000001000100100,000010000001100001000110100000010010,140,3605ms
110111111000001000000000000000000000,000000000001010010001000101100001010,001000000010000001010101000001100100,000000000100100100100010010010010001,165,5659ms
111110110001000000000000000000001000,000000001000101000111101000000000010,000000000110010001000000000101110100,000001000000000110000010111010000001,177,254ms
010111110001000000000000000100100000,100000000100001001001001000010010001,000000000000010110100000011001001100,001000001010100000010110100000000010,97,45443ms
101101100000001001000000000001010000,010000001100000010000110001000000011,000000000000000100011000110110101000,000010010011110000100001000000000100,136,9800ms
000100101010010011000000010000000010,100001000000100100011000000010110000,001010000001000000100001100100001100,010000010100001000000110001001000001,60,10657ms
011001001000010001000100000000101000,100010000000000000110011010000000101,000100100011000100001000001101000000,000000010100101010000000100010010010,78,36119ms
111111000001010000000000000000100000,000000101100001010010011001000000000,000000010000100000101000100100011100,000000000010000101000100010011000011,163,18364ms
110001011000010010001000000100000000,000100000100100000000010111010000100,000000000010000101110100000000110001,001010100001001000000001000001001010,128,11135ms
001000110010100000001000000010001100,010000001001010001100010000001100000,100101000000000100000100100100010001,000010000100001010010001011000000010,116,5554ms
000011001000000100000010001011001000,000100010100001010000001010000100010,011000000011100000001100100000000001,100000100000010001110000000100010100,56,1730ms
101010010010000100000000000100010001,000001100001100000010100101000100000,000100001000011001001010000001000010,010000000100000010100001010010001100,137,5694ms
101111101010000010000000000000000000,000000000001010100000011011000010100,000000000000001001101100100001100010,010000010100100000010000000110001001,123,10541ms
