011101100000001000000000111000000000,000010001011010100000101000000000001,000000010000100000000010000111101010,100000000100000011111000000000010100,74,16056ms
011000011000000011000001000000001010,000101000000110100001010100001000000,000000100011000000110000001000010101,100010000100001000000100010110100000,64,2633ms
100110111010000000010000000000000100,001000000001100111000000100000100001,010001000100010000100011010000010000,000000000000001000001100001111001010,177,389ms
010111100000000000010000000001000011,100000000001010100001110001100000000,000000011000000011000001010000101100,001000000110101000100000100010010000,72,8187ms
101001010000001000000000100101000100,010000001110010000010000001000100001,000100000000000111101101000000000010,000010100001100000000010010010011000,140,2727ms
100101100110000001000010000000000001,001000000001001010000100001110001000,000010000000010100110001000001010010,010000011000100000001000110000100100,123,2494ms
101110010011000000000000001000000001,010001100100100001000011000000001000,000000000000000100100100010111110000,000000001000011010011000100000000110,150,21516ms
101001101001001000010000000100000000,000000000000000010101010010011010010,000110010110000101000000000000100100,010000000000110000000101101000001001,177,649ms
100101011100010000000000100000000100,010010000000000100010001010000010011,000000100010001010100110001001000000,001000000001100001001000000110101000,124,7404ms
101011010000001000000001000100000001,000000000010100000110000011001010100,000000101100010110000000100000100010,010100000001000001001110000010001000,129,3901ms
100101110010000000001001000000001000,001000000001110000000010101100000010,010010000000000101100100010001000001,000000001100001010010000000010110100,157,533ms
010010101000000000000000001001011100,001001000001000010001000010110000001,100000000000101101100100100000000010,000100010110010000010011000000100000,121,34842ms
001000101110000100001000010000001000,000110010001000011110000000000000100,000001000000111000000001000111000010,110000000000000000000110101000110001,49,25295ms
101110000110000000000000001000011000,000001010000000100001000100011000011,000000101001101011100001000000000000,010000000000010000010110010100100100,177,1456ms
010001010110001001000000100000100000,100000101001000110000000000110000010,001100000000100000010001011001001000,000010000000010000101110000000010101,74,34007ms
101100101010000000000000000010100001,000001000000000011010011101001000000,010010010000100000001000010100010100,000000000101011100100100000000001010,157,375ms
001011101000000000100100000001010000,100100000001100000011001000000001100,000000010010001010000000111010000001,010000000100010101000010000100100010,58,4902ms
010011010100000000000100000110000100,101000001000001100011010000001000000,000000000010110011100001000000010010,000100100001000000000000111000101001,99,10826ms
010010110100000011000000000001000100,001001001011010000100100000100000000,100100000000101100001000010010000001,000000000000000000010011101000111010,116,60439ms
011100100000000001010010010000000100,000000000000100110000101000111001000,000011010100001000100000001000000011,100000001011010000001000100000110000,103,6946ms
000001001001000010100010001001000001,000010100000101001010000110000000100,001100010100000100000100000010100010,110000000010010000001001000100011000,74,3650ms
100100010011000100011100000000000000,001000000000011000000001001100000111,000001100100000000000010010011110000,010010001000100011100000100000001000,114,5212ms
111111110000000000001000000000000000,000000000000010010010010100010011001,000000001010001000100000011101000010,000000000101100101000101000000100100,177,83ms
010000001100010010100000010101000000,101000100000100001001100100000000001,000110010001000000010010000010010100,000001000010001100000001001000101010,121,2136ms
101001100110001000000000000000101000,000000001000110001001110010010000000,010010000000000010100000100101010001,000100010001000100010001001000000110,157,363ms
110101010000001000101000000010000000,000010001111000001010000100000000001,001000000000010110000000011000011010,000000100000100000000111000101100100,130,3136ms
111101001100000000000010000000000010,000000000010111100001000001000001001,000010110001000010000100010000100100,000000000000000001110001100111010000,127,1176ms
001010111000000010010000000000101000,110000000001000000101000010100000101,000101000000001100000010001001010010,000000000110110001000101100010000000,42,6811ms
101001111000010000000010000000010000,000000000100101001001000100000001101,010110000001000000110000001001100000,000000000010000110000101010110000010,177,355ms
010100110000011000000100000101000000,100000001011000001100011010000000000,001011000000100010000000001010000011,000000000100000100011000100000111100,69,28168ms
011010001001000100001000000000010010,000001000010100010000101001000101000,100100110000000000000000110011000001,000000000100011001110010000100000100,141,6504ms
100111100000000000110100000000000010,011000010001000001000010000100100001,000000001100110110000001110000000000,000000000010001000001000001011011100,135,22294ms
100100011000010100000100001100000000,011000000101100001000000100000010100,000001100010000010010000010010001010,000010000000001000101011000001100001,95,6631ms
101100011110000010000001000000000000,000010000000101100000010110000000011,000000000000010000001100000111101100,010001100001000001110000001000010000,111,23596ms
001100010010000101000001001100000000,110000000000011000001100000010010001,000000000000000010110000110001101010,000011101101100000000010000000000100,53,16203ms
110011110000001000000000000100010000,001000001000000001000011000000001111,000000000010000010101100100011100000,000100000101110100010000011000000000,157,21645ms
101111001000000000000000010000110000,010000000000101000110000100101000001,000000010000010000001011001000001110,000000100111000111000100000010000000,123,4152ms
000110011100000010000010001000001000,100001100001010000111100000000000000,011000000000100101000000100111000000,000000000010001000000001010000110111,107,35909ms
111100001000001000001000110000000000,000010000001010011000010001000110000,000000100100000100000100000110001110,000001010010100000110001000001000001,157,3759ms
001111101010000000001000000000100000,000000000101010000010000000011010011,100000000000101011000010010100001000,010000010000000100100101101000000100,144,24629ms
000101101000010001001100000000000100,000000010000101010010000000100101010,000010000111000100000011010000000001,111000000000000000100000101011010000,46,12040ms
011100011000010010010000010000000000,100000100000001000000000001001111010,000000000110000001101110100010000000,000011000001100100000001000100000101,116,25298ms
110110100000000010101010000000000000,000000011010000001000100000111000010,001001000101001000010001000000100001,000000000000110100000000111000011100,177,667ms
111111100000000001000001000000000000,000000011000001000010110000100011000,000000000011000100101000100011100000,000000000100110010000000011000000111,177,1005ms
001001011000000010001100010000000100,000000000001001000100000101111100000,010010100000010001010010000000011000,100100000110100100000001000000000011,67,11525ms
111110011000000000000000010100000000,000000000000101110001000100001000101,000001100011010001010100000010000000,000000000100000000100011001000111010,177,424ms
111101000000100000000001000000000011,000010001100010100101100100000000000,000000000010000011000000010101101100,000000110001001000010010001010010000,157,24950ms
000000110000010000010000001010100101,000010000000100010001110110000000010,010001001111000100000001000001000000,101100000000001001100000000100011000,62,16317ms
100100001000110000010001000010001000,000001100001000100000000011100010001,000010000100001011100000000001100100,011000010010000000001110100000000010,101,2358ms
000001000100001100100001010010000010,010000000000000001011100001000101100,001110011010000000000010000001000001,100000100001110010000000100100010000,106,4209ms
001011110000001000000000000010001010,000000000100010110000110000101000001,110000001000100001110001000000000100,000100000011000000001000111000110000,150,2633ms
000101011010000100000000001000010010,000010000100001010000011010001000001,010000100000010000111000100010100000,101000000001100001000100000100001100,59,7193ms
100010110001000000000000100010001001,011001000010000011010000010100000000,000100001100100000000001000001010110,000000000000011100101110001000100000,88,17495ms
100101000000101000001000010000011000,001000100000000010000010100011100010,000010000000010101100000001100000101,010000011111000000010101000000000000,73,11377ms
010000011010000001000010000000101010,001000000100000100011001100100000001,100101000000011010100100000000010000,000010100001100000000000011011000100,126,2248ms
111011000000001000001100000000000100,000000100001000001010010101100100000,000100011010100010000000010000000011,000000000100010100100001000011011000,123,3976ms
101100100000001000000001001000010001,010000000010000000101010010000101010,000010010001000110010100100000000100,000001001100110001000000000111000000,94,22668ms
100000101000000100101000011010000000,000000010010100010000110000001100100,000110000000011000000001100100001001,011001000101000001010000000000010010,122,2640ms
100011100011000010000010000000000010,001000010000110000101101000000100000,000000001000001001010000001110001100,010100000100000100000000110001010001,104,13456ms
011010100100001000000110000010000000,000000001000010110011001000001010000,000100000000000001000000101100101101,100001010011100000100000010000000010,86,2184ms
100000011010000100001100001000000001,001001100000000000010010000000101110,010100000000101001000001010110000000,000010000101010010100000100001010000,104,2838ms
011000100010000100000011010100000000,000110000001001000010000101000000110,100001000100100010000100000010110000,000000011000010001101000000001001001,157,256ms
000100111001100000001010100000000000,001010000000000010100100010110100000,000000000110010101000001000001001100,110001000000001000010000001000010011,24,15770ms
110100011001000000010000000000000011,000001000010010010000000000110111000,001000000000101000101110110000000000,000010100100000101000001001001000100,157,4143ms
101010010000000000001010000010001100,000100101000000011000000100101100000,010000000001000100100101011000000001,000001000110111000010000000000010010,157,10961ms
010001001000000101001100010000000001,100000010110011000010000000010100000,001100100000000000000010101101001000,000010000001100010100001000000010110,93,7888ms
101111011000000000010010000000000000,000000100010000000100100100101100001,010000000101111000000000000010000110,000000000000000111001001011000011000,177,1492ms
000111111000000000000111000000000000,110000000000101000001000110001000100,001000000101010010100000001100010000,000000000010000101010000000010101011,113,8388ms
111100010000000010010000010000000001,000000001001010101100000000110000010,000001000110101000001010000001001000,000010100000000000000101101000110100,157,5338ms
100110110000000100000000001010100000,000001001000001000110100000100011000,000000000101110001000010100001000010,011000000010000010001001010000000101,126,7905ms
110101111000000000000001000000000001,000000000110100101000100100010001000,001000000001010000010010000001100110,000010000000001010101000011100010000,130,3166ms
001101101000100000000101010000000000,000010000001000101001000001010000011,000000010010001000110000000001110100,110000000100010010000010100100001000,93,4657ms
000100000000010001110000001100010010,010000110100000010001001100000000001,000001001001100100000000000011101000,101010000010001000000110010000000100,38,22495ms
111001000000000000000110000001001100,000100010100100100100000010010000001,000000100011011000001001101000000000,000010001000000011010000000100110010,119,23451ms
011111101100000000000000000000010000,000000000001000101000111100001000010,100000000010110010001000001000000101,000000010000001000110000010110101000,177,548ms
011100000010001100000000100001000100,000000001001010001101000011010000000,100011010100000010000100000000010010,000000100000100000010011000100101001,142,4211ms
010110011010000000000000100000000110,100000100000000010010101000100011000,001001000101000000101010000010100000,000000000000111101000000011001000001,121,8247ms
000101110000000000000010001100100100,001010000110110110000000000001000000,000000001000000000110101100010001010,110000000001001001001000010000010001,76,95115ms
110010101000100000000000000000000111,001000000111001000000000011001010000,000000010000000001101010000110101000,000101000000010110010101100000000000,157,13523ms
000010001010010100010010000010100000,000001000101000010000000100001011001,110100110000000000100000011100000000,001000000000101001001101000000000110,157,85ms
110010111000000000000000100000001010,000000000001000101111000000000010101,000100000000001010000010001111100000,001001000110110000000101010000000000,157,8232ms
101011100000001000001001000000000001,010000001000010000100000001101001100,000100000001100001000010110000010010,000000010110000110010100000010100000,89,10426ms
110011101000000010010000000000000001,000100000011101000000100000010010010,001000000000000101000000101101001100,000000010100010000101011010000100000,157,363ms
010010011100000000000000000001010101,001001000000011000101100010000001000,000100100001000111000010001000000010,100000000010100000010001100110100000,75,39576ms
100011010000000100010001000001000010,000000000101100000100000010100100101,011000100000001011001000100010000000,000100001010010000000110001000011000,115,4318ms
011001111100001000000000100000000000,100000000001110000011000010010000010,000000000010000000100010000101110101,000110000000000111000101001000001000,119,16784ms
001101011000000000000000010101010000,000010100000111101100000001000000000,110000000101000010001001100000000010,000000000010000000010110000010101101,157,12429ms
101110110000100000100000010000000000,010001000000010101010001000000000101,000000000001001000001010100110010010,000000001110000010000100001001101000,141,14828ms
001111011000000000000100000000001001,010000000010000110001010000110010000,000000000100001000110001100001100010,100000100001110001000000011000000100,96,12996ms
101010101000010000000000100110000000,010000000001000011100100010000110000,000001000110001000001010000001001100,000100010000100100010001001000000011,157,43ms
101111110000100000000000000100000000,010000001001001101000000000010110000,000000000110000000101111011000000000,000000000000010010010000100001001111,159,9109ms
110101000101001000000000100001000000,001000100010100000101110000000001000,000000001000010011000001001000100110,000010010000000100010000010110010001,124,9344ms
111011001000000011000000100000000000,000100000010110100000000000101100010,000000110101001000000000011000001100,000000000000000000111111000010010001,144,20134ms
010111001000000000000100000101100000,000000000010011000110000100010000110,100000010101000001001000011000001000,001000100000100110000011000000010001,177,1263ms
111110000001000000001000000000011000,000000100000000010100100110011000100,000001010000101000010010000100000011,000000001110010101000001001000100000,144,3445ms
101101110000100010000000000000000010,010000000010000100001110000001010001,000010001101001000100000100000001100,000000000000010001010001011110100000,157,378ms
010100101010000000000100100000101000,000001010001000001001000010110000100,101000000000100010110011000000000001,000010000100011100000000001001010010,157,2032ms
001110110100000000000000010100010000,100000000010000001010100000011001100,000000000001110010001010101000100000,010001001000001100100001000000000011,84,22827ms
110100100110000000100000000010100000,001001001000000110000010010100010000,000000010001011001000101001000001000,000010000000100000011000100001000111,124,868ms
110000111000010000001000000010000001,000011000000000101010100011000010000,000100000101000010000010100000101100,001000000010101000100001000101000010,122,5932ms
001001000010010010000010010100001000,000100000000000100010001100011000110,110000001001100000000100001000100001,000010110100001001101000000000010000,119,6115ms
000011111010000000010010000010000000,100000000001001001100100010100100000,000000000100110000001000101001001001,011100000000000110000001000000010110,36,10099ms
011011100000000100100001100000000000,000100000000010000001010001100100101,100000001001000011010000000011000010,000000010110101000000100010000011000,157,614ms
101000001000001001000010000010001010,000010010100100110000000100000100100,000001000000010000111101010001000000,010100100011000000000000001100010001,101,10667ms
001110010100001000100000000000000101,000001101010000110000001000101000000,000000000000000001011100011010010010,110000000001110000000010100000101000,95,5701ms
111010011000010000000000000100001000,000101100001000100000000100001100010,000000000000101001101010000000010101,000000000110000010010101011010000000,129,27662ms
100001100011000000011000100000010000,001000001000010011000110000100001000,010000010100100000100001001000100100,000110000000001100000000010011000011,132,802ms
100000111000000001110000000101000000,001010000010010010000101000010000010,010101000001100100000000000000011001,000000000100001000001010111000100100,151,476ms
111101010000000000000001000100000010,000010000010011000000000000001110101,000000101001100001100110100000000000,000000000100000110011000011010001000,157,3717ms
001010010000000001000101100110000000,100100000000110010100000010001000100,000001001011000100010010000000010010,010000100100001000001000001000101001,51,1895ms
110001011001010000000100000000010000,000000000000000000100001110011101010,000100000000101110011010000000000001,001010100110000001000000001100000100,89,44335ms
001101110010000100010000000000001000,000000000101000010001001011010000010,100000001000010001000110000000010101,010010000000101000100000100101100000,103,9880ms
101010110000010000000001100000000010,000000000011101001100000010000011000,000101001100000000000100000101100100,010000000000000110011010001010000001,157,306ms
010111111000000000010000000001000000,000000000110110001101000000000101000,100000000001001100000010000110000110,001000000000000010000101111000010001,177,171ms
101100000001000000101000111000000000,010000101100010010000000000001001100,000011000010101001000101000000010000,000000010000000100010010000110100011,90,145992ms
001101100000000100100000011000000100,100000011100010000000100000001100001,010010000001001000010010100010000010,000000000010100011001001000100011000,88,22889ms
010101011000001000100000000000010001,000010100001110100001000000000001100,100000000110000001010000111001000000,001000000000000010000111000110100010,157,1299ms
100010100101011000000110000000000000,011000001010100000010000000110000001,000000000000000011000000111001101100,000101010000000100101001000000010010,48,48378ms
101010011100010000000001000000001000,000100000000000001111000000001100011,010001100010001000000010000110000100,000000000001100110000100111000010000,157,673ms
000100110010000010001100100000001000,100000000000100100010001010001010001,000010001100011001000010000000000110,011001000001000000100000001110100000,18,3481ms
111011100000100000010000001000000000,000100000000011110001100000100000100,000000011011000000100000000001101001,000000000100000001000011110010010010,157,375ms
111000001000000101100000000000000110,000000100000110010001111000000010000,000110000010001000000000111100001000,000001010101000000010000000011100001,152,2462ms
110000001001000100000011100001000000,000111000010011011000000000010000000,001000010000100000011000011100001000,000000100100000000100100000000110111,104,56041ms
000000000100001001101010110000000010,101010100000010000010101001000000000,000100010010100110000000000011010000,010001001001000000000000000100101101,15,109775ms
000010110101100001000010001000000000,100100001000011000100100000000000011,000001000000000010011001100001110000,011000000010000100000000010110001100,33,13057ms
011001101000010000000000100000101000,100000000000101000111000000110000010,000110010010000110000001001000010000,000000000101000001000110010001000101,75,17128ms
100000100000001100100010011001000000,000000000000000010010101000010100111,000111010111000001000000100000000000,011000001000110000001000000100011000,158,36688ms
010010111000100010100000000000001000,000100000100000000010110010100000011,001001000000011100000001100010010000,100000000011000001001000001001100100,77,6043ms
010110101000001000011100000000000000,100001000110100110000000000100001000,000000010000000001000000111001100011,001000000001010000100011000010010100,75,21374ms
010110010001000000000000011001000010,100000000010000111010001000100001000,000001100100001000001000100010010100,001000001000110000100110000000100001,81,3562ms
001100000010001001101000001000100000,100010000000110000000100000010010101,010001001101000010000000000001001010,000000110000000100010011110100000000,93,73787ms
111010100000000010100000001100000000,000100011000101000000010010000000110,000000000110010000000000100010111001,000001000001000101011101000001000000,157,497ms
000100101100000000000000110000010110,110000000000100010000000001101100001,001011000000010100110001000010000000,000000010011001001001110000000001000,85,9103ms
010100000010110100100000010000000100,001001000001000010001011000010010000,000010011100000001000000000101101000,100000100000001000010100101000000011,105,10096ms
000011001110000000000000001010000110,011000000000000111100100110000000000,000000100001001000001000000100111001,100100010000110000010011000001000000,37,47467ms
111000011100001000000100100000000000,000000100001010000100011010000011000,000110000000100001011000000010000101,000001000010000110000000001101100010,163,1983ms
000100100000100101000100011000001000,011010010101000010001000000000000010,000000001000010000110001000010010101,100001000010001000000010100101100000,0,2451ms
110011001000000000100100000000000110,000100010000110000000001101000010001,000000000010001110001000010100101000,001000100101000001010010000011000000,153,1406ms
100001110000000010100000010010000100,000000000101001000010100000100111000,011000000010110000001010100000000001,000110001000000101000001001001000010,130,3134ms
100011001000010000000010011000000001,001000000010100001101100100000010000,010100000100000000000000000111101010,000000110001001110010001000000000100,157,13744ms
000010010000100011001000100001000100,010001001000000100110001000000011000,001000100011000000000000010110000011,100100000100011000000110001000100000,18,4127ms
010100010000100001000100000000110001,001011000100010010100000001000000010,000000100010000100011011000011000000,100000001001001000000000110100001100,42,7023ms
011100010000001000000001000011000001,000011100000000001100010000100011000,100000000000100000011100110000000110,000000001111010110000000001000100000,157,18050ms
000001101000010101000000001000001010,100000010110000000001010000001100001,010000000000101000100001110100000100,001110000001000010010100000010010000,57,903ms
111101011000100000100000000000000000,000000000001000010000101001111010000,000000000110001000011000010000001110,000010100000010101000010100000100001,157,399ms
101101000100000010010010000000001000,000000000001010100100101001010010000,010000101010000001001000010001000100,000010010000101000000000100100100011,130,7522ms
000011100000000110001000000011000100,000100001010000000110001101100000000,001000010001000001000010010000011010,110000000100111000000100000000100001,24,9440ms
011101110000000100000000001000100000,000000001110001001010000000001000110,100000000000100010100010010010011000,000010000001010000001101100100000001,157,539ms
101001011000000000000000001010000101,000000000011010010001110000100100000,010100000100000101000001110000001000,000010100000101000110000000001010010,157,2261ms
011101010000000010100100000001000000,000000100101010001000000101010000100,000000000010101000001011000100101000,100010001000000100010000010000010011,106,33580ms
011100110001000000010001100000000000,000001000000111011100000000000010010,100010000100000000000100010101100001,000000001010000100001010001010001100,157,357ms
010000110010010000001000000100001010,000001001001100010000010100001100000,100110000100000001010100011000000000,001000000000001100100001000010010101,177,1128ms
010111000101000100000000000000100100,000000010000011001100000100011000001,001000000000000010001110010100011000,100000101010100000010001001000000010,123,13473ms
111100110010001000000000000000010000,000000000001110010100001000100100010,000001000100000000001100011011000100,000010001000000101010010100000001001,136,999ms
111110010100000010000000000000100000,000000100011010000000000100001001101,000000001000000100100011011000010010,000001000000101001011100000110000000,177,545ms
101110101100000000000001000001000000,010001010000100010000100110000000001,000000000000000100000010001110101110,000000000011011001111000000000010000,149,27198ms
010000010001010000101100000100001000,000110100110000000000010100010000100,001001001000000010010001011001000000,100000000000101101000000000000110011,85,12132ms
001010110100000100010001010000000000,000000000010011000001100100000001101,110101001000000010000000001100000010,000000000001100001100010000011110000,147,2890ms
001110011000000001000000000000001011,010001100001100000000000001110000100,100000000010001000111000100000110000,000000000100010110000111010001000000,135,98218ms
100001011000000000001000110000001001,000000000101001010010000001001100010,011110000000100100000100000010010000,000000100010010001100011000100000100,159,4928ms
011111111000000000000000000000000100,000000000010011000011000010010100001,000000000001000110100011101000000010,100000000100100001000100000101011000,121,49330ms
001110100001001000000000010000000011,000000010000010101010101000010010000,000000000100100000100010101001100100,110001001010000010001000000100001000,79,9189ms
011001000101000000100000101010000000,000010001010100001010000000100000101,100100100000010100001000010000101000,000000010000001010000111000001010010,150,1355ms
010100001010000000100010001010010000,000010000000110100001001000000000111,101000100100000001000100100100100000,000001010001001010010000010001001000,157,43ms
001011100000000001000110100100000000,000000011101000010010000010001000001,010000000010101000100001000000011100,100100000000010100001000001010100010,96,3095ms
010101111000000000000010010000000100,101000000010110010010000000001000001,000000000000001101101000100000110010,000010000101000000000101001110001000,94,9251ms
100110011000000000010000000010001100,000001000001000101100001101000000001,001000000000001010001110010100100000,010000100110110000000000000001010010,143,18849ms
100010001001001100011100000000000000,000000000100010000100001110001001010,000000100010100010000010000110000101,011101010000000001000000001000110000,68,60839ms
010010010000000000011101000010010000,000101100100000100000000010001001001,100000001011100000000010000100100100,001000000000011011100000101000000010,117,18250ms
000010000100001000001010010110000010,000100111010000011000100000000001000,011000000001100100010001000000000101,100001000000010000100000101001110000,61,5764ms
001101111010100000000100000000000000,010010000001010000111000101000000000,100000000000001111000000000110001100,000000000100000000000011010001110011,115,149986ms
111110111010000000000000000000000000,000000000000001000010101001101110000,000001000100110110001000010010000000,000000000001000001100010100000001111,177,61ms
111010000001000100101000100000000000,000000000010000010000011010100100110,000000100100111001000100000011000000,000101011000000000010000001000011001,129,34896ms
000110111000000100000001000000101000,010000000011001000100010010000000110,101001000100100011000000100000010000,000000000000010000011100001111000001,148,3116ms
111010111000100000000000000000001000,000001000010000110001110100000010000,000100000100010000110000001010100010,000000000001001001000001010101000101,157,635ms
001000000101000100100000010011000010,110011100010010010000000000100000000,000100010000100001011000100000010001,000000001000001000000111001000101100,40,5764ms
110101110010000000000000000000001001,001000000000010100100000010010010110,000010001000101000001000101001100000,000000000101000011010111000100000000,121,6968ms
001100101100000100001010000000100000,000000000010110000000001011000011001,010011000000000001100000100100000110,100000010001001010010100000011000000,109,5521ms
111110001001000100000000100000000000,000000000010101010000100000100110001,000000100000000000101010001010001110,000001010100010001010001010001000000,177,7334ms
100100101110001000010000100000000000,010000010000100010000101000110000010,000010000001000101100000001000101100,001001000000010000001010010001010001,132,2223ms
001110111000001000001000000000000001,010000000000000001110100001000011010,100001000111010000000000010010000100,000000000000100110000011100101100000,177,1817ms
100000001000100000000100011000110100,001000010000011001101000000001000001,000101100110000010000000100000001010,010010000001000100010011000110000000,92,1423ms
000001100100000000000111001001010000,111110001000001000010000000010000000,000000010000100111100000110100000000,000000000011010000001000000000101111,50,8079ms
001100111000100010000000010000000010,010010000100000001100100101001000000,100000000001000100000001000110010101,000001000010011000011010000000101000,118,20490ms
111001001000000000001000000000100011,000000100110010000000000101011000100,000010010001000100110111000000000000,000100000000101011000000010100011000,157,1160ms
011000111000010000000011000000000010,000111000010001000010000010100000100,000000000000000001101100000001111001,100000000101100110000000101010000000,69,68799ms
001100011010000000110100000000000001,100010100100110011000000001000000000,000000000001000000001010000111101010,010001000000001100000001110000010100,64,106027ms
000010100100110010100001000000000100,000100000001001000011110010001000000,101001011000000100000000001100000010,010000000010000001000000100010111001,157,5279ms
111110101000000000000000100000000010,000000000101001100100001000010010100,000001000010100001001100000100001001,000000010000010010010010011001100000,177,355ms
010011001100010100000000000000010001,100000000001101010000001100010000010,000000010010000001101000000101001100,001100100000000000010110011000100000,90,66919ms
011010101000000100001000010010000000,000001000000110001010110001000000100,000100010101001000000000000001111000,100000000010000010100001100100000011,101,35466ms
101010111000010000000000000001001000,000000000000001111001100010010100000,010001000000000000010011100000010101,000100000111100000100000001100000010,153,1026ms
101110100000010100000000100000000100,000000001101000011000010001000100001,010001010010100000000001010001010000,000000000000001000111100000110001010,134,4298ms
010001110000100000010001000000100010,000100001010000010100110000010000100,001000000101011100000000110000001000,100010000000000001001000001101010001,63,9666ms
011111010000110000001000000000000000,000000000110001110100000001001000001,000000001001000000010001010010001110,100000100000000001000110100100110000,89,26977ms
001011000000001010011000110000000000,000000000000100001000110000001111100,110100110000010000000001000010000001,000000001111000100100000001100000010,136,1813ms
110000101001000000000000001100000110,000011010010011000100010000010000000,000000000100000100000101010001110001,001100000000100011011000100000001000,129,11928ms
100110001010101000011000000000000000,001000000100010000000000101100101010,010001010001000101000001000001010000,000000100000000010100110010010000101,166,2077ms
111110110000000000000000010000100000,000000000101000001000000100110010011,000001001000101100011010000000001000,000000000010010010100101001001000100,163,880ms
010011101100000000001100000000000100,000100010000001000000010111100100000,000000000001110010110001000000010001,101000000010000101000000000011001010,90,44241ms
010100011100000000000010000001001001,000000000000100000101100110010010100,001010000010001110000000001100100000,100001100001010001010001000000000010,99,22043ms
000011101010000100000010000100000001,011100000000100010010000000001010100,000000000101001000000101101000001010,100000010000010001101000010010100000,35,6091ms
101110001100000000100000000001000100,000000100000100011000001000100101001,010001010001001100001000110000000000,000000000010010000010110001010010010,177,495ms
001011010000000010000000000100001110,100000000010011001000100110000100000,000000100101000100010011001001000000,010100001000100000101000000010010001,70,29284ms
101011001000010010000010000000000001,000000100010000100100001001000001110,000000000001101000011000010101100000,010100010100000001000100100010010000,103,14317ms
110001001000010001000000100000010010,000010000100100010000010001011000001,000100100011000000100001010000100100,001000010000001100011100000100001000,112,1515ms
101000100110000011000001000010000000,010001000000000100101010010000001100,000000010001111000010100000001000010,000110001000000000000000101100110001,106,41864ms
000100011100000101000101001000000000,110011000001010000000000000100010100,001000100010000000101000000010101001,000000000000101010010010110001000010,57,133518ms
011101101000001010000000100000000000,000000000010110000000000011101101000,100010010000000101001000000010000110,000000000101000000110111000000010001,130,5310ms
110001101000010000000000000001110000,001000010100000111000000010000000011,000100000001000000100101101100000100,000010000010101000011010000010001000,151,2260ms
101101101000000000000000000011100000,010000010110000000001010001100000001,000010000001001100100100010000000110,000000000000110011010001100000011000,109,5963ms
110110001000001000010010000000001000,000001000000100111000000000111100000,000000000001000000001001111000010011,001000110110010000100100000000000100,117,59201ms
110000010000010000000100110000110000,000101001010000010110001000000001000,000010100001001001001000001000000110,001000000100100100000010000111000001,62,11024ms
001011001000000101001000100000000010,110100110001000000000001000010001000,000000000110101000000010001100000101,000000000000010010110100010001110000,42,52981ms
000110100001001000100000101000000100,101000010010010001000110000000000001,000000000000100100011001010011000010,010001001100000010000000000100111000,24,23343ms
110000110000000010000110000010000100,000110001010100000100001000100010000,000000000101000101010000100001100010,001001000000011000001000011000001001,134,2795ms
111010010000001000000000110000010000,000001101000000010001011001100000000,000000000111100001110000000000000101,000100000000010100000100000011101010,157,2808ms
001001110001000011000100000010000000,000000001000100100001010110001000001,000010000110001000010001001100100000,110100000000010000100000000000011110,86,2387ms
111111001000001000000000000010000000,000000100010000100000011010001010001,000000010000100011010100101000000100,000000000101010000101000000100101010,138,2926ms
000001010110010001101001000000000000,001100001001100000000000010000000111,010010100000000000010010001011010000,100000000000001110000100100100101000,99,27590ms
111001010000010010000000000100100000,000010000100001100011010001000000010,000000100000100001100100000010010101,000100001011000000000001110001001000,157,1585ms
101111101000000000010100000000000000,000000000011100000001001100011000100,010000000100010101100000011100000000,000000010000001010000010000000111011,177,75ms
011010011000000100000000001000100001,100001000000001011000101000001010000,000000100100010000110000000110001100,000100000011100000001010110000000010,119,6007ms
101010000100000000100001000100100100,010001100001000110001000010000001000,000000000000110001010010001000010011,000100011010001000000100100011000000,119,2272ms
010001101010100011000000001000000000,000000010000010100001100010010010010,001010000100001000000000100101001100,100100000001000000110011000000100001,112,30205ms
101010001000001000000101000001100000,010001000100000100010010010100000001,000000100000100000101000101010010010,000100010011010011000000000000001100,103,32327ms
110100101000010000000000100000001100,001001000010100110000000000010100010,000010000001000000001010011100010001,000000010100001001110101000001000000,114,46530ms
100101010000000100000110000000001010,000010100111100010011000000000000000,000000000000001001000000111101100001,011000001000010000100001000010010100,71,47097ms
100011011010010000001000001000000000,000000000100101001000000000010101011,001000100000000000010010110100010100,010100000001000110100101000001000000,127,81648ms
010010001100100000001000100000000011,000001010000001010000011011100000000,100000000010000100000000000011111100,001100100001010001110100000000000000,100,101571ms
100100110010010000000010000101000000,010000001000000101001100100000100001,000011000000100010100001001000010100,001000000101001000010000010010001010,116,678ms
011011010001000000000000010000010100,100000000000100101101001001000000001,000000101110010010000100000001100000,000100000000001000010010100110001010,68,25907ms
010101101001000001010000000000000100,100000000010100000101000010001010001,001000000100010010000011100010000010,000010010000001100000100001100101000,85,10742ms
101111100000000000000110000000100000,000000000001100100001000110010010100,000000010010010001000000001101000011,010000001100001010110001000000001000,151,7738ms
100110010000000100000000010010011000,000001001001000001100011000100000010,000000100100011000011100000001000100,011000000010100010000000101000100001,130,1741ms
010000100010001000000010110010000001,001101001100000011100000000001000000,000010010001000100000100000000111010,100000000000110000011001001100000100,17,6325ms
100010010100000000001000100100101000,000000000000101011000110011000000001,010000000010010100110000000001000110,001101101001000000000001000010010000,121,1629ms
011110101000000000000010010010000000,000000000000000001010101101001010100,100001000011100010100000000000000011,000000010100011100001000000100101000,177,191ms
111010001000000000000010010000000101,000000100001000100011001101010000000,000001000010111000100000000101000010,000100010100000011000100000000111000,157,1396ms
000111000101000100000000000010011000,100000001000010001100010001100100000,001000100000000010001101000001000011,010000010010101000010000110000000100,87,16813ms
010111101001000000100000000000000001,000000000100011010000011001001010000,001000000010000000011100110010100000,100000010000100101000000000100001110,72,26522ms
111011111000000000000000100000000000,000000000000110000001011000100011010,000100000100000100110100001010100000,000000000011001011000000010001000101,157,109ms
110101011000010000000100000000000010,000010000101000000110001000000001101,000000100010000010000010011010110000,001000000000101101001000100101000000,114,4058ms
010110001000000010000000001101000001,001001000000101000010001000010001010,000000000101000101000010010000110100,100000110010010000101100100000000000,93,107122ms
101000010001000000001001000110100000,000000000110100110100000010000000011,000011101000000000010000101001010000,010100000000011001000110000000001100,133,942ms
100111101000000010000000000100000001,010000000000001001000100011010010100,000000000101010100101000100000001010,001000010010100000010011000001100000,156,2076ms
101101111000000000010000000000001000,010000000110100100000010001001100000,000000000001000011100001100000010101,000010000000011000001100010110000010,146,2154ms
011000101000000000000010100011100000,000010000000010110010000000100011100,000101010100001001000101000000000001,100000000011100000101000011000000010,74,30614ms
111010101000100000000000100001000000,000100000011011010000001001000100000,000000010100000001100010000010010101,000001000000000100011100010100001010,157,470ms
110010000000000000010000110001000101,000100010000000100001101000010101000,001000101101001001000010000000010000,000001000010110010100000001100000010,133,12500ms
111001101000000000001010000000100000,000100000000000011000100111000010010,000010000011111100000000000110000000,000000010100000000110001000001001101,157,90ms
001001101001000000101000000010000001,000000000000111000010110100001000010,110000010000000101000001001100100000,000110000110000010000000010000011100,150,492ms
111110100000000001000000000110000000,000001001000100010001110100000000001,000000000000010000100000011001111100,000000010111001100010001000000000010,164,4225ms
011011110000000000000000010000101000,000000001000000001011000101100000110,100100000010000000100111000001010000,000000000101111110000000000010000001,149,7912ms
011000010001011010000000000100000100,000010001110000101001000000000011000,000001100000000000010001001001100011,100100000000100000100110110010000000,94,119395ms
010010000010100000101000100000001001,100000010000011001000010000010110000,000101100101000100000001001000000100,001000001000000010010100010101000010,80,5997ms
111000100010000000000010001000100010,000010001000101011000000010000010001,000100000001000100011101000100001000,000001010100010000100000100011000100,157,459ms
110011000010001100010010000000000000,001000110100000000000100001011000100,000100000000100011100001000000011001,000000001001010000001000110100100010,119,2634ms
011000110010000000000000100010010100,100000000101100010010100000000100001,000101001000001000001000001100001010,000010000000010101100011010001000000,82,20648ms
101010100010000010000000100001000010,000100001100000101100000010100000001,010000000001101000010100001000100100,000001010000010000001011000010011000,101,5797ms
100011101000000000000100100100100000,010000000101000001001000000011001010,000100000000100100110001000000010101,001000010010011010000010011000000000,129,15833ms
101011011000000001100000010000000000,000000000100011010000001000000110011,010000000000000100001110001111000000,000100100011100000010000100000001100,157,247ms
010110000000100000000000010110001100,100000010000001001011000000001100010,000000001010000010100010101000010001,001001100101010100000101000000000000,80,30019ms
110111000001001110000000000000000000,000000100000000000000101010000011111,000000011110000000010010100101000000,001000000000110001101000001010100000,177,699ms
001000010001000010000101001000010100,100000000100010000111000000101001000,010010101000001000000010110000000001,000101000010100101000000000010100010,47,8271ms
110110101000010000000000100100000000,000000000100000010110100010000011001,001001000000000001001001001010100010,000000010011101100000010000001000100,177,115ms
011010110000000000010001110000000000,100000000101001011000000001000000011,000001001000010100001100000011001000,000100000010100000100010000100110100,97,11254ms
011001011000000000000011000001000100,000010000101010110100000100010000000,100100100000101000000000000000101011,000000000010000001011100011100010000,142,9721ms
110001000010000000011010000000010100,001110100001001000100001000010000000,000000010100000010000000011100101001,000000001000110101000100100001000010,113,1943ms
000111010000010010000000001000000110,000000000110000000111010100000011000,001000001000101101000100000011000000,110000100001000000000001010100100001,43,4828ms
000101010000001000100010001000100001,000000101100010000001000010111000000,100000000011100011010101000000000000,011010000000000100000000100000011110,82,23329ms
100110101000010100001010000000000000,000001010101000001100100000000010100,010000000010101000000001001010001010,001000000000000010010000110101100001,140,8222ms
011110111000000000010000000001000000,000001000010001110100000001000010010,100000000000100000000011010110101000,000000000101010001001100100000000101,177,163ms
110110010010000010000000010010000000,001000000000010001000001101101000010,000000001001001100101100000000010100,000001100100100000010010000000101001,160,1288ms
110011011110000000001000000000000000,000000000001000000100001010101100101,000000000000110001010000101010010010,001100100000001110000110000000001000,112,29759ms
100001111000000010000100000010000100,011100000000000001010000001001010010,000010000010001000000011110100001000,000000000101110100101000000000100001,87,8940ms
001011011000001100000000000000100100,000000100000100011100001001010000001,100100000011010000001100000100010000,010000000100000000010010110001001010,141,929ms
110100110010000000001101000000000000,001001000000010001110000011000000001,000010000100100010000010000000011110,000000001001001100000000100111100000,124,16926ms
101011110000001000010000100000000000,000000000001100010000010001010101001,000100001110010000000000000001010110,010000000000000101101101010100000000,157,1896ms
110101100001000000000000001100010000,000000001110101000000000100000100011,001000010000010011101000010000001000,000010000000000100010111000011000100,150,1636ms
111001100000000000100001010000100000,000000000100110001000000000110010101,000000011010000100011000101000001000,000110000001001010000110000001000010,157,5112ms
101101100001010100000000000000010000,010000001100001001000100000011001000,000000010010100000111000000100100100,000010000000000010000011111000000011,140,5305ms
011110110010000000000000100000010000,100000000001110001010000010001100000,000001000000000100000111001100000011,000000001100001010101000000010001100,103,7969ms
000011011010000100000100000010010000,100000100000001000110010010100001000,011000000001100010000000000001000111,000100000100010001001001101000100000,72,51380ms
101011000000000100001000010100000010,000000000010111011000000101000000001,000000111000000000010101000010101000,010100000101000000100010000001010100,144,3134ms
001100110100001000010000000010010000,000000000010100001000100100101100010,010010000001010000101001000000001100,100001001000000110000010011000000001,92,6578ms
101111010000000000010001000000000100,010000001010100011000000010001010000,000000000101010000101010000010100010,000000100000001100000100101100001001,160,3798ms
000011000001000001010001000001000101,100100000010000000100100010100011000,010000110000000110001000101000100000,001000001100111000000010000010000010,33,3823ms
001001100000100100010000100010001000,110010000001010010000010000100100000,000000001000001001001100010001010100,000100010110000000100001001000000011,11,256ms
001111111000000101000000000000000000,000000000011010000010100100110000010,110000000100001000100000010000101001,000000000000100010001011001001010100,177,223ms
001111000000100100010001000000100000,000000000001001000000110110110000100,000000111100010000100000000001010001,110000000010000011001000001000001010,87,3190ms
001011111000001000000000100010000000,000000000100100001000101011101000000,000000000010010100000000000000111111,110100000001000010111010000000000000,52,102704ms
010110100000000100000100000010001010,000000010000010011110000100101000000,100001000100100000000001000000110101,001000001011001000001010011000000000,149,25790ms
010011011000001010000110000000000000,000100100000110000000000001100001110,101000000000000001000001010011100001,000000000111000100111000100000010000,133,23888ms
001010000000100000110000101001000100,000100000110001100001010000100000010,000001011001000000000101000010100001,110000100000010011000000010000011000,37,9218ms
100010011010000010000000000010101000,010000000100010001110100001000010000,000100000001101100001011010000000000,001001100000000000000000100101000111,80,506334ms
111100111000000000001000000100000000,000000000001111000000010110011000000,000001000010000011000001000000110011,000010000100000100110100001000001100,133,428ms
110101001000000100010000000000010001,001010000010100001001100000001000010,000000010000010000000011100110001100,000000100101001010100000011000100000,157,4594ms
000000011000110100000000010011000010,011000000010001010000010000000001101,000011000000000001110001100100010000,100100100101000000001100001000100000,49,9319ms
011110011001000010000000100000000000,100001000010010101001000001010000000,000000000000001000110111010000001010,000000100100100000000000000101110101,116,103566ms
000110000000100000011000000110010010,010001010100000000000111000001000001,100000001001001100000000110000101000,001000100010010011100000001000000100,83,7216ms
110111001010010001000000000000000000,000000000101000100011000011000001100,000000100000001010000011100111000000,001000010000100000100100000000110011,140,2180ms
100111001100000000000000011000100000,001000110001001010011000000001000000,010000000010010101100100000000000101,000000000000100000000011100110011010,160,6001ms
001100100100110100000100000000100000,010010000010001010100010011000000000,100000010000000001001001000110000101,000001001001000000010000100001011010,141,107776ms
001110001000000000100000000000101011,100000110100001001010001000000010000,010001000001010100000010001011000000,000000000010100010001100110100000100,115,15506ms
001101001000000010100000011000000001,000010010010011000010010000000100100,100000100100000000001001000010011010,010000000001100101000100100101000000,144,1090ms
100111110000000000000001000000010100,000000001100000110110000111000000000,001000000001101001000100000011100000,010000000010010000001010000100001011,131,8840ms
001101000001110000010100000000001000,000000100100001001000001011110000000,100010011010000000001000100000000101,010000000000000110100010000001110010,109,1813ms
000100001110000000010010010000010001,010000010000001011000100000101000010,001001100000100000001001000000101100,100010000001010100100000101010000000,43,2582ms
000000100000111000000110101000010000,000000001001000000110000000111000110,110110000100000000000001010000101000,001001010010000111001000000000000001,117,24612ms
100110000110100010000000000100010000,001001100000000000001001110000000011,000000010001001101010000001000101000,010000001000010000100110000011000100,105,44443ms
011101111000000000000000010000000010,000000000100010010100111000010000001,100000000010001101001000101000001000,000010000001100000010000000101110100,157,6227ms
110111101001000000000000000010000000,000000010000011001000011100101000000,001000000110100000010000010000111000,000000000000000110101100001000000111,177,344ms
010110110001000010001000000000000010,000001000000001000000010000111011001,000000001000010001100101011000100000,101000000110100100010000100000000100,82,48231ms
001001010000000000000000010101110001,100010000101000100000011001000000100,010000001000000010011100100000001010,000100100010111001100000000010000000,96,53412ms
010011110100100000000001010000000000,000100000000010011000000100000110011,000000001000000000100110001111001000,101000000011001100011000000000000100,107,20032ms
101011101001000000000100000000000100,010000000010001001100000000100011010,000100000000010010000001011001100001,000000010100100100011010100010000000,101,2343ms
001110000010000000000000110000100101,000001001000010000001011001110000000,110000100000100010110100000000010000,000000010101001101000000000001001010,153,7483ms
011110001011000100000000000010000000,000000000000011001100000001100100011,000000000100100010001111100000010000,100001110000000000010000010001001100,95,392337ms
001000111100000001000011000100000000,000000000011011000000000000011011100,000110000000000010110100001000100001,110001000000100100001000110000000010,105,61241ms
110001111000000000010000000000101000,001100000000001000000000010110010011,000000000111110001000010000001000100,000010000000000110101101101000000000,117,56450ms
011010010000000000010001001001001000,100000100100010101000100000100000100,000001001010101000101000100000010000,000100000001000010000010010010100011,96,18428ms
011100101000000010000000001001001000,000000010010011000001110000000100010,000011000000100000110000010110000100,100000000101000101000001100000010001,108,4980ms
110110011000000000001000000000011000,001000100001000001000001101100000010,000000000010100110000010010001100100,000001000100011000110100000010000001,136,9759ms
101001001000110100000000000010100000,010000100000001010100010001000011000,000010000000000001000101100101000011,000100010111000000011000010000000100,115,13651ms
001000001100110000010010000000100001,110001000000001100000101000100000010,000110110000000011000000101001000000,000000000011000000101000010010011100,61,7127ms
011111011000010000000000010000000000,000000000011100000100001100001010100,100000100000001010011000001100000001,000000000100000101000110000010101010,177,337ms
110000000000110001001000000000001110,000011000100000010010100000110000001,000000010001000100100010011001010000,001100101010001000000001100000100000,78,3738ms
101000101001110000100000000000000100,000000010000001000010101110000010010,000100000100000011001010000101000001,010011000010000100000000001010101000,135,2366ms
100011000001000000001001001110000000,010100100000001010000010010000000110,001000000000100001010000100001011001,000000011110010100100100000000100000,72,5194ms
000000001000000001100100001110000011,100010010000101010010010000000000100,001100100111010100000000100000000000,010001000000000000001001010001111000,83,289938ms
000000101011000000001000110000000011,001001010000000001110010000100100000,000010000100101110000001001010000000,110100000000010000000100000001011100,0,613ms
111000000100000100000011001001000000,000100101010000000011000110000010000,000011010001000001000100000100000011,000000000000111010100000000010101100,141,4499ms
101000011000000000101000010000001100,000010100000100000000101001011000001,000001000111010011010000000100000000,010100000000001100000010100000110010,157,721ms
100111000010000000001001001000100000,010000000101110111010000000000000000,001000001000001000000010100101001001,000000110000000000100100010010010110,137,192692ms
001000100000001001000000000101011010,010000001010000110000100011000000100,000111000000110000011000000010100000,100000010101000000100011100000000001,84,10895ms
011011101000000000000001000000001001,000000000000111100101000000100010100,100000000011000011010000100000100010,000100010100000000000110011011000000,142,7897ms
011101001000000010000010001000010000,000010000110000100000101100100000001,000000110001011000001000010010000010,100000000000100001110000000001101100,56,3686ms
010000000000100011001100011000000010,000000010000011100000011000011001000,101000101110000000100000100000100000,000111000001000000010000000100010101,157,3349ms
100011110000010000000000101010000000,001000000100100000101001000000000111,000100000010001011010000010001001000,010000001001000100000110000100110000,86,1462ms
101111000000000001000000000000100011,000000111010000000100000001001010100,000000000100101010001101000110000000,010000000001010100010010110000001000,177,1502ms
110000100000101000010110000100000000,000001001011010000000001100010000100,001010000100000110101000000000000011,000100010000000001000000011001111000,157,83ms
110111011000000000010010000000000000,000000000000001101001000010010011010,000000000100110000100000100001100101,001000100011000010000101001100000000,177,803ms
010001000000001000011100001100100000,000100100101000001000000110000000110,001010001000110110000000000000001001,100000010010000000100011000011010000,84,9712ms
110100001000100000000001100010000100,000011000010001010001000010001010000,000000110101010000100000000000001011,001000000000000101010110001100100000,157,150ms
100100111000001000100000000000100010,000000000010000100010000001110001101,010000000101010010000001010001010000,001011000000100001001110100000000000,135,14740ms
100010000001000100000000010101100001,000000101000010010011001000000001010,010001000010001000100100101000010000,001100010100100001000010000010000100,130,8780ms
000111001000000010000000100001110000,110000100010010100000000001010000010,001000010001000001000101010000001001,000000000100101000111010000100000100,46,5334ms
010000111001100100000000000000100010,001000000100010010001001000100010001,000111000000001001000110000011000000,100000000010000000110000111000001100,85,9281ms
000110010101010000000001100001000000,101001100000000001100010000100100000,010000001000000100001100000010010110,000000000010101010010000011000001001,61,13894ms
110001100000000010000000110000100010,001000010011010000110001000001000000,000100000000101000000100001110001001,000010001100000101001010000000010100,136,3128ms
100010111000100000100000100010000000,000000000001000101011000000100010011,000101000100010010000101000000001100,011000000010001000000010011001100000,107,1796ms
110010100111100000000000000000000010,001000000000000110000000011010010101,000101010000000001000011100100100000,000000001000011000111100000001001000,157,253ms
000101111000000000000000100011000010,101000000001010100000100010000110000,000010000010101000101010000000000101,010000000100000011010001001100001000,70,4029ms
110100111000100000000100000000001000,000000000000000100011010010110100001,001000000010010000100001101000010100,000011000101001011000000000001000010,135,26518ms
111000110000000110000100010000000000,000000000101000001000001001100110001,000110001000011000010010000010000100,000001000010100000101000100001001010,137,6048ms
000111110000000010101000000000000100,001000000001000000000001100100111010,110000000110010000010100000011000000,000000001000101101000010011000000001,177,388ms
111010110010010000100000000000000000,000001000000001010001001001010000110,000000000000100100010100010101001001,000100001101000001000010100000110000,136,6208ms
111100000101000000000000110000100000,000001100000101010011000000101000000,000000000000010101000010001010010101,000010011010000000100101000000001010,130,1877ms
011111001100000001000000000000001000,000000000010001000100101011000110000,000000100000100110001000100001000101,100000010001010000010010000110000010,106,28954ms
101000000100001001101011000000000000,010100010000000100000000000001011110,000010001000010010000100011110000000,000001100011100000010000100000100001,100,11176ms
111111111000000000000000000000000000,000000000100011001000001110000001100,000000000000100000111000001001100011,000000000011000110000110000110010000,177,76ms
110000011010000001000001100001000000,000000000000001100100000010110100011,000001000100010010011100000000001100,001110100001100000000010001000010000,101,9125ms
011000000010100000011100000001100000,000010010000000011000000100000011101,100101000100011100000010000010000000,000000101001000000100001011100000010,134,4698ms
100001000001000011110000100010000000,000000010100000000000011000101011010,000110101010111000000000000000000100,011000000000000100001100011000100001,143,11053ms
101100110010000100100000010000000000,010010001000000010011000000000011010,000001000001010000000101001110000001,000000000100101001000010100001100100,105,31686ms
101000111001000000010010001000000000,000011000010000001000100010101100000,000100000100100110001000000010001001,010000000000011000100001100000010110,141,1226ms
111100011000000000100000000001100000,000000000001001110000100001010010010,000000000100110000011010110000000100,000011100010000001000001000100001001,127,10122ms
101110111000000000000000010010000000,010000000001110011010000100000010000,000000000000001100001011001100000011,000001000110000000100100000001101100,165,1991ms
110101101000000100001000000000000010,000000000101000001010001110000010100,000010000010111000000000001101100000,001000010000000010100110000010001001,146,3601ms
000001110000010001001010001000010000,000100001001100000100001100100100000,111010000000001000000000000010001101,000000000110000110010100010001000010,143,11374ms
000101001000001010011000000000010001,100000000000010001000100010010101100,001010010100100000000010101100000000,010000100011000100100001000001000010,70,6588ms
110100000000000100000001100100110000,000000110100000000100100001010001010,000010000001110011001010000000000001,001001001010001000010000010001000100,106,1280ms
111111000000000000000000000100100100,000000111100000011001010000000000001,000000000010011100000000111000010010,000000000001100000110101000011001000,157,8929ms
011010000001000101010010000000000001,100100000010010000000100000101001010,000001011100000010101000000010000100,000000100000101000000001111000110000,99,5358ms
000010011000000001100000011010001000,101001000110011000010000000000010000,010000100001000100000000100001100011,000100000000100010001111000100000100,50,9965ms
100111011100000000001010000000000000,010000000011000001010000001010001100,001000000000001010000000000101110011,000000100000110100100101110000000000,160,6197ms
001100001100001100000000100000000110,100010000000000000000101011100101000,000001100010010011000010000001010000,010000010001100000111000000010000001,42,8218ms
000111100000100110100000100000000000,101000000000010001010000000001111000,010000011000000000000000011110000110,000000000111001000001111000000000001,136,90038ms
010010100001000011000110000000010000,000000001100000000110000011010000110,001000010010011000001000000101000001,100101000000100100000001100000101000,83,4700ms
001111100000100100100000000000000010,100000000101000000000011000001011001,000000011010011000010100010010000000,010000000000000011001000101100100100,83,9930ms
010101110000000000011000000011000000,001000000010000100000000111000010101,100010001101001010000101000000000000,000000000000110001100010000100101010,157,2437ms
011011001010000001000000100001000000,100000110000111000100000000000000110,000100000001000100000011000110100001,000000000100000010011100011000011000,88,6460ms
000011010100000000100100000001000110,000100000001110000010000100110001000,101000001010000000001001001000100001,010000100000001111000010010000010000,108,2193ms
111000111100000000000000000010000001,000000000001000000111000100001101010,000110000000101110000000010100000100,000001000010010001000111001000010000,177,227ms
000110101000100000110000000000100010,001000010000011001000001010000001001,110001000001000110000010000010010000,000000000110000000001100101101000100,177,225ms
001010001100000001000001010010000100,000001000000101100001110100000000001,010100000010000000110000001001100010,100000110001010010000000000100011000,97,14163ms
000011110010000100001000000100000100,100000001100100011000000011000010000,001000000001010000000101100000001011,010100000000001000110010000011100000,34,4686ms
100110100001000000000110010000100000,001000000010010001010000001001010100,010001010100001110000000100000001000,000000001000100000101001000110000011,170,4499ms
111001110000010010100000000000000000,000000000111100000000110001100100000,000110000000000100001000100011010001,000000001000001001010001010000001110,166,494ms
000000010000100001000100000111100010,001000000101010110000010100000010000,110100101010001000011000000000000000,000011000000000000100001011000001101,129,23037ms
011011000001011000000000000000100100,000000011000000101000100100110001000,000100000010100000010010001000010011,100000100100000010101001010001000000,79,7582ms
111111010000000000000000100001000000,000000000001000100011000001110011000,000000001110011010000000010000100100,000000100000100001100111000000000011,157,402ms
111101110010000000000000000000010000,000000001100000110010000001100000011,000010000001001001101000010000001100,000000000000110000000111100011100000,139,1549ms
100010101100000100000100000000010001,000101000000001011000000100000101010,011000000000010000011000010101000100,000000010011100000100011001010000000,157,659ms
010101000001000001010110000010000000,000010001000101000000001000101100010,101000010000010110100000000000000101,000000100110000000001000111000011000,137,3031ms
110011010100000000000000100001000010,001000100001001001000010000100100001,000000000010110110000101001010000000,000100001000000000111000010000011100,111,91714ms
101001110000000010100011000000000000,000010000111100000000000000110010010,010000001000000001010000011000100101,000100000000011100001100100001001000,157,5704ms
110011100100000010000100000000100000,000100011001010000010000000101000010,000000000010000101101001111000000000,001000000000101000000010000010011101,143,41451ms
111100100001000000000010001000000100,000000011000001000101101010100000000,000000000000110111010000000001110000,000011000110000000000000100010001011,108,35929ms
001110101100000000001001000000010000,010000000001001000000000001011101001,100001010010010000010110000000000010,000000000000100111100000110100000100,162,3544ms
011001001000010100010000000000101000,000100110011001001000000010000000100,000000000100100010100001001101000001,100010000000000000001110100010010010,100,101702ms
000101100100000101010100000000000010,100010000000000000100011001100101000,000000011010010010000000110001010000,011000000001101000001000000010000101,29,13006ms
110010110000000001100000000101000000,000001000010001000011001000010000011,001100001101110000000000001000100000,000000000000000110000110110000011100,157,86ms
100101101100000100000100000010000000,001000010010000010110000000000001011,010010000000111000000001011100000000,000000000001000001001010100001110100,151,1566ms
000001111011001000000000000001010000,000000000100010111000100010000100010,101100000000100000010011001100000000,010010000000000000101000100010001101,126,33778ms
111100101100000100000000000000100000,000011000000000001001010010010010010,000000000001111010000000001100001100,000000010010000000110101100001000001,157,560ms
100001001100000000000100001101000100,000000000010000011001001000000110011,001000110000010100110010000010000000,010110000001101000000000110000001000,133,3630ms
011000001000000110000000000010001011,000000010110000000110001000001010100,100101100001111000000100000000000000,000010000000000001001010111100100000,146,21911ms
011001100000010000000010000000100011,000100001011000000011001001000000100,100000000100000110000100110010010000,000010010000101001100000000101001000,134,21071ms
110010001010000001011100000000000000,000101010100010010000001000000011000,000000000000101000100010010011100100,001000100001000100000000101100000011,131,13650ms
010011111000000000000101000001000000,100100000101000000010000000010011100,000000000010000110100010010100100001,001000000000111001001000101000000010,103,14877ms
011001010000001000001000101001000000,100010000001100001110000000010000100,000000000100010110000110010000001010,000100101010000000000001000100110001,63,17607ms
110011111000000001000100000000000000,001000000100101100001000000100000011,000100000011010010010000010010001000,000000000000000000100011101001110100,120,10853ms
001111010000100000000000000010101000,110000000011001000000001101000010000,000000101000010111000000010100000001,000000000100000000111110000001000110,105,5778ms
101100010010000000000000011010001000,000000001001000110000110000000100011,000011100000001001000001100100010000,010000000100110000111000000001000100,116,145ms
011111100000110000001000000000000000,000000000111000010010000001000010110,100000001000001101100010000100000001,000000010000000000000101110011101000,177,1467ms
010011000100001100000010000011000000,001000010001010000000101000100001010,000000100010100010010000001000100101,100100001000000001101000110000010000,46,9293ms
000101000000001011100010000001100000,111010100000000100000000010100010000,000000001101110000000100000000001011,000000010010000000011001101010000100,13,1642ms
110111110000000000000000001000001000,000000000001011000011010010000000011,001000000100000111100000000011100000,000000001010100000000101100100010100,177,93ms
010001100100001100000000001010001000,001000000000110011110000110000000000,100000011010000000001100000100010100,000110000001000000000011000001100011,143,18422ms
011011111000001000100000000000000000,000000000100000110000010010001101010,000000000011100001010000100110000100,100100000000010000001101001000010001,95,21301ms
011100001000001000000011001000000010,000010000010000011110100000000000101,000000010001010000001000010101101000,100001100100100100000000100010010000,58,8446ms
111101101100000100000000000000000000,000000010000101000000000011000011011,000010000010000010011011000100000100,000000000001010001100100100011100000,157,142ms
100000010001100011000000010100100000,000101100010000000010000001001010100,001000000000000000101101100010001001,010010001100011100000010000000000010,91,19623ms
010101001000000000010100011000000001,000000010001111100000010000000101000,000010100000000011000001100011000100,101000000110000000101000000100010010,66,4866ms
010100111001001100000000000000010000,000000000010100000010111000011100000,100011000100010010100000000100000100,001000000000000001001000111000001011,157,98ms
110111100000010100000000000000000001,001000000100000001110001000100101000,000000010011100000000010011011000000,000000001000001010001100100000010110,163,960ms
110001010100000000000110000000100001,001010000001100010001000010000010100,000100000010011000100000000110001010,000000101000000101010001101001000000,157,661ms
010110111100000000010000010000000000,000000000011110100100100100000100000,000001000000000001001010000111001100,101000000000001010000001001000010011,103,10934ms
001010101001100000000000000000101010,100000010000000101001010101000010000,000101000010001000000000010111000001,010000000100010010110101000000000100,84,35814ms
010000101011000000100001010000010000,000101000000001000000000001111000011,000000010100110011001000000000100100,101010000000000100010110100000001000,57,45130ms
100100100000010010000000011000100100,000000000111000000110000100100001010,000011011000001100001100000010000000,011000000000100001000011000001010001,67,2173ms
100101001100101000001000000000000001,000000100000010110000011000110001000,011000000000000001110100001000010100,000010010011000000000000110001100010,157,321ms
001001111100100000001000000000000010,000110000010000011000001011000000100,010000000001001000010010100001011000,100000000000010100100100000110100001,78,23561ms
100011111000001000000000010000000001,000000000110100000101100000001001100,000000000000000010010000101110110010,011100000001010101000011000000000000,86,106173ms
010100100000000010100100010010000010,000010000111000100000010100000001001,100000010000100000001000000101110100,001001001000011001010001001000000000,157,27164ms
010101010010000010000000000000101010,000000101100100001010101000100000000,001000000001000100100010100001010100,100010000000011000001000011010000001,80,15142ms
011110000000101100010001000000000000,000001010010010001000000001010010001,000000101001000000001100110001000010,100000000100000010100010000100101100,81,25240ms
100000110000000100000010010000101100,011110000000000001010100101000000000,000001001001101000000001000001000011,000000000110010010101000000110010000,50,51292ms
101011111000000001000000000000100000,000000000110000010100111001001000000,010000000000010000011000010110010010,000100000001101100000000100000001101,157,116ms
011111110010000000000000000000010000,000000001000010000001000100110001101,100000000101101001100000011000000000,000000000000000110010111000001100010,177,1062ms
001000011010111001000000010000000000,100100100000000010100000000000001111,010011000100000000011011000001000000,000000000001000100000100101110110000,101,39705ms
101101001000100010100000000010000000,000010000000000001001100010100000111,000000100000011100010000001001011000,010000010111000000000011100000100000,104,2113ms
110110110000000000000101000000100000,000000001000100101100010000011000100,000001000111000000000000010100001011,001000000000011010011000101000010000,177,1071ms
010001011100000100000010001001000000,000110000000000000111100010000100010,100000000011001001000001100100000100,001000100000110010000000000010011001,157,43982ms
111000101000000000000001000100010010,000001000011000000100100101000100100,000000000100011110001000010010000001,000110010000100001010010000001001000,157,1447ms
011001110011000000001000100000000000,000100000000100110110000000001000101,100010000000011000000110001010000010,000000001100000001000001010100111000,134,2139ms
000001011001010000001010000100100000,010000000010100010100000001000000111,001110000000001100010100000000011000,100000100100000001000001110011000000,70,253ms
011111000010000001000100001000000000,000000110000101000000010000100010110,000000001001000000110001000001101001,100000000100010110001000110010000000,120,20769ms
001001001000010001001110000000001000,110110000010000010000001001010000000,000000110100001100010000000001000011,000000000001100000100000110100110100,36,11256ms
010111110000000000100000000100000001,000000000001000010001010001000110110,001000000010101100010001010001000000,100000001100010001000100100010001000,133,4198ms
111011011000000000000000000001001000,000000100010100100000011110000000100,000100000001001001101100001100000000,000000000100010010010000000010110011,157,165ms
000111011000000000000000001000110010,001000100000001000001110010101000000,100000000001000000110000100010001101,010000000110110111000001000000000000,141,50677ms
110111111000000000000000000000000100,001000000000100001001001100000011001,000000000100011000100000011100100010,000000000011000110010110000011000000,177,147ms
111101111000000000000000000000000010,000000000011000101100000101000100001,000000000100101010000110000100010100,000010000000010000011001010011001000,157,179ms
011101011000000010000001000001000000,100000000000000100001100001110000101,000010000101011000010010000000100010,000000100010100001100000110000011000,88,20247ms
000100010010100100000110000000011000,000001100100000011000000110001000001,110000000001001000101000001110000000,001010001000010000010001000000100110,122,206ms
111111011000010000000000000000000000,000000000110000010000100000110000111,000000000000100100100010111000110000,000000100001001001011001000001001000,153,2064ms
101111111000100000000000000000000000,010000000001001000000001110001011000,000000000000000010001110001100100101,000000000110010101110000000010000010,161,1817ms
111011110000000000001001000000000000,000100000000100100110000001011000100,000000000010000010000100110100110001,000000001101011001000010000000001010,122,11723ms
101101010000100000100010000000010000,010000100101001100000101000000000001,000000001010010010010000011001001000,000010000000000001001000100110100110,119,13837ms
101000110000000000101010010000000010,000100000010000010000000001110011100,000011001001000000010100100001000001,010000000100111101000001000000100000,144,9401ms
100001010000000001100100101000100000,000110100100000010000001000100001001,001000001010110000000000010011000010,010000000001001100011010000000010100,103,8981ms
100111111000000001000001000000000000,001000000010011010000010010000100100,010000000000000100000100100101010011,000000000101100000111000001010001000,171,2361ms
110001110010000000010001000010000000,000100001000000000000110001100110001,000000000101000111101000110000000000,001010000000111000000000000001001110,157,167532ms
101100001100000000011100000100000000,000011000000110000100001000010101000,010000010000001001000000111001000010,000000100011000110000010000000010101,134,237ms
101001000101000100000000100010000010,000000001000010001001011011000010000,010000100010100000010100000100101000,000110010000001010100000000001000101,157,307ms
100000000101010001010000001000010010,000000100010100010000000110110000001,010101011000000000000000000001101100,001010000000001100101111000000000000,133,97555ms
011010111000001000000100000001000000,000100000010000011101000000010100010,000000000001010000010011010000011001,100001000100100100000000101100000100,73,43508ms
000010101111000010000100000010000000,010001010000010000001000100100010010,100100000000000100000010000001101101,001000000000101001110001011000000000,92,85043ms
111001011000000111000000000000000000,000100000010101000001001110001000000,000000000001010000000110000010001111,000010100100000000110000001100110000,121,23594ms
000110001001011000000100000001010000,001001000000100001100000000110100010,010000010100000000000001111000001001,100000100010000110011010000000000100,56,4017ms
001111001100000100000010010000000000,110000000001010010100001000100000100,000000010000101000000100001011010001,000000100010000001011000100000101010,86,5672ms
111000010000100001011000001000000000,000100000010010000100011000000100110,000001100000001010000000100010011001,000010001101000100000100010101000000,117,8397ms
011110100000010000000000110000000001,000000010101000000010101000011100000,000000000010001010001000001100001110,100001001000100101100010000000010000,92,27146ms
011011011000000000000000000001000011,000100100001001010000010001000011000,100000000100110100000000010110000100,000000000010000001111101100000100000,157,1445ms
010011100000000000011000100000010001,100000010001100010000110000010100000,001100000010000100000001010100001010,000000001100011001100000001001000100,92,5920ms
000010111100000000000100010000010001,010000000000000111000011100110000000,100100000000111000110000000000101000,001001000011000000001000001001000110,118,41ms
001000110000000010000000111000000110,010101000000001000000101000001010001,000010001011100001000000000110100000,100000000100010100111010000000001000,41,13635ms
011101000000000010101100000000000010,000010100100011100000000000100001001,100000010011100001000000010010100000,000000001000000000010011101001010100,157,61105ms
111111101000000000000000000000000010,000000010010000010011001000000110100,000000000001000101100100011001000001,000000000100111000000010100110001000,156,7885ms
111101100010000100000000000000000010,000000010000001000101100110000001001,000010000100000010000000001011110100,000000001001110001010011000100000000,157,252ms
000110110000000000011100000000100001,011001000110000000000000000110001010,000000000000101000100011011001010000,100000001001010111000000100000000100,47,47648ms
110110111000000000100000000001000000,001000000000001000010110110000010010,000001000000000011001001001100001100,000000000111110100000000000010100001,177,195ms
110111010001000000001000000010000000,000000100000010001010000010000111010,000000000110000010000100001101000101,001000001000101100100011100000000000,177,11005ms
111011010000001000100000000000001000,000000000100010000010000110010100011,000100101001100010000100000101000000,000000000010000101001011001000010100,157,166ms
110010010010010000000100110000000000,000000100101000111101000000000000100,001001000000100000000010001011101000,000100001000001000010001000100010011,125,24617ms
100100000000101110100001100000000000,001000100010000000001110001100000100,000011010100010001000000000010010010,010000001001000000010000010001101001,125,26901ms
101101011000100000000110000000000000,000010100001000100001000001110000010,000000000010001010100000100001100101,010000000100010001010001010000011000,133,7622ms
110110000100001000001100100000000000,001001100000000010000011001010000100,000000011000100100100000010000001011,000000000011010001010000000101110000,156,2998ms
100111010010000001000000000000110000,011000000000001100000011000101000001,000000000001100010010000101010001010,000000101100010000101100010000000100,135,13949ms
100001101011000000100000010001000000,010100000100100000010000001100000101,000000010000011010001101000010010000,001010000000000101000010100000101010,96,1646ms
111011101001000000000000000010000000,000000010010001110001100010100000000,000100000100000000110001001001010100,000000000000110001000010100000101011,157,127ms
001101010000000000100110000000100010,100000000000010111000001010000001001,000000000101101000001000101110000000,010010101010000000010000000001010100,77,24428ms
101100111010000000000000010000000001,000010000100010110010100000100000010,010000000000000000101001101001101000,000001000001101001000010000010010100,157,327ms
011100111000000100000000100100000000,000001000101000000110100010011000000,000000000010101010001000001000100110,100010000000010001000011000000011001,80,19975ms
010111010000010000000100010010000000,000000101111000010010000101000000000,101000000000100000001000000100001111,000000000000001101100011000001110000,177,3208ms
111001111100000000000000000000000010,000100000000000100000000011111010001,000010000010000011000111100000100000,000000000001111000111000000000001100,144,348ms
101110011000001000100000000100000000,000000000000000110001110101000100001,000000000001110000010000000001011110,010001100110000001000001010010000000,137,10989ms
000000111000010000000100010000101010,010110000100100001000010000101000000,001001000001000100001000100010010100,100000000010001010110001001000000001,0,2094ms
110010011001000000000000000001001010,001000000110100010100001000000010100,000101000000000001001100001100100001,000000100000011100010010110010000000,157,764ms
001111110000010000010000000001000000,100000000000000011000000011100001110,010000001110100100000100100000010000,000000000001001000101011000010100001,102,40624ms
010111011000001000000000001000100000,000000000100100110001100010000000101,101000000001010000000010100100001010,000000100010000001110001000011010000,177,398ms
010001111000001000010000001100000000,000100000000100011101100000000100001,100000000100000000000000110011001110,001010000011010100000011000000010000,157,1371ms
001010100000001010010100010000010000,000001000110000001101000100000000101,110100001000100100000001000100001000,000000010001010000000010001011100010,132,5039ms
000111101001000000100100000100000000,000000000000100110010011010001000010,001000000100010001001000000010011100,110000010010001000000000101000100001,100,18052ms
001010011100010100010001000000000000,100000100000100000001000000111000110,000001000011001010100010100000100000,010100000000000001000100011000011001,97,28608ms
110100010101000000000000000101001000,001011000000110001000100000000100010,000000000010001110000011000010010001,000000101000000000111000111000000100,146,9186ms
011110010010010001000000000000010000,000000001001000010000000001110100110,000000100100100000011110110000000000,100001000000001100100001000001001001,136,34674ms
100101111000100000100000001000000000,001000000000001010010011000001100100,000010000110000100001100000100010010,010000000001010001000000110010001001,157,237ms
010101100000001001000000100000110000,001000010000010110010000010010001000,000010000010100000100110001001000100,100000001101000000001001000100000011,47,2628ms
