100011100000000000001010100011000000,010000010111001000000000001100100000,001100000000100101110001000000010000,000000001000010010000100010000001111,138,4414ms
000111011000000001011000000000000100,010000000000101000100010001000111000,001000000110000000000001010110000011,100000100001010110000100100001000000,101,4214ms
011111100000001000000000000001001000,000000010101010110001000010000010000,000000001010100000010010100000100110,100000000000000001100101001110000001,93,51986ms
110010101000000010011000100000000000,000001000000001000100000011010001110,001100010110100000000100000100100000,000000000001010101000011000001010001,157,1150ms
000101100000010011100001000000000010,011000000001100000001000000010101100,000010011000001000010000100101010000,100000000110000100000110011000000001,62,16732ms
100110011000000011000001000100000000,000000100110010100011000100000000100,011001000001101000000010000000000011,000000000000000000100100011011111000,156,11898ms
111110101000000000001100000000000000,000000000000100011100000011000010110,000001010101010000000001100000001001,000000000010001100010010000111100000,166,6560ms
110111010001000000000000011000000000,001000001000100101000100000100010001,000000000010000010101000100001101100,000000100100011000010011000010000010,161,12229ms
011101010001100100000000000010000000,100000001000011000101000001100100000,000010000010000001000011000001000111,000000100100000010010100110000011000,77,24218ms
110110100100000000101000000010000000,000000000000010100010111000000001011,000000000011001010000000011100110000,001001011000100001000000100001000100,153,10984ms
111111010000000000100000001000000000,000000000011110110001000100100000000,000000001100001000010011000010010010,000000100000000001000100010001101101,177,91ms
010010010001000010000001000010000011,001000101100000000000100000001111000,100001000010001101010000000100000100,000100000000110000101010111000000000,109,60999ms
100100111001000001100000000000001000,001010000010110000010001000100000001,010001000000001100001000101001010000,000000000100000010000110010010100110,111,4190ms
000111000100000010100000000010100010,100000101000010000001110000100000100,010000010000101101010000100000000001,001000000011000000000001011001011000,108,4211ms
001010100111000011000100000000000000,110000000000001000110000000110100010,000100010000010100001000001000011100,000001001000100000000011110001000001,56,14649ms
011100001000000110100000001000001000,100001000000000000001100100101000110,000000110110010000000000010000110001,000010000001101001010011000010000000,99,33383ms
100000000000111000010000010011010000,001000000100000001101100100000000101,000101101011000010000000000100001000,010010010000000100000011001000100010,116,4102ms
000011001000000101010000010000100001,110000000111100010100000000010000000,000000100000010000000010101100010110,001100010000001000001101000001001000,20,1881ms
011001011000100101000000100000000000,000100000011010000000100000001100011,000010000100000000101010010100001100,100000100000001010010001001010010000,112,8145ms
110100110010000100000101000000000000,001001001001000000100000000100010110,000000000000010010011010011010100000,000010000100101001000000100001001001,118,25998ms
100001111001000000001000000000001001,000110000000000001010011000011000010,010000000010010110100000001100100000,001000000100101000000100110000010100,143,2172ms
110111110000001000000000010000000000,001000000000110011010000100110000000,000000001000000000001111000001010011,000000000111000100100000001000101100,171,6331ms
111111110000000000000010000000000000,000000001000101000101001000010010010,000000000100010111010100100001000000,000000000011000000000000011100101101,156,810ms
111100011000000100001000000001000000,000000100001010001000100100010101000,000011000100100000100001000100010100,000000000010001010010010011000000011,157,47ms
000001001000000010111001100000010000,010000010010011100000010000000100100,000100100101000000000100001110001000,101010000000100001000000010001000011,63,6195ms
101101101011000000001000000000000000,000010000000001110010000010001110000,010000010000000001000101000110001001,000000000100110000100010101000000110,157,1127ms
101111010011000000000001000000000000,000000100000001110000000101001001010,010000001000110000011100000010010000,000000000100000001100010010100100101,164,644ms
010101100000000000010000101011000000,100000010000000100000111000000110010,001010001000010001101000000000000101,000000000111101010000000010100001000,95,22177ms
101001011000001010000001001000000000,010010000010000101000000000100100110,000000100000000000101110110000010001,000100000101110000010000000011001000,124,58927ms
000110001100100000000000010100001010,010001010000000000000110101011000000,000000100000011000111000000000010101,101000000011000111000001000000100000,65,20022ms
011001110010000000000101000000000100,000100000001011101000000010001100000,100010000000100000100010000100011010,000000001100000010011000101010000001,157,431ms
101010011000000100000000000000111000,010000000110001000000011010110000000,000000100000110001111100000000000010,000101000001000010000000101001000101,108,2076ms
010001010000000000010010011001100000,100010000010000100001000100000010110,000000101100001011100000000010000001,001100000001110000000101000100001000,82,6303ms
110000010000010100000011010100000000,000000101001000011000000000000101110,001010000100000000011000101000010001,000101000010101000100100000011000000,152,2467ms
000101001010001000000000011000001010,000000010100100001011000000101000100,001000000001010000100111000000010001,110010100000000110000000100010100000,33,793ms
101000000011000000000010110000000101,000001010000011001010000001010010000,010010101100100000001001000000000010,000100000000000110100100000101101000,137,889ms
011110111000000000001000000000001000,000001000100101000000000010001000111,100000000010010110110001000010000000,000000000001000001000110101100110000,177,597ms
001111010000001100000100000010000000,000000101001000000001001010100100010,100000000000110011100000100000001001,010000000110000000010010001001010100,144,2172ms
100101100010010000010100100000000000,000000000001001010000000010101100011,000000010000100101101001000010010000,011010001100000000000010001000001100,93,15384ms
000001111000100010110001000000000000,000100000000010001000010011000011001,110010000101001000001100000100000000,001000000010000100000000100011100110,157,374ms
001000001010001010101000000000101000,000010100000000101000000011010000110,110000000001010000010110000001000001,000101010100100000000001100100010000,120,345ms
010110101000000000000010001001100000,000000000011000010011000100010000101,000001000100100000100101010000001010,101000010000011101000000000100010000,79,35900ms
000100111000011000011000000001000000,110001000000000001000001100110000001,001010000100000010000000001000011110,000000000011100100100110010000100000,57,30330ms
100110101000010000000001000000010001,000001010000001100010000100010000110,000000000000000011001110001101100000,011000000111100000100000010000001000,117,8904ms
001110100010000101010000100000000000,110000000001100010000001010000001100,000001000000011000101000001001100010,000000011100000000000110000110010001,93,7836ms
101011011000000000000000000000011001,000100100000001010111000010100000000,010000000001100001000010000011100100,000000000110010100000101101000000010,157,3711ms
100001110000100001000110000000010000,000010000100011000100001011000000001,000000000011000110001000100000001110,011100001000000000010000000111100000,38,4092ms
101001111000000000000000010100001000,010000000000000110100111100000010000,000100000101000001011000001010000001,000010000010111000000000000001100110,157,3292ms
110010100101001000000000000000000110,001001010000000110110000010000010000,000000001000110001000110100010001000,000100000010000000001001001101100001,109,13408ms
000110101100010000001000000000110000,011000000010000001000011001001000010,000001010001001010010100010100000000,100000000000100100100000100010001101,61,5800ms
100000101100001100110000010000000000,001110000000000000000011100101010000,000000010011110001000100001000100000,010001000000000010001000000010001111,97,102595ms
100110110000000000000010000110000100,000000001100100101000001000001011000,000000000011001010101000010000100010,011001000000010000010100101000000001,141,28795ms
110111011100000000000001000000000000,000000100011110011000000010000100000,000000000000001100110000000101000111,001000000000000000001110101010011000,177,273ms
111000100000110010000000000001000001,000011010000000000100010001010010100,000100000011000101010001010000100000,000000001100001000001100100100001010,110,30791ms
011010100000001000100001000001000100,000001011001000100010010100000000010,000000000000110011000100001100110000,100100000110000000001000010010001001,87,31763ms
010000011000000100001100000000010011,001100000001011000100000011010000000,000010100100100010000001100001000100,100001000010000001010010000100101000,38,2041ms
100011000000000001100000110000001001,001000010001010110000000001000000110,010100001100100000001000000011010000,000000100010001000010111000100100000,157,972ms
001100010100100000100001000000001010,000011000010011010010000000100100000,010000001001000100000000001010010101,100000100000000001001110110001000000,85,15094ms
100010011000000000000010101010001000,011101100000000001010001010000000000,000000000110001110100100000100000010,000000000001110000001000000001110101,90,177390ms
011110101100000000000001010000000000,000000010010010100001000001010000110,100000000001001001100100100001000001,000001000000100010010010000100111000,177,582ms
000110100010000011100000000100001000,010000010001000100001101000000000011,100000000100011000010010110000000100,001001001000100000000000001011110000,149,6991ms
000011000000001101000100010100100000,110100101001010000000001000000001000,000000000010000000100010101010000111,001000010100100010011000000001010000,15,2168ms
110011001000000000000010110000001000,000000110000000101000101001001000100,001100000111000000110000000010000001,000000000000111010001000000100110010,157,109ms
110011110000010010000000100000000000,001000001011000000111010000000000010,000000000100001000000100001111011000,000100000000100101000001010000100101,157,5174ms
111000010000000000001110011000000000,000000100001011011000000000100010001,000000001110000000110000100010100100,000111000000100100000001000001001010,157,1345ms
101111001000010001001000000000000000,000000110010100100010001010010000000,000000000100001000000100001001110101,010000000001000010100010100100001010,153,5193ms
000101010000000001110001000100000100,000010000001010000000110010011010000,010000001110000110001000001000000010,101000100000101000000000100000101001,92,6910ms
000010100000010000001100011110000000,010001000000001000110000000001101100,100100001100000011000011100000000000,001000010011100100000000000000010011,107,11782ms
000001110110000101010000000000000010,010010000000011000001100001010000100,101000000001100000000001010100011000,000100001000000010100010100001100001,146,1457ms
110000110010010000000000000000101100,000001000000000010000011000111010010,000000001101101001110000001000000000,001110000000000100001100110000000001,136,15311ms
100001011010000000000001001000000110,000000000000001110001010000010101001,001100000001100000110100100000010000,010010100100010001000000010101000000,102,12526ms
010010101000000000010000100000100101,000000000010010000001101000011001010,100001010000000111100010001000000000,001100000101101000000000010100010000,157,10730ms
001110010000010001000000100010000010,000000000100001000110100001000101100,110001000000100000001011000001000001,000000101011000110000000010100010000,147,12883ms
011100110000000000000010110001000000,000000000001010001100001000010010011,100011001010000010000100001000100000,000000000100101100011000000100001100,137,7433ms
100111001000001101000000100000000000,000000000000110000100011000101011000,001000010001000010001100001010000100,010000100110000000010000010000100011,116,15137ms
011110011100000000001000000000000010,100000000001000111100001010000100000,000000000010110000000110100010010100,000001100000001000010000001101001001,110,61710ms
001100101000110011000000100000000000,000011000000000100111010010000000100,100000000110000000000000000011111010,010000010001001000000101001100000001,133,45467ms
001100100010000000010011100000100000,100000000100000100001100011010000010,000001011000010001100000000100010001,010010000001101010000000000001001100,68,89198ms
110011100000010110000000000100000000,001000010100101000000001001000010100,000100000001000001010010000011100001,000000001010000000101100110000001010,133,1370ms
001011000101000011000110000000000000,110100100000000000101000110000000100,000000001010001100000000000011100011,000000010000110000010001001100011000,22,112495ms
110110011000001000000000011000000000,001000100100000100100100000100100001,000001000011000011010001100000010000,000000000000110000001010000011001110,135,29877ms
110000100010000000000100010100100001,000001010000100100001000000011010010,001010001001001001000010100000000100,000100000100010010110001001000001000,130,16455ms
100101101000010000000000010000010001,000010000000001110010011000101000000,010000000010000001101100001010000100,001000010101100000000000100000101010,127,3005ms
111011110010000000000000000000100000,000100000000010110100010100101000000,000000001100101000001000000000011101,000000000001000001010101011010000010,144,1586ms
110101011000000000010010000010000000,001000000000101101000000110000000011,000010000100010010001100000101010000,000000100011000000100001001000101100,157,103ms
100000111010000010000010100001000000,001110000000100101010000010010000000,010001000000011000100100000100101000,000000000101000000001001001000010111,122,7747ms
100001101000000000001000010000100011,010100010010011100100010000000000000,001000000001000000010000101010011100,000010000100100011000101000101000000,83,29630ms
111001111000000000001000000010000000,000110000000000110000010010100100100,000000000110101000000000101000010011,000000000001010001110101000001001000,123,8817ms
101110000000100010000011000100000000,010001010000010101000000100001001000,000000100100000000111000010000000111,000000001011001000000100001010110000,150,1138ms
000010110001000000000010010010100100,001000001010010001110001001000000000,010001000000001110000000100001001010,100100000100100000001100000100010001,12,8221ms
110110101000001000010000000001000000,000000000100100000100000101010111000,001001010001000010001000000100000101,000000000010010101000111010000000010,162,9079ms
001011110100000000100000011000000000,110100001010010000011000000000001000,000000000000101000000101000111000011,000000000001000111000010100000110100,73,55112ms
110110110000000100000000000000000101,000000000000001000100001111011100000,001000001011000001000100000100010010,000001000100110010011010000000001000,173,3083ms
001101000000010000010100001000010001,100010110100001011000000000100000000,000000001010100000001001110001001000,010000000001000100100010000010100110,15,4017ms
011100010000000000110001000100100000,100000000000001100000010101000011010,000000101011000011000000010010000001,000011000100110000001100000001000100,110,4029ms
010001111000100100101000000000000000,001000000001000001000000110011000110,100000000100010010000010001100010001,000110000010001000010101000000101000,157,1615ms
011100011001100000000100000000000100,100000100000000101010001000010100010,000001000010001010001000101101000000,000010000100010000100010010000011001,93,2353ms
011001000000011000000101000000001100,000110011010000110000010001000000000,000000100100100001110000000011010000,100000000001000000001000110100100011,69,20302ms
000111010000000001000101110000000000,110000100000000010110000000000001011,001000000011010000000010000111000100,000000001100101100001000001000110000,70,22988ms
011000100000000001100000011000001010,000001000001001010011001000010000100,000110001010010100000000100100100000,100000010100100000000110000001010001,128,2763ms
111001100000100000100000000001000010,000100001001000011010000010100000100,000010010000001100001111000000100000,000000000110010000000000101010011001,120,9039ms
011001001000000100100001100000000010,000000010001011011000000010000100001,000000100110000000010110000011000100,100110000000100000001000001100011000,106,6643ms
110101111000000000000000000000101000,000000000110010001010001101001000000,000010000000000010001110000100010011,001000000001101100100000010010000100,157,248ms
111011010000100000000010010000000000,000000000100000011011100000011000100,000100000001011000100000100100001010,000000101010000100000001001000110001,157,436ms
010010110001100000000010000100001000,001001000010000010001001100000100001,000100000000001101100100001001010000,100000001100010000010000010010000110,68,5863ms
000010010000000010101100010001100000,000000001001000000010001001110001100,101100000110010101000010000000000000,010001100000101000000000100000010011,128,19220ms
100111110010000000000010000000000100,001000001000000001100000000001101011,000000000000000010011101110010010000,010000000101111100000000001100000000,104,11182ms
110110001000000000100100000000010001,000000010110001100000001001100000100,000001000000100000011000110011000010,001000100001010011000010000000101000,177,974ms
111011001000000100100000000000000001,000100110001001000000000010100001100,000000000110000010011000000011110000,000000000000110001000111101000000010,157,2177ms
101011111100000100000000000000000000,010000000001100010011100000100100000,000100000000000001000010011001001011,000000000010011000100001100010010100,157,641ms
110001010000000100000001000010000011,000100000011001000100010001001000100,001010001000100010001000110100000000,000000100100010001010100000000111000,142,1453ms
011111000100000000000100000000100100,100000010000010010010010001010010000,000000001000101100001001000100000011,000000100011000001100000110001001000,113,7844ms
101110011000001000000010000100000000,000001100000010100100101000000000110,010000000100000011010000011000101000,000000000011100000001000100011010001,163,921ms
000001101000000001001001001001100000,100000000000010010110010000000001110,000000010111001000000000110000010001,011110000000100100000100000110000000,0,390ms
011000010010100010000000100001010000,000000100000011000010000010110100100,100011000001000000100111000000001000,000100001100000101001000001000000011,146,5652ms
011000011000010000100010000000100100,000001000010100000001101001000011000,000000100001001011010000000011000001,100110000100000100000000110100000010,74,3356ms
100110010000000001010000100000010010,010000001100011000101010000001000000,000001100000000010000001011100101000,001000000011100100000100000010000101,114,12332ms
111111111000000000000000000000000000,000000000110010100000010001000101010,000000000000001011001001010110010000,000000000001100000110100100001000101,177,82ms
110101100000010000000000010010001000,000000011010001000011001000100100000,001010000001000010100000001000010011,000000000100100101000110100001000100,127,1517ms
011101101001000000000010000001000000,000010010100000001000000000110101100,100000000000001110110000010000010001,000000000010110000001101101000000010,157,10934ms
110100111000000010000000000011000000,001000000000010001101001000000110010,000010000100001100000110001100001000,000001000011100000010000110000000101,157,49ms
101000001000000000010101000011010000,000000000010001000101000010100001101,010101010000100101000000100000000010,000010100101010010000010001000100000,141,33355ms
011011101010000000000010000001000000,000000010000111001000000011000000011,100100000100000110100000000000110100,000000000001000000011101100110001000,157,62ms
100000110010000111100000000000010000,010101000100110000011000100000000000,000010000001000000000001000101101110,001000001000001000000110011010000001,75,111798ms
001111001101010000100000000000000000,100000100000000000000101010000010111,000000000000000110011010100111000000,010000010010101001000000001000101000,108,38120ms
000100100100100010100000011000000100,000001011000000100000010100010000011,000010000010000001000101000101101000,111000000001011000011000000000010000,45,5091ms
101100000010101000000000110000001000,000001010000000000101100000111000010,000010001000000101000010001000110001,010000100101010010010001000000000100,69,22714ms
111101011000000000010000000001000000,000010000011100001001101000000100000,000000100000010110000000110110000100,000000000100001000100010001000011011,157,195ms
100001001010000000100010000000111000,000110000000010001001000000011000011,011000010100001100000100010100000000,000000100001100010010001101000000100,157,1060ms
111010100000000100000000010000010010,000000011000011010000010001011000000,000001000101100000111000000000101000,000100000010000001000101100100000101,157,100ms
011011100000001010100000010000000000,000000010010100100010000000000101101,000100000100010001000010001011000010,100000001001000000001101100100010000,112,9767ms
011110110000010000100000000010000000,100000000001001100000111000001001000,000000001010100001001000011000000011,000001000100000010010000100100110100,94,6332ms
111101010000010000000001100000000000,000000101110001010000010000000101000,000010000001100001001000001100000011,000000000000000100110100010011010100,129,9141ms
010111000010000000100000010100001000,001000000001001100011001000000110000,100000110000000001000110000011000001,000000001100110010000000101000000110,177,90ms
110010111000100000001010000000000000,000000000000000001110000001101001011,000100000100010010000100000010110100,001001000011001100000001110000000000,141,10517ms
101111101000000000000000000000100010,000000010001000100101100011000000100,010000000000110010000010000101011000,000000000110001001010001100010000001,177,115ms
110011111000000000000000010000000001,001000000010001001001000000011011000,000100000000100110100111000000100000,000000000101010000010000101100000110,157,1350ms
101010101000010100000000100001000000,000100010110000000000011000000011010,000001000000101001001100010100000001,010000000001000010110000001010100100,108,2687ms
111100110001000000000001000000000010,000000001100101000010000001100001100,000010000010000010000010110011000001,000001000000010101101100000000110000,136,1179ms
111101001000000001010000000000001000,000010100001001000000000110100010100,000000010100000100001011000011000001,000000000010110010100100001000100010,144,1634ms
110111111000000000010000000000000000,000000000011100000000010001110110000,001000000000010100000101100000001110,000000000100001011101000010001000001,177,3314ms
101000010000001000000101100100001000,000011100000100101001010000000000010,010000000101000010100000000001110100,000100001010010000010000011010000001,157,4126ms
010001101110001000000001000100000000,101000000000100100000010010001010010,000110010000000000110000100010100100,000000000001010011001100001000001001,128,7640ms
111111011000000100000000000000000000,000000000110000010000000011010110010,000000000001001001010110100001000001,000000100000110000101001000100001100,156,1160ms
101100001000000010100000001101000000,000001000110100000001000010000101010,010000000000011101010100000010000001,000010110001000000000011100000010100,143,354ms
101101001001000000000000000000011100,000000010100001011100100100000000001,010000100010110100000000001001000010,000010000000000000011011010110100000,132,12686ms
000101110010001010000000000000100001,000000000000000100101110100010001100,010000001101000000000001011100000010,101010000000110001010000000001010000,94,6512ms
100100011000000001010000100100000001,000001000000101100100110001001000000,000000100001010010001001000000001110,011010000110000000000000010010110000,78,6153ms
011101100100100000100100000000000000,000010001010000000000000111100101000,100000000000001101000010000011010010,000000010001010010011001000000000101,157,3270ms
000000110001100000100000101010001000,001001000000000111000110010001000000,100110001000000000010000000000110011,010000000110011000001001000100000100,139,1959ms
100110001000001000110000000100000010,000001110010000000000010111010000000,010000000100100111000001000000100001,001000000001010000001100000001011100,177,341ms
100110000011000100100000011000000000,010001110000010000001000000000100101,001000001000001000010001100000011010,000000000100100011000110000111000000,108,41516ms
100101110000000000000100011000000100,000000000001101100100001000101100000,011000000000000000011010100010001001,000010001110010011000000000000010010,132,21487ms
010101110000001000100000000000100001,001000000100000100001100110001001000,100000000000010010000010001110010010,000010001011100001010001000000000100,157,1934ms
001000011001001000000110001100000000,100001000000010111000000100000000101,000100100100100000110000000011010000,010010000010000000001001010000101010,93,604ms
100010001000110000000100001100000010,001101010010001000100000000010001000,000000000001000010010011100001100001,010000100100000101001000010000010100,59,5149ms
000010111000100000011000100000000001,010001000100000100000100010110001000,001000000011001000000011000001100010,100100000000010011100000001000010100,22,5701ms
101010111000000000011000000000100000,000000000010100011000000001001010011,010100000001000100000110010010001000,000001000100011000100001100100000100,140,1078ms
000000000001111001010100000000000101,001000001000000000101011001000011000,110111000010000000000000000010100010,000000110100000110000000110101000000,131,31968ms
110111001000001000000000100000000100,001000100010000010010000010000010011,000000000001110101101000001000001000,000000010100000000000111000111100000,162,6781ms
010100010101000000000110010001000000,000010001010100001110000000100000100,101001000000010000000001101000010001,000000100000001110001000000010101010,133,1564ms
111000001010000100000001000010100000,000100010001000000000000010101011001,000010000100111010001100001000000000,000001100000000001110010100000000110,157,1973ms
110100100001000001000000010010010000,000001001100100000001110000000001100,001010010000000010000001100100100010,000000000010011100110000001001000001,143,1209ms
001110111010000010000000000000010000,100000000000000100010001000101101010,000000000100011000101110001000000100,010001000001100001000000110010000001,108,42821ms
111111101000000000010000000000000000,000000000100000001000101001110100100,000000000000111000101000100001001010,000000010011000110000010010000010001,177,110ms
001101111000010010000000000010000000,100010000010000000010010010100000011,010000000101001000101001000001001000,000000000000100101000100101000110100,110,17914ms
010010001000010001000000001001000110,001000010101000000001001010100001000,000001000010100110000110100000000001,100100100000001000110000000010110000,24,3605ms
011100100100000010100010000000001000,000000000011000001001000010101010010,000001000000010100010100101000100100,100010011000101000000001000010000001,80,19919ms
000111101010000100000000100000000001,100000010100001000000100010010001100,000000000000110011010010000100100010,011000000001000000101001001001010000,72,12716ms
000000111010001100000000101000000001,000101000000000000010111000000101010,100000000001110001001000010001000100,011010000100000010100000000110010000,40,15322ms
101111011001000000000000001000000000,000000000000010111010001100000000011,010000100110000000100110000000011000,000000000000101000001000010111100100,177,74ms
101101000100010010010000000000000100,000000000010001101000010000001001011,010010100001000000101000010100100000,000000011000100000000101101010010000,157,212ms
000110111000001001101000000000000000,011001000100100000000000000010110001,100000000010000010010010101100001000,000000000001010100000101010001000110,127,88330ms
011010110010010000001000000100000000,100100000000000001010010011000101000,000000000001101100000001000001000111,000001001100000010100100100010010000,63,25617ms
010000111000100001010010000000010000,000000000011010010000000100011001100,000111000000000100001001010000000011,101000000100001000100100001100100000,75,8963ms
010100110010001000000000010000011000,100010000000100001000001001010000011,001000001001000010001010100001000100,000001000100010100110100000100100000,59,2590ms
001000000000000000101100000101110010,000010100100000100000000110010000101,110000001010010011010001000000000000,000101010001101000000010001000001000,139,17773ms
000011011000000001001000101000000100,111000000000000010000001010101100000,000000100101001100000100000010011000,000100000010110000110010000000000011,39,6384ms
110000011000000010100000001000010001,001000100011010101000000100001000000,000100000000100000011101010000100010,000011000100001000000010000110001100,157,15446ms
011101001000011000000000001000000001,000000000001100110011011000000010000,000010010110000001100100000100000100,100000100000000000000000110011101010,116,40417ms
111111001000000000000000000000001010,000000100100000100000111000010100100,000000010010100001001000001101000001,000000000001011010110000110000010000,177,96ms
010011101001000000100100100000000000,000100000110010001011010000010000000,101000000000100010000000010101110000,000000010000001100000001001000001111,157,406ms
111110010000000010000000100000100000,000000001000010000011100001100011000,000001000110000000100011010010000001,000000100001101101000000000001000110,177,742ms
011110010000000000001000001100010000,100000000101111001000000010000100000,000000100000000010000011100011000110,000001001010000100110100000000001001,114,10744ms
001000100010100000001000111000001000,000000001000010110000110000011000001,110111010100000000000001000100000000,000000000001001001110000000000110110,177,150ms
001110011000000000000010000000000111,000000000010010010001101100001100000,100001000000100101110000000010001000,010000100101001000000000011100010000,136,4736ms
011100111000000000001100010000000000,000001000001100011010010100000000010,100000000100010100100000000101001001,000010000010001000000001001010110100,157,1003ms
111001000000010000000000110101000000,000000001000000100110100001010000101,000010000011100011000010000000001010,000100110100001000001001000000110000,109,4458ms
110101010010000100000000000100000001,000000000100010001110011001000010000,000010001001100000001000000011101000,001000100000001010000100110000000110,157,1122ms
111000101000100000000010100000000010,000101000010000101001001000000101000,000000010001001000110100001110000000,000010000100010010000000010001010101,157,141ms
010111011010000000000010000010000000,000000000001010100000001110100010001,001000000100100010110000001000100100,100000100000001001001100000001001010,125,7630ms
011111101000010000000000000001000000,000000000011000111001000000000101100,000000000100000000000011001110010011,100000010000101000110100110000000000,142,47940ms
010111111000000001000000000001000000,001000000110000000101011000010001000,000000000000010110000100011100100001,100000000001101000010000100000010110,118,30800ms
010000001010101000000000011000101000,101100110000000011100001000000000000,000001000000010100011110100010000000,000010000101000000000000000101010111,10,5662ms
010000100010000010000001110010010000,000001001001100001000000001101000010,100010000100010100001110000000000001,001100010000001000110000000000101100,83,5603ms
110010011000101000100000001000000000,001000100000000101000100110001000100,000000000110000010011010000010010001,000101000001010000000001000100101010,157,2349ms
111011100000000000110000000000001000,000000001111100000000000011001010000,000000010000011110001000100010000001,000100000000000001000111000100100110,136,372ms
000100011001001100000000001000010010,100000000000010010100101010100001000,001000000110100001001000000001100100,010011100000000000010010100010000001,0,10010ms
111101101000000000000000010000000010,000000000001000010001001001111000001,000000010010111000110000100000001000,000010000100000101000110000000110100,157,373ms
101000111000000000110000010100000000,000000000010111110000001000001000010,010001000001000001000100100010001001,000110000100000000001010001000110100,157,75ms
011010010001000001000000001100000010,100100000000001000010110100000010100,000000001100010110000001000001101000,000001100010100000101000010010000001,87,13683ms
001111100000010010000001010000000000,100000000000001000110010000000101011,010000010100000000000100001011010100,000000001011100101001000100100000000,116,33068ms
010010100000100000000010000100011100,000001011000010110110001000000000000,001100000100000001000100000011100010,100000000011001000001000111000000001,68,128243ms
111101000000000000000101000000001010,000000000010101001101000000110010000,000000100001010000010010110000000101,000010011100000110000000001001100000,141,5690ms
011111110000000000001001000000000000,100000001000000001000110111010000000,000000000011110100010000000001010001,000000000100001010100000000100101110,111,37004ms
101101111000000100000000100000000000,010010000101100000001000001000100001,000000000010001011110111000000000000,000000000000010000000000010111011110,132,40980ms
100100010100000000100100010000000110,001010000000010001000000001011001001,000000100010000110010011000100100000,010001001001101000001000100000010000,122,3627ms
000011100000100000000010000001001011,001000001000001000101100010010100000,100100010010010001010001100000000000,010000000101000110000000001100010100,95,83621ms
011011010000000000000001011000000100,000100100000000000100110100000010011,000000001011001101000000000111000000,100000000100110010011000000000101000,103,35241ms
011010000000100010000000001000010110,000101111000000001000000010010000001,100000000011000000101000100101100000,000000000100011100010111000000001000,129,4456ms
000101011000000010100000001000011000,001000000010011100010100010000000100,010010100001000000001001000100000011,100000000100100001000010100011100000,77,10948ms
000110000001001000010001001000100001,011001000010100000001100000100000100,100000100100010001100000100001001000,000000011000000110000010010010010010,108,795ms
000000010100101000000000001101010010,000001000001000010101001010000100001,001100100000010001000110100000000100,110010001010000100010000000010001000,55,15940ms
100101001001000000001001000010000010,001000000010001000100010000000101101,010010100000110010000100010001000000,000000010100000101010000101100010000,132,3060ms
011010101000000000001100000100000100,100000000010001000010000011000110010,000001010100000000100011000011001000,000100000001110111000000100000000001,121,16102ms
111001001010001000000000010000100000,000000000000000110001110000100000111,000000110000110001000001100010001000,000110000101000000110000001001010000,100,3624ms
001100011010100100000010000100000000,000010000101000011001001010000100000,110001100000000000010100000010010100,000000000000011000100000101001001011,157,2588ms
010100101100011000000000000100000010,001000000001000000101001100010101000,000011010000100000000110000001010001,100000000010000111010000011000000100,108,34695ms
110101000000000000000000001001110100,000000100011010000000010010110000001,000000010100101001110000000000001010,001010001000000110001101100000000000,135,16857ms
101011001011100000000000100000000000,000100000100000001100000010011010100,000000010000001000011101001000100010,010000100000010110000010000100001001,95,5680ms
000101000000001111001000100000100000,001000000100000000000110011110001000,000000011001010000110001000000010001,110010100010100000000000000001000110,0,1270ms
100011101000010000000100000000001010,000000000110000000000010010111100100,011100010001000100000000101000000001,000000000000101011111001000000010000,111,22074ms
000000101001000000110011000000101000,000110000000101001001000100010000001,011000000000010010000100010001010100,100001010110000100000000001100000010,30,1197ms
011011110010010000010000000000000000,000100000100000000000001011111000010,000000001000000111101000100000010001,100000000001101000000110000000101100,98,8257ms
101011101100000000000010000000000010,000000010000100010100100010001010100,000000000010010101001000000110101000,010100000001001000010001101000000001,143,2701ms
010000101000010000010100001000011000,001110000100000100000000010010100010,100000000001001000100011100100000001,000001010010100011001000000001000100,123,16592ms
101000100010000001000000010110000001,000101000100100000000101001001010000,000010011000010000000010100000100110,010000000001001110111000000000001000,120,2457ms
100111100001000001000000001001000000,001000000110101000000100000010001010,000000010000000000110011100100010100,010000001000010110001000010000100001,152,5561ms
000001100000000010001001000010010011,010000011010000001110100100000000000,001110000100011100000010000100000000,100000000001100000000000011001101100,70,72783ms
010001011000000000100001000000001110,000110000001010100010100000010000001,000000000110100010001010110100000000,101000100000001001000000001001110000,80,17610ms
101011100110000100001000000000000000,010100001000000001110110000000000100,000000010000011000000001000111010010,000000000001100010000000111000101001,116,48458ms
110001011000000000010000100010000001,001010000001010001000000000001110100,000000100100000010001001011100000010,000100000010101100100110000000001000,143,14836ms
111111100000000000000000000000001100,000000001111000000010110100000100000,000000000000110001001001010100000011,000000010000001110100000001011010000,166,4115ms
011010011000001001000000010010000000,000100000010100000101001000001001100,000000000000000110010110000100110010,100001100101010000000000101000000001,81,30596ms
010111001100010000000000010000001000,100000100000000100110001000101000010,000000000011000011000110100010000100,001000010000101000001000001000110001,97,27879ms
111010011000000000000000010100010000,000001100100010001011000000000100001,000100000001101110000100100000000010,000000000010000000100011001011001100,143,903ms
100100000000000010010110110000100000,000001000100110001101001000000010000,001000011001000000000000000010001111,010010100010001100000000001101000000,78,95795ms
100101011000000011000100000000100000,010000000011100000000010001010010100,001000100100001100101000100000000010,000010000000010000010001010101001001,138,3049ms
110011000100000100011000000000000010,000100010010001010000011000010100000,001000100001010000100100000100010100,000000001000100001000000111001001001,157,47ms
110101001000100010000100000001000000,000000000011001100000001000000110011,001000110100010001010000001000001000,000010000000000000101010110110000100,137,22003ms
100001100000011001000010010000000100,001000000000000000110000100110101001,000000010110000110001001001001000000,010110001001100000000100000000010010,61,41912ms
111000110000000001000001100000000001,000001000001110010000010000000011100,000010000100001100111000000000100010,000100001010000000000100011111000000,157,258ms
111110000000100000010000000001100000,000001010001000001100000111000001000,000000000000011110000111000100000010,000000101110000000001000000010010101,159,2940ms
100111010100011010000000000000000000,000000101000000100001010100001011000,010000000001000000010100010110100001,001000000010100001100001001000000110,177,1536ms
010001100101000000001000100100010000,000000011000010010000110000011000010,000000000010100000110000011000001101,101110000000001101000001000000100000,79,3280ms
011010111010000000100000000000000100,000001000001000000011000001100001011,100000000000100010000111100010100000,000100000100011101000000010001010000,157,422ms
111000000100010000000001000001110000,000110110000000100000100000000000111,000001000001100000100010111000001000,000000001010001011011000000110000000,127,1770ms
111010001000000000010000110010000000,000101000000011010000001000000100011,000000000101100100001010000100010100,000000110010000001100100001001001000,157,6400ms
001100111000000010000000000011001000,000000000110001001011101000000000100,110010000001110100000000010000000010,000001000000000000100010101100110001,146,18949ms
110001000000110010000101000000000010,000100101100000000110010000001010000,001000010000000100001000110100001100,000010000011001001000000001010100001,121,6181ms
010100011000100010000000000000010011,000010100000000100011000010111000000,000000000100001000100111101000001000,101001000011010001000000000000100100,62,22535ms
100100001000010011100100000000000100,000000100011000100010011000010100000,001001000100101000000000101100000010,010010010000000000001000010001011001,111,15960ms
101110101010010000000010000000000000,000000010100100000011000101000010100,010001000000000001100101000100100001,000000000001001110000000010011001010,177,390ms
110000111000000001010100000001000000,001000000100100000000011110110000000,000000000010011110000000001000010011,000111000001000000101000000000101100,96,14584ms
101011000100010010000000000010100000,010000100011100000100000100100000001,000100010000001001000010010000010110,000000001000000100011101001001001000,112,3608ms
000010000100000110100000000100101010,100000110011001001000000100000000001,011001001000000000001010011000010000,000100000000110000010101000011000100,108,30183ms
101111000000010000000001000100000100,000000000001001100001110100010100000,010000001100000011000000011001001000,000000110010100000110000000000010011,170,260ms
000111001001000100000010000100010000,100000000000000010110100000001001011,000000000100111000001001011010000000,011000110010000001000000100000100100,65,22042ms
010100001011010000000010100000000100,100000010000100010001000011000100001,000010000000001001110100000100011000,001001100100000100000001000011000010,69,6237ms
001000111100110000100000000001000000,110100000001000100000001000010100010,000001000000001011000110010000010100,000010000010000000011000101100001001,49,6992ms
011001100100000010000101000000001000,000100000000111100000000001010100010,100000001000000000111010010000010100,000010010011000001000000100101000001,157,2633ms
110110010000000000000000001100100010,000001100000000010011000100001001100,000000000110011100000011000000010001,001000001001100001100100010010000000,152,14828ms
010110010010010000000011100000000000,100000101001000110000100010100000000,000001000100101001010000001010000010,001000000000000000101000000001111101,102,15718ms
111011011000010000000000000000010000,000000000011001101000110000000000101,000000000100100010010000111000101000,000100100000000000101001000111000010,157,18901ms
011110100000000000000010100000100001,000000000011001001100000001010011000,000000010100110100011100000000000010,100001001000000010000001010101000100,97,31656ms
001001011010000001101000000010000000,000100000101010010000000100001100100,100000000000001000010101001100011000,010010100000100100000010010000000011,121,6932ms
110100010001000100000000100000001010,000000000100101010100000001000110100,001001001010000000001100010110000000,000010100000010001010011000001000001,136,726ms
010011100000100101000000000000001010,000000000010011010010101110000000000,001000010101000000101010000001000001,100100001000000000000000001110110100,80,204532ms
001110001100000000010010010001000000,100000000001010001100100000110100000,010000110000100010001001000000010100,000001000010001100000000101000001011,114,3470ms
001111110000000000000100010000000010,110000001000001101000010000001001000,000000000100010000111001100000110000,000000000011100010000000001110000101,117,41273ms
001011011100100000000000000010001000,000100100010010000100110011000000000,110000000000000111010001100100000000,000000000001001000001000000001110111,157,7188ms
011011001000010000101000000000000100,000000100101000011010011000010000000,000000000010101000000100000101111000,100100010000000100000000111000000011,89,47233ms
101001001000000100000001000001001010,010100000010001010010100100010000000,000000010001000000101010001000100101,000010100100110001000000010100010000,95,13584ms
101010000000100000000001100100000101,010001000010001100000100011010000000,000000110001010001110000000000110000,000100001100000010001010000001001010,115,1621ms
011111011010000000000000001000000000,000000000001100000010010010011000101,100000100100010110001001000000010000,000000000000001001100100100100101010,177,363ms
101010010100010100000100000100000000,010000000000100010000001110011100000,000001000000001001100010001000001110,000100101011000000011000000000010001,144,365ms
001101101001001100000000000100000000,000000000010110010010000101000010010,100010010100000001101000010000000001,010000000000000000000111000011101100,157,9279ms
011000111000001000010000000010000100,000000000011100001000001101000001010,000001000000010010101110000000110000,100110000100000100000000010101000001,81,9174ms
110001101000000001000100000100000100,000100010111001000000000010000101000,001010000000100000101010001001010000,000000000000010110010001100010000011,157,998ms
001101001000010000010010001000000100,000000100001100110000001000001010010,100000010000001001001000110010100000,010010000110000000100100000100001001,104,9202ms
101010110100000000000010000011000000,000001001001010000000101000100100010,000000000000001011010000100000011101,010100000010100100101000011000000000,92,35237ms
011111010001010000000000000000000010,000000101000101000000001100001001001,100000000100000111001000001000100100,000000000010000000110110010110010000,177,856ms
011100101000000000001000000001010010,100010010000100011000010000110000000,000000000110001000110001101000100000,000001000001010100000100010000001101,102,12691ms
001001111010000000000000000110100000,010000000001010101011010000000010000,000000000000001010100000111001000011,100110000100100000000101000000001100,73,16944ms
101111100000000000010110000000000000,010000000101000110000000001010000101,000000001000001001000000110101101000,000000010010110000101001000000010010,138,1148ms
111110100011000010000000000000000000,000001010100100000011000100000001100,000000001000000001100101000011110000,000000000000011100000010011100000011,151,2140ms
011110001001000000000000000011010000,100000000010010100011011000000000010,000000100100001010100100100000100100,000001010000100001000000011100001001,127,5528ms
011100000010001101000100000000000010,000011100100100000110000000100001000,000000011001010000001001000001010100,100000000000000010000010111010100001,42,3691ms
010110100000100000101010000001000000,001001000100001000000001000000100111,100000011001000111000100010000000000,000000000010010000010000101110011000,155,48229ms
101001110100000000000100001000000001,010100000000000001101000010010010010,000000001010011000010000100001101000,000010000001100110000011000100000100,108,2470ms
010110011000000000000010001000001100,000001100100100010000100000001000011,000000000011000001011001010000110000,101000000000011100100000100110000000,64,14822ms
001011111000000000000000100000011000,010000000000000010001000000101100111,000100000101010101100000011000000000,100000000010101000010111000010000000,94,34679ms
001100001000100000001011000010000010,000000100101011001010000001001000000,110011000010000010100100010000000000,000000010000000100000000100100111101,157,4470ms
001101011000010000000100100000000001,100010000011000011000000000011100000,000000000100100000011001010100010100,010000100000001100100010001000001010,85,16073ms
100010110000010001000110000000010000,010101000100001000010000000011000100,000000001010100110001000100000001001,001000000001000000100001011100100010,50,4757ms
010110111010000000000000001000001000,101000000001100000100001100011000000,000001000100010010001000000000110110,000000000000001101010110010100000001,98,21497ms
010011111000100000100000000001000000,000100000001000000010001110010001001,001000000000010001000010001000110110,100000000110001110001100000100000000,88,14185ms
010101101000000110000010100000000000,100000000101100000001100001110000000,001010010010001000100000000001010001,000000000000010001010001010000101110,101,41206ms
110101110001000000000000100100000000,001000000110001101000000010011000000,000010001000010000110100000000110010,000000000000100010001011001000001101,157,128ms
110010110000100010000000001010000000,001100000100001100001000010000100010,000001000001000001010010100101010000,000000001010010000100101000000001101,143,2210ms
001011100100000001000000100001010000,000100010000010000110100010010000100,110000000001100100000000000100001011,000000001010001010001011001000100000,157,7861ms
011101000001100000010010000001000000,000000001000011100101000011000100000,100000100100000011000001000000001101,000010010010000000000100100110010010,128,9003ms
100000100100000110100000001000100001,001100000010010000001001100000001100,000001011000101000010000010010010000,010010000001000001000110000101000010,108,708ms
010111100000001000010000100000000001,001000010000000110101000001000110000,000000001101110001000001000010000010,100000000010000000000110010101001100,90,25190ms
011101011000000010100010000000000000,000000000110100000001100010001000101,000000100001000001000001001110100010,100010000000011100010000100000011000,85,22490ms
101110110000000000000000010000100100,000001000101101000001000101000000001,010000000000000110000110000101010010,000000001010010001110001000010001000,177,391ms
111110001000000000010100000000000010,000000000001001100001000101001100100,000001100100110001100010000000000001,000000010010000010000001010110011000,177,283ms
010011011000100001100000000000000010,001000100110001000000001000101010000,000100000001010010010110100010000000,100000000000000100001000011000101101,68,42895ms
010101000000101000001010000000000101,100000101000000000100000111000001010,001000010111000001010101000000000000,000010000000010110000000000111110000,72,101558ms
000010011100100000101000011000000000,000001100011000010000000000100010110,000000000000011101010001000001101000,111100000000000000000110100010000001,24,119963ms
110011101000000000010000000000001001,000000010111101100000010000000100000,000100000000000010001001011010010100,001000000000010001100100100101000010,116,9475ms
110111000000000010000000100100000001,000000100111000000000110001001010000,001000001000101000111000000000101000,000000010000010101000001010010000110,177,35ms
001010011000001000000001011100000000,100000000010000010010000100001100101,000100000101010101100000000000010010,010001100000100000001110000010001000,82,8486ms
101001101000000110011000000000000000,000010000100000000000000000010111111,000000000001100001100011001101000000,010100010010011000000100110000000000,113,126298ms
001001110100000000000000100010000110,000100000001110000100010001000001001,100010001010001001000001010001000000,010000000000000110011100000100110000,143,830ms
100111111001000000100000000000000000,010000000000000000000010001111011010,000000000000100011011001110000000100,001000000110011100000100000000100001,152,2312ms
000011111000000010011001000000000000,100000000010010000000110110001010000,001100000001101000000000001000100101,010000000100000101100000000110001010,51,19696ms
000100001000001010000001010110000100,001001000000100100001010001001010000,110000100110000000010000000000101001,000010010001010001100100100000000010,132,1502ms
111011000000100000001000000101000000,000000000010000001000000111000010111,000000110100001110000101000010000000,000100001001010000110010000000101000,157,132ms
100100101011010000110000000000000000,000000010000101000001101000101001000,000010000100000111000000010000110001,011001000000000000000010101010000110,116,5259ms
111001010000000100000100000100000010,000100000100000001010000100010101001,000010000010000000001001011001010100,000000101001111010100010000000000000,117,27187ms
100110100000010010011000100000000000,001001001011000000000101000000010100,010000010100000100100000000100100011,000000000000101001000010011011001000,177,714ms
111010111000000100001000000000000000,000001000000100001100010001100010010,000100000011010000010100000000001101,000000000100001010000001110011100000,141,5532ms
001000010000100110000100100000001100,100100000111011001000000000000000001,010000100000000000100010011001110000,000011001000000000011001000110000010,34,61314ms
110101101001000000000000100000000010,000000000100001101111000011000000000,000000010000110010000111000001100000,001010000010000000000000000110011101,107,57800ms
010100111001000000000010000000011000,000000000110000000101001101100000010,100011000000101011000000010000100000,001000000000010100010100000011000101,157,4209ms
100101010000010001000001000100000010,001000000110000100011000001000010001,000000100001001000100100010001001100,010010001000100010000010100010100000,99,2324ms
111000011000000100000100000001000100,000110100001000000000011010100100000,000001000000010011001000001010010010,000000000110101000110000100000001001,110,16295ms
100000011101100000000110010000000000,000100100000001000010001101000101000,000001000010010110101000000001010000,011010000000000001000000000110000111,84,60969ms
000111100000000010000010100000100100,010000000000010001100000001110011000,000000001111000000011001000001000001,101000010000101100000100010000000010,61,3415ms
011011000000010000010100100000000010,000000100100100110001010001001000000,000100010001001001100000000010011000,100000001010000000000001010100100101,77,14697ms
001011101100000000010000000000010100,010100010000000100000010110001001000,000000000000001000101001001110000011,100000000011110011000100000000100000,86,28548ms
110100101000000000000001101000100000,000010000000001110000010000110001100,000000010011100000000100010001000011,001001000100010001111000000000010000,100,5338ms
000011101000000101000000000110010000,100000000000010000010011001000001101,010000010011101000000100100000000010,001100000100000010101000010001100000,77,19378ms
010011001000000000001000000001100101,001000100000000010110000010110000010,000100000011000101000111000000001000,100000010100111000000000101000010000,56,53317ms
010010111000100001000000010000000001,100000000101010000000001100101000100,001101000000001100010000001000110000,000000000010000010101110000010001010,61,6145ms
110010010000000000000000110010011000,001000000000110000110110001100000000,000000001001001111001001000000000001,000101100110000000000000000001100110,90,43486ms
100001000000100000001001010010110000,001100100101000010000000101001000000,000000011000011000010100000100000011,010010000010000101100010000000001100,75,1575ms
110011010000010000010100100000000000,001000001101100000001000000010001100,000000100000001000100010011100000011,000100000010000111000001000001110000,157,1121ms
011000101001000011000001000010000000,100000010100100100001000010100000001,000001000000001000000100100001111010,000110000010010000110010001000000100,41,16425ms
111001101000000000100000100010000000,000100010011010000010000000000101010,000010000100000110000110000001010100,000000000000101001001001011100000001,148,9008ms
111101111000000000000000000000000001,000000000000010101010001001000111000,000010000110101000001000110100000000,000000000001000010100110000011000110,157,60ms
110010001000100000001001010000000001,000001100111001000010000100000000010,000100010000000111000110000110000000,001000000000010000100000001001111100,133,8203ms
111100001001100000000001000000000001,000000000010000001010010101011000100,000000010100010100101100010000000010,000011100000001010000000000100111000,157,13948ms
100010100000100000010000000000111100,000101000000001001000110010010000001,000000011100000000001001001101000010,011000000011010110100000100000000000,111,13043ms
001101100000100001000001001000100000,100010000000011000100010100100000001,000000011010000010010100010010001000,010000000101000100001000000001010110,38,7225ms
100010010010000001110000010010000000,001000100000100010000000100001101100,010100001100011000000010001000010000,000001000001000100001101000100000011,157,1805ms
110100001011001000000000000100010000,000010000100110100100000001000100010,001000000000000010011100100001001100,000001110000000001000011010010000001,123,9265ms
001001000000001010100010000110000100,010000011011100000010000000000010010,000000000000010001000001111001100001,100110100100000100001100000000001000,14,1723ms
110110000000000000001000010111000000,001001000001001001000010000000101010,000000001000110010010101100000000100,000000110110000100100000001000010001,163,593ms
000000001001000011000011011100000000,101010110000000100000000100000110000,000001000000011000101000000010001110,010100000110100000010100000001000001,17,1191ms
110110111100000000000000000000000100,001000000000100110000010001010011000,000000000010000000111100100101000001,000001000001011001000001010000100010,177,129ms
001100110000101000000000010000000011,010010000000000010011001001101000000,100001001100010000000100100000010100,000000000011000101100010000010101000,100,6588ms
001011001000000001000000000011000101,000000000001011010010001000000111000,000100000110000100101000010100000010,110000110000100000000110101000000000,87,86443ms
001101110001100000000000001000000100,010010000110000001011000100001000000,000000000000011010000001010110000011,100000001000000100100110000000111000,56,17189ms
010001001010101000000001010001000000,101110000101000000000100001000000001,000000010000000001011010100100101000,000000100000010110100000000010010110,41,4259ms
101100111001010000000000000000000001,000011000010000001010100110001000000,010000000100101110000010000000100100,000000000000000000101001001110011010,157,6752ms
001110101000100000101000000000100000,100000000001010001010101010000000100,000000000010001110000010000100011010,010001010100000000000000101011000001,88,55014ms
111010010100001000000010010000000000,000100101000000110001000000010100001,000001000010110000000101000001000110,000000000001000001110000101100011000,142,15157ms
101001000010001100001000010000000100,000000011000110010100010000100000010,010000000100000000010100101010011000,000110100001000001000001000001100001,129,1120ms
011011011000001000000001000000001000,000000000010010010100000000001010111,000100000001000001010100101110000000,100000100100100100001010010000100000,81,6062ms
111100101001000000000100000100000000,000011000010010000000011110000001000,000000010000001111000000001001000101,000000000100100000111000000010110010,117,2421ms
010000110110000010000100100000100000,100100000001010100000000000100011010,000001001000001000001011010011000000,001010000000100001110000001000000101,50,11373ms
101000101011000000000100000100010000,000010000100000001001001111000000010,000001000000001000100000000011101101,010100010000110110010010000000000000,116,62011ms
001011010000100001000010000010000100,100100100000000000000001010101110000,010000001001001110100000001000000010,000000000110010000011100100000001001,71,31040ms
111110110000000000000000010000000100,000000001000000000001101001100110001,000001000110011000010010000000001010,000000000001100111100000100011000000,177,3982ms
001010001100010000000100000000101001,000000100000000101000001010110010100,100101000000001000111000000001000010,010000010011100010000010101000000000,128,5786ms
001010010000000100000000110101001000,110000000100001000011100001000000001,000100100000100001100011000000100010,000001001011010010000000000010010100,41,23477ms
001001010100100000000000010001010010,000010000001000010010100001110001000,100100001000000001101010100000000100,010000100010011100000001000000100001,131,10134ms
100010111100000000010000000000100100,001000000010100100001100010100001000,000101000000011010000000101010010000,010000000001000001100011000001000011,117,780ms
100100100000010010000000011000001001,000000001010100101011000000001100000,011010010001001000000000100010010000,000001000100000000100111000100000110,113,2227ms
101100011000001100011000000000000000,010001100011000000100001011000000000,000010000000010001000110000010000111,000000000100100010000000100101111000,90,19953ms
101101110000000100000100100000000000,000000000000001000010011010101110000,010010001001000001100000001010000100,000000000110110010001000000000001011,146,2854ms
100110111000000000110000000100000000,001001000110100001000000001000001001,000000000000011010001010010010010010,010000000001000100000101100001100100,163,202ms
101011010000010000000000000010000110,000000000000001101000110100101001000,000100100010100000111000010000100000,010000001101000010000001001000010001,132,5612ms
011001101000000000000111000000010000,000000000101110011100000000100000010,000110000000000000011000010001101001,100000010010001100000000101010000100,105,17053ms
110111100000000100000001000000100000,001000000110000010100000101001001000,000000010000111000000000010110010001,000000001001000001011110000000000110,177,926ms
111110111010000000000000000000000000,000000000100001000000000001111110001,000000000000110101100001010000001010,000001000001000010011110100000000100,159,983ms
001010110100000000100010000010010000,000000000010001001011001000001101000,110101000000010000000100101000000100,000000001001100110000000010100000011,139,681ms
000011110100000001000011010000000000,100000000011110100000000101010000000,010100001000000000100000000001111010,001000000000001010011100000100000101,123,10242ms
001110000001010000000001000100100100,000001000000000110110000011000010010,110000101010101000000000000010001000,000000010100000001001110100001000001,163,891ms
101110111001000000000010000000000000,000000000010100010010001100001000011,000000000000001101001100010000011100,010001000100010000100000001110100000,118,21512ms
101000110001010010000000001100000000,010100000000100000010000010000110110,000011001100000100100101000001000000,000000000010001001001010100010001001,135,11927ms
100011011010000000100001000010000000,000000000100100101000010001000100101,011100100000010010010000000000010010,000000000001001000001100110101001000,140,731ms
011111001001000000011000000000000000,000000010100000010100010100010001010,100000100010001000000001010000010101,000000000000110101000100001101100000,167,752ms
010100100010000010000011000000010001,001000011100000000000000100011100100,100001000000010100011100001000001000,000010000001101001100000010100000010,89,9976ms
010000000000001101100101100000000100,000110100000100000001010010001000010,101000010101000000010000001000010001,000001001010010010000000000110101000,112,32990ms
011001010100001000000100000001001000,000000000011100110010000010010100000,100000000000010000101011100100000010,000110101000000001000000001000010101,157,6510ms
010111010000010100001000000000001000,001000001001100000000000100110110000,000000100100001010100001000001000011,100000000010000001010110011000000100,99,45976ms
111100100000000010000001000000100001,000000001000110000101110000000001010,000011000001000100010000001110010000,000000010110001001000000110001000100,146,410ms
000110010010000011100000000001000010,000001000101000000000110000100001101,011000001000010000000000110010110000,100000100000101100011001001000000000,96,23867ms
110100000001010000111000000000100000,000000100000001010000100110110000010,000001011110100000000001000001000100,001010000000000101000010001000011001,157,112ms
110000000100011000000000100000101001,000100011000000010011110000000000010,000010000000100101100001010100000100,001001100011000000000000001011010000,99,4393ms
100010101010001000000110000000000001,010000010001000000001001111000001000,000001000100010011000000000111010000,001100000000100100110000000000100110,125,7693ms
101101010000000000010000100010001000,010010000100010000000011000100000110,000000000011101010100100001000100000,000000101000000101001000010001010001,139,5961ms
010111101000000110000000000000010000,100000000100001000011001110001000000,000000010010000000100110001100101000,001000000001110001000000000010000111,107,33912ms
010000010100101000010000100100001000,001001001000000001100010001001010000,100010000000010110001101000000100000,000100100011000000000000010010000111,120,3741ms
101001100000000110000000101000000010,010000010000100001000100000110101000,000100000001011000001001010000000101,000010001110000000110010000001010000,75,2542ms
100000010000101000010101001000001000,000101000101000001001010000100000100,000000001000010000100000110001100011,011010100010000110000000000010010000,41,21573ms
111010000000000001000100001000101000,000000100000110010001001000001000011,000000000101000100100000100110010100,000101011010001000010010010000000000,146,37022ms
001000110000000000100000111010010000,000010001001100011011000000000001000,110001000000011000000100000001000011,000100000110000100000011000100100100,142,6294ms
001001001001001010100001000001000000,000110010010010100001000000000010001,100000100100000001000000100100001110,010000000000100000010110011010100000,136,6419ms
010011010100001000100000000000000011,000000001000010000010000100110011100,000100000001100000001011011001000000,101000100010000111000100000000100000,69,21439ms
010101011000000000000110001000010000,001000000001001000111000000100000110,100010100000000000000001000011101001,000000000110110111000000110000000000,157,7648ms
101110001100000000000011000010000000,010000010000100110001000000000001110,000000100001010000010100110000100001,000001000010001001100000001101010000,132,2010ms
100111011000000001010000000000100000,001000000000000010100010100110000101,010000100110101100001000000000000010,000000000001010000000101011001011000,177,3133ms
001100000000001100001001110100000000,000000011001000000000000001011100110,010001000000010011100010000000001001,100010100110100000010100000000010000,63,3861ms
001111111001000000000000000100000000,110000000100100100000100100000010001,000000000010000000111001011010001000,000000000000011011000010000001100110,91,11934ms
110001001000101000100010000001000000,001010000100000100001100100100001000,000100010011000000000000000000110111,000000100000010011010001011010000000,124,18856ms
100010000011001011000000000011000000,000001000000010000001001111000011000,011100010000100000110000000100000100,000000101100000100000110000000100011,157,86ms
111110011001000001000000000000000000,000000000100101010100001110000100000,000000000010010100001010001011000010,000001100000000000010100000100011101,155,62537ms
101000011000101000000000010100001000,000000100011000100000010000010000111,000010000100010010110000100001010000,010101000000000001001101001000100000,139,6582ms
000101101001010000001000001000000001,010000000100000000000110000101001110,100010000000101001000000100010110000,001000010010000110110001010000000000,76,50589ms
000000100011000011011000000101000000,000110000000000100000101101000000011,111000001100011000000010000000010000,000001010000100000100000010010101100,157,188ms
000000011000000101000000001010001101,010100000010100010000101000100010000,100000000001010000010010010001100010,001011100100001000101000100000000000,37,43232ms
010010000100000011000001001100001000,100000101010001100000110000000100000,001101000001110000000000010000000110,000000010000000000111000100011010001,73,11841ms
110010000010000010100010000010100000,000001000000001001011000010100000011,000100000001110100000100100001010000,001000111100000000000001001000001100,105,393ms
101010100010010000000000000000100101,000000011001000010101100001000000010,000001000100001100010011110000000000,010100000000100001000000000111011000,125,107015ms
001000101000100010000011010001000000,100000010001000000110100100100100000,010110000000011100000000001000000110,000001000110000001001000000010011001,76,8035ms
010011110001000010010000001000000000,101000000010011001000110000000000001,000000000100000100100000010000111110,000100001000100000001001100111000000,102,17033ms
011000110010000000000000101000101000,100001000101100011100100000000000000,000010001000010000000010010101010010,000100000000001100011001000010000101,53,10799ms
100011010010000000100000010010100000,000000101000011110011100000000000000,010000000000100001000011101001000010,001100000101000000000000000100011101,117,48290ms
011000001000000000001001010001010010,000101100110001010100000000100000000,100010010000000101000000001010100001,000000000001110000010110100000001100,111,36349ms
111100000000000000000110000001101000,000011000010101000110000101000000000,000000010001010001000001010100000110,000000101100000110001000000010010001,122,27332ms
100100110000000000000001111000001000,000000001000001010010010000100100110,001011000010100000000100000011000001,010000000101010101101000000000010000,117,4161ms
000100010000011000110101000000000001,101000001010100001000010100001000000,000010000101000000000000001110011100,010001100000000110001000010000100010,60,19502ms
011101110000000000010000100001000000,000000000110000000000001011100010110,000000000000010010101110000010100001,100010001001101101000000000000001000,97,164276ms
010001000000000011100001110000000001,100000010000111000010000000001000110,001000101100000100000110000000101000,000110000011000000001000001110010000,76,4433ms
101100101000100000001100000000000010,010000000000000101000000010010110101,000001000110001000100001001100001000,000010010001010010010010100001000000,157,1192ms
000111110010010000000001000000100000,001000001000000000000000101010011011,000000000100001010110100010100000100,110000000001100101001010000001000000,102,49799ms
011000000010000110010010010001000000,100001101000110000000100001000000100,000100000000001001100000000110010011,000010010101000000001001100000101000,73,4432ms
000010101000001000001100100100000001,010000000001000100100011000011010000,101100010110000001000000000000001100,000001000000110010010000011000100010,157,316ms
101110100000000010001000100010000000,000000000000001100110100010000010011,010001000010100000000001001001100100,000000011101010001000010000100001000,147,2390ms
011101111001000000000010000000000000,000000000010000011010001100101000001,000000000000111000001100011000101000,100010000100000100100000000010010110,72,66238ms
010101111100000001000000010000000000,001000000010000100111001000001001000,000000000000101000000010101000110011,100010000001010010000100000110000100,85,36524ms
100011111000000000010000000000001001,000000000010001110001100001000110000,010100000001110000000010010100000010,001000000100000001100001100011000100,151,585ms
111001110000000000000001100000000100,000010000010011000111000010000100000,000000001100100110000000000001011001,000100000001000001000110001110000010,144,21917ms
000001010101000100001110000000001000,010100000000100010100001000100010001,100010000010001000000000001011100010,001000101000010001010000110000000100,87,18261ms
100001010001010100000000001000001100,001000001000001011000010010100000010,010010100110000000100101000000100000,000100000000100000011000100011010001,153,1410ms
101111111001000000000000000000000000,010000000000000000010110001111000010,000000000010110101101001000000100000,000000000100001010000000110000011101,152,4531ms
001010111010000000000000000100010001,110000000000000110100011000001000100,000100000001110000010100010010100000,000001000100001001001000101000001010,79,2471ms
100101111100000000000000010100000000,000000000000001111011000001010100000,010000000010110000000000100001001011,001010000001000000100111000000010100,144,755ms
100111101000000000000001000000001001,000000000011100011100000000010000110,011000010100011000010100000000010000,000000000000000100001010111101100000,177,1192ms
000100000001100000100000001010011010,110000010000000001000000100101100001,000011101110000010000101000000000000,001000000000011100011010010000000100,74,49192ms
000100110010010001100010001000000000,000010000100001110000000000010011100,111000000000000000001001100101000001,000001001001100000010100010000100010,154,21937ms
010111110000000000000000100010000100,100000001010100000000101010001000001,000000000000010011100010000100111000,001000000101001100011000001000000010,132,7983ms
001111011000000001000000001000100000,000000100100000000001001100001010110,010000000011000000110100000110000001,100000000000111110000010010000001000,126,7771ms
001001101010101000000000010000001000,010000010000010011000010000110000010,000100000001000100011001100001000001,100010000100000000100100001000110100,36,13120ms
111001011001000000000000100000100000,000010000100110101010100000000000100,000000100010000010000010001011010010,000100000000001000101001010100001001,121,9630ms
000010001000001001000101000010001001,110001000111100100000000100000000000,000100000000010000100010001101000110,001000110000000010011000010000110000,0,10009ms
010101010010000100000001000100000010,000000001000101000101100000010010100,000010100000000011000000111001100000,101000000101010000010010000000001001,64,1506ms
100101000100000100000101100010000000,000010100010100000010000000100001110,010000010000001010000010000001110001,001000001001010001101000011000000000,103,51559ms
110001111010100000000001000000000000,000000000000001011000010100100010011,000100000100000100001100000011100100,001010000001010000110000011000001000,146,3372ms
000011010100010100100000001000001000,100000100001000010000110010000000110,001000001000101000001001000101010000,010100000010000001010000100010100001,63,3885ms
101111110010100000000000000000000000,000000001000001001100001000101010010,000000000000000010011010001010101001,010000000101010100000100110000000100,157,1512ms
110000101001000011000000000000101000,000100010010000000000111001000000011,000011000100001100011000100010000000,001000000000110000100000010101010100,143,3143ms
101101011001000000000000000010000001,010000000010010000010000011000110010,000000100100000001001000100101001100,000010000000101110100111000000000000,157,2043ms
101100100011000110000000001000000000,000010000000011001110100100000100000,000001000000000000001010010111000101,010000011100100000000001000000011010,115,75613ms
110000001100000000000100000011110000,000000010000100110010000110100000001,000011000011010000100001001000000100,001100100000001001001010000000001010,135,1370ms
100000001000010000000101001010001010,011001000010000001000000010100100001,000100010100001000111000100000000100,000010100001100110000010000001010000,102,11046ms
010010011001001000000110100000000000,101000000000010011000001001000000011,000000000100000100001000010111010100,000101100010100000110000000000101000,70,13590ms
101100010000101110000001000000000000,000000000001000000110000111000011010,010011100100000000000000000101000101,000000001010010001001110000010100000,157,1647ms
000111111000000000010100000000100000,101000000101000000001000100000001110,000000000010100000100001011100010001,010000000000011111000010000011000000,117,2563ms
001101010000100000000100000000101100,100000101001010000000010001100010000,010010000110001100001000000011000000,000000000000000011110001110000000011,95,7773ms
010100000001000000000101000100001101,000001001000011100100000010000100010,000010100110100011000000100000010000,101000010000000000011010001011000000,47,22681ms
000100101010001000000000011100000001,000000010001110000000010100000100110,100011000000000001100101000011000000,011000000100000110011000000000011000,115,208ms
011111111000000100000000000000000000,000000000100000011000100010101000101,000000000011001000101011000010000010,100000000000110000010000101000111000,114,48309ms
000001000100100010000001010000010110,101000001001000100000100000100101000,000000110010000000110010100010000001,010110000000011001001000001001000000,24,3237ms
010011000010000001110000000000100010,101000000101010010000001010000010000,000000101000000000001100100010001101,000100010000101100000010001101000000,63,1929ms
001010000100000100010000000001001110,010001000000001000000000010110110001,000100001011110001000000101000000000,100000110000000010101111000000000000,28,129121ms
101001010100000000100000100010000100,010000001000000001010101010001010000,000110000000011010001010000000101000,000000100011100100000000001100000011,140,2091ms
101011110000000010000000010010000000,010100000001100100100000000000111000,000000000100000000000011101101000101,000000001010011001011100000000000010,138,1742ms
011011111010000000000000000000000001,000000000100000001000100110110001100,000000000000110110010010001000110000,100100000001001000101001000001000010,88,40259ms
111010101001000001000000000000000001,000001010100000000001000110001011000,000000000010100100010010001110000100,000100000000011010100101000000100010,157,3819ms
111111000000100000000000000000100100,000000010101000000110100001000010010,000000001000001000000011100101001001,000000100010010111001000010010000000,177,284ms
111101110000000000000010000100000000,000010001000001011011000001010000000,000000000001000100100101000001010011,000000000110110000000000110000101100,157,217ms
110100011000000001001000000000000011,000000000011100110010100001000010000,001001000100000000100001010010100100,000010100000011000000010100101001000,145,2953ms
101101100010100000000000000010000001,010010001000010100010000110000000010,000000010101001001100100000000011000,000000000000000010001011001101100100,123,16011ms
100011110000010001000000100000000001,000000000000001110000000001100111100,001100001101000000000100010010000010,010000000010100000111011000001000000,130,6276ms
001001100001000100010000100100000100,110000010000001011101000000000001000,000110000010000000000110000001100011,000000001100110000000001011010010000,60,1969ms
110001100010010100000000000001001000,000000000000100010000100000110100111,000110001000000001111000001000010000,001000010101001000000011110000000000,164,61642ms
001110110000101100000000000001000000,000000000001000001110010011100010000,000001001110010010000100000010100000,110000000000000000001001100000001111,96,17035ms
010101001011000000000100000000000101,000000010000100000001000111010101000,101000000100010001010011000000010000,000010100000001110100000000101000010,157,809ms
110111101000000001001000000000000000,001000000000001000110001000001101100,000000010010110100000100000110000010,000000000101000010000010111000010001,150,6371ms
001111000000100110000000100100000000,000000101001011000100000010011000000,100000000010000000011100000000011011,010000010100000001000011001000100100,136,6170ms
111000111000000000010000000000100001,000010000000010100001100000101001010,000001000011000011000011000010000100,000100000100101000100000111000010000,134,2953ms
101110010000010000001011000000000000,010000001010101010000000010001010000,000000000100000101010100000100100110,000001100001000000100000101010001001,150,18108ms
011110000100100001000010000000000001,100000000011001010101000000000010010,000000010000000100000001001110101100,000001101000010000010100110001000000,107,50175ms
000110110000000000000001000011011000,001001000110000010010100010000000001,110000001001100000001010000000000110,000000000000011101100000101100100000,161,15062ms
010110001000001000000100001100000001,100000000100100010000001100001110000,000001100001000100100010010010001000,001000010010010001011000000000000110,97,3115ms
111010110010000000010000000010000000,000100001001100001000001000001001010,000001000100010000001010110000010100,000000000000001110100100001100100001,142,2104ms
100111000000110000000010001001000000,001000001000001000100100000110001010,000000010000000101011000110000110000,010000100111000010000001000000000101,86,13150ms
110001110010000101000000000000000010,000000000000110010100000101011001000,001110000101000000010100010000100000,000000001000001000001011000100010101,177,1490ms
111100111000000000000010100000000000,000010000110000000011000000011010010,000000000000011101000000011000101001,000001000001100010100101000100000100,127,1103ms
101100110000010000010010000000000010,000000000000001100000001110011000101,000011000011000001000100000100101000,010000001100100010101000001000010000,123,9629ms
000001011001001101001000000000000001,001000100100110000100010001100000000,100010000000000010000101100000001110,010100000010000000010000010011110000,56,4216ms
000101111000100011000000001000000000,100000000010001100001000010100011000,001000000100000000110011100001000100,010010000001010000000100000010100011,79,35713ms
000110011001000010010001000000001000,000001100000100001000010100101000010,100000000100010100100000010000010101,011000000010001000001100001010100000,143,2213ms
101010001000100000000100010010100000,000000100000010001011001000100000101,010100000100001100100000100001001000,000001010011000010000010001000010010,137,893ms
001111101000000001000000000000001001,000000000100010000101100010000010110,100000010010001100000010001101000000,010000000001100010010001100010100000,163,1807ms
010110000000000100001001010110000000,100000000110000010010010001000100100,001000001000001000100100000001001011,000001110001110001000000100000010000,99,14423ms
100011001000000000000001100011000100,000000100000101101001100000100001000,000100000001000000010010010000110011,011000010110010010100000001000000000,84,57027ms
011001111000000001000000000000010001,100010000010001100100000000100000110,000100000100000000011100111010000000,000000000001110010000011000001101000,90,13233ms
011010001100100001000100000100000000,100001110000000010000010010000010100,000100000000011000111001000000100010,000000000011000100000000101011001001,109,3261ms
111100010101001000010000000000000000,000000100010010111000010101000000000,000001001000100000001001000010010011,000010000000000000100100010101101100,140,48991ms
010110110000000100000010010000000001,101000000100010000011000000110100000,000000001010000010100101100000011000,000001000001101001000000001001000110,101,3360ms
110011011000001000000000000000010001,000000000001100010010011011001000000,001100100010000100100100000100000100,000000000100010001001000100010101010,157,247ms
111011101000000000000100000000010000,000100000001010011001000001010001000,000000000010101000100011000001000011,000000010100000100010000110100100100,141,8446ms
010001110110000000000000000000110100,000110001001000010000000100010000011,001000000000001101010010011100000000,100000000000110000101101000001001000,96,22217ms
001010101111000010000000000000001000,000001000000110101001000000011000001,110000010000001000100000010100010100,000100000000000000010111101000100010,157,2715ms
111011111000000000000000000000001000,000100000101110100000000010010000001,000000000000001010110011001101000000,000000000010000001001100100000110110,157,152ms
111101100000000000000000001100000010,000010010100101010100100000000000100,000000001011010001001001010000000001,000000000000000100010010100011111000,126,6026ms
