010001110000000100010000100001001000,000010000000011010001001010000000011,000100001001100000100100001100000100,101000000110000001000010000010110000,100,2069ms
001101001001000000000000101100000100,000000100000010010000010000001110011,100010000010100001111000000000001000,010000010100001100000101010010000000,140,4071ms
000111101100000010000010100000000000,000000000001100100001000000010110101,000000010010000001110001010100001000,111000000000011000000100001001000010,104,11966ms
100100000111000000001001010100000000,010000101000001100100110100000000000,001011010000010000010000000000011010,000000000000100011000000001011100101,135,38383ms
011110011000010000000000011000000000,000001000001000001000110100100010010,100000000010101100100000000000001101,000000100100000010011001000011100000,177,1741ms
101001011001000000100000100010000000,000000000000101011010101000000001100,010100100010000000000010000001100011,000010000100010100001000011100010000,157,445ms
110111011000001000000000000001000000,001000000001100001100110000010010000,000000100100000110000001000100100110,000000000010010000011000111000001001,177,219ms
111110101100000000000000000100000000,000000000000110000000101001010000111,000001010000000010111010000000110000,000000000011001101000000110001001000,177,17ms
011010101000000100100001000000000001,100000000010010010011000010100000010,000001010001000000000110100011100000,000100000100101001000000001000011100,71,11290ms
010100111010000000000000000000011010,000000000000001100011100000101100001,000011000100000011000001111000000000,101000000001110000100010000010000100,104,17529ms
010101010010000000001000001000000011,000010000000000001110010000101100100,101000000000101010000001100010010000,000000101101010100000100010000001000,116,14009ms
010000010000000100011000010010010100,000000100100111000100000101001000000,100110001000000011000100000000001010,001001000011000000000011000100100001,136,5577ms
010110011000010000100001010000000000,001000100001001001000000100001001001,100001000000100010010010000100010100,000000000110000100001100001010100010,177,4141ms
001110111000000000010000010000000100,010000000010000010000100001001101001,000000000101001100001011000100000010,100001000000110001100000100010010000,103,10857ms
101100111000100000000100000000001000,000001000011001000000011000110000010,010010000100000000101000111001000000,000000000000010111010000000000110101,157,238ms
001100000110000000100010010000010100,100011000000000010000100001100000011,010000100001011000001001000001001000,000000011000100101010000100010100000,69,1095ms
001011100000000100001000000000110100,000000010001001001000000110001001010,000100000000110010010011001010000000,110000001110000000100100000100000001,41,2562ms
110010110000000000000101100010000000,000000000101100000010000000001101101,001101000010011000101010000000000000,000000001000000111000000011100010010,157,4406ms
011011101000000000000001010000001000,100000010010010001011000000001100000,000000000101100010100000001110000001,000100000000001100000110100000010110,122,3303ms
011111010000100000100000000000000100,000000001010010000000011001101000001,100000100101000000011000000000011010,000000000000001111000100110010100000,177,129ms
110101011000000010010000000000000100,001000100000000000101001100010001001,000010000100011000000110010001100000,000000000011100101000000001100010010,129,43565ms
101110011000000000100001100000000000,000000000010000110000010001110000101,010000100001101001010000000000011000,000001000100010000001100010001100010,177,195ms
011101111000000000100000000000000100,100000000011100100010110000100000000,000010000100010000001000011011000010,000000000000001011000001100000111001,111,40397ms
110111001001000000000000000000100010,000000000110010001100100110100000000,001000110000000110000001001001000001,000000000000101000011010000010011100,146,20132ms
110000001000010001001000000110100000,001010000110000010000010110000000001,000001010001000100010000000001011100,000100100000101000100101001000000010,129,18589ms
101001110100000000000000001000011000,000110000010000100100110000001000100,000000000001010001001000100110100001,010000001000101010010001010000000010,138,4416ms
111110011001000000000000000000001000,000001100000000110000000111000010100,000000000010010000011110000000100011,000000000100101001100001000111000000,149,18965ms
000110100100001010010000000001000001,100000010001000000100101000000111000,000001001010100001001010000100000100,011000000000010100000000111010000010,69,2560ms
100101001000000100100011000000000100,000010010101110000000000100000010001,011000000010000001011100000010000010,000000100000001010000000011101101000,146,2184ms
110011010000001000001000000010000100,001100000101000100000001001000001001,000000101000110000000010000101010010,000000000010000011110100110000100000,157,3013ms
000010110000010010010010001000001000,100000000011000000001000110100110000,000100000100101001000101000010000100,011001001000000100100000000001000011,14,5424ms
000010000101001000001000010000110010,100001000000100100010001001011000000,010000011000010001000000100100001001,001100100010000010100110000000000100,59,6928ms
111001110000000000000001000100000001,000010001001011011000000010001000000,000000000110000000111010101000010000,000100000000100100000100000010101110,157,2814ms
000011110101100000000000010000100000,001000000010000011000011001000000110,010000000000001000010100000111010001,100100001000010100101000100000001000,79,12838ms
011000110010000000110011000000000000,000010000101001100001100001000000100,100000001000010010000000010110010010,000101000000100001000000100001101001,157,5235ms
111110010000000000111000000000000000,000001101101000000000101001000000001,000000000000001101000010100110110000,000000000010110010000000010001001110,177,75ms
000110110000100000011000011000000000,100000000111000001000001100010100000,000000000000011000000110000001011011,011001001000000110100000000100000100,34,25868ms
011111001000000000000100100000000100,100000000010100100000011000110001000,000000010101010000111000001001000000,000000100000001011000000010000110011,130,23048ms
011101011000110000100000000000000000,000000000000000001010111000010110010,100000000001001110000000111000000100,000010100110000000001000000101001001,144,3426ms
111101011001000000000010000000000000,000000100010000010000000000111001101,000000000100101001010001100000100010,000010000000010100101100011000010000,157,6052ms
101001111000000110000000000000100000,000000000010001001100001100010001100,000010000100110000001010011100000000,010100000001000000010100000001010011,152,5455ms
011111000000011000100000000010000000,100000000000100100001001000001110001,000000101110000001010000100100000100,000000010001000010000110011000001010,139,658ms
101101101000000010000100000000001000,010000000110001000011000101000000100,000000000001010101000011000110010000,000010010000100000100000010001100011,144,11575ms
011111110010000000000000000000001000,000000000000011000101000101111000000,100000001100000110010101010000000000,000000000001100001000010000000110111,177,331ms
000101100001000011000001110000000000,000010001000010100100100000000000111,001000010100100000010000001001011000,110000000010001000001010000110100000,66,1103ms
010100000101000001000010001000100001,000000001010010000111000000110010000,001000110000000100000101100001001000,100011000000101010000000010000000110,55,1283ms
000111100000010010000000010100000001,000000010000000001110100001011000100,101000000001101100000010000000110000,010000001110000000001001100000001010,117,6041ms
100001101000000100000000000000001111,000000000000010010110010011000110000,001100010101001001000001000100000000,010010000010100000001100100011000000,157,2266ms
110010011000011000001010000000000000,000000000011000000100000101001101010,000000000000000101010001010110000101,001101100100100010000100000000010000,85,122566ms
101010000100000100000101000000010001,000000001001000010111000001000001100,010000100000101001000000010011000010,000101010010010000000010100100100000,119,1932ms
100010111000001100000010000000010000,000001000011010000001101000000101000,001100000100100001100000101100000000,010000000000000010010000010011000111,157,929ms
111100000010010000000000100000100001,000000100101000000010000001010010110,000001010000001011101000010001000000,000010001000100100000111000100001000,137,2587ms
010101100000100010000000000100110000,100010010000001000101110100000000000,001000001101000001000000001001000110,000000000010010100010001010010001001,95,212409ms
001100010010000010010100000001000100,000011100000001000101000011000000010,100000000001110001000010000010100001,010000001100000100000001100100011000,65,28574ms
011101100010000000000000000000011010,000000010100101010000010100100000100,100000001001000000111000011001000000,000010000000010101000101000010100001,157,795ms
101101001000000001001010000000001000,000010000101000000000101001001000011,010000000000010110110000010010100000,000000110010101000000000100100010100,144,1062ms
010110010000000000011000010010000100,101000000010101001000010000100001000,000001000101000010000101000001110000,000000101000010100100000101000000011,88,6886ms
011110010010000000000000001000100001,000000100001100110000010100000011000,100001001100000000001100010010000100,000000000000011001110001000101000010,156,2367ms
001100110000010001010100000000010000,000000001000000100101011000000101010,000010000011000010000000001101000101,110001000100101000000000110010000000,53,14893ms
011110000000000100011000100001000000,000000110100100000100010000100100010,000001000010010000000001010010011100,100000001001001011000100001000000001,94,12707ms
011100100001000000000001000100000110,100000001100110100101000000000010000,000010000010001001010010100011000000,000001010000000010000100011000101001,96,8403ms
011010111000011000000001000000000000,100100000100100000000010001111000000,000001000010000010100000010000101101,000000000001000101011100100000010010,91,17362ms
101000110000010000010100010100000000,000011000000001001001001101000000001,010000001000100110100000000010100010,000100000111000000000010000001011100,150,1967ms
100101100000100010000010000001001000,000000000110010100000000100100100101,000000010001000001111000000010010010,011010001000001000000101011000000000,95,34107ms
010111100100000010100000000000010000,001000010010110000000000010001000110,100000000001001001011000000010100001,000000001000000100000111101100001000,163,2780ms
010010000100101000000000000111000001,000001010011000100000010010000010010,101100001000000000010101100000001000,000000100000010011101000001000100100,157,1895ms
011001110000000000000100001110000000,000000000010010001110000010000001110,100010000001001010000011000001010000,000100001100100100001000100000100001,148,864ms
101111111000000000000001000000000000,000000000000001000010000110110101100,000000000111010101100110000000000000,010000000000100010001000001001010011,177,479ms
100001001110001001000100000000000001,001110000000010000100010101000100000,000000110000000110010001000010010100,010000000001100000001000010101001010,93,11341ms
001100100010000010001010101000000000,010000011000100100100000000100100100,000001000000001000010101010001010010,100010000101010001000000000010001001,27,69227ms
011010010100100000000011000000000100,000100001000000101010000110110000000,100000000010000010000000001001110011,000001100001011000101100000000001000,157,1762ms
000001000100000101000000100010110100,100110001010000010000100000100000010,000000000000110000101011001000001001,011000110001001000010000010001000000,13,4564ms
000001001000100110100001010000000100,100110100001000000000000000101010010,000000010100000001010010101000001001,011000000010011000001100000010100000,14,3794ms
001100011001100000001000000001010000,100000000000001010010101000100000101,010001000010000001000010111000100000,000010100100010100100000000010001010,59,12966ms
001010110010000010100001000000000100,000001000101001001000010000100100010,110000000000100100011100001010000000,000100001000010000000000110001011001,157,1251ms
000100110100000000010101000001100000,000000001011000000000010100010001011,010000000000101011101000001000010000,101011000000010100000000010100000100,49,4045ms
111000100000000000000001010101000001,000011001100000011001010000000001000,000100010001100000110000100000000110,000000000010011100000100001010110000,157,1621ms
011111101000000001000000000000100000,000000000100011000100001110000011000,100000000011100000001000000111000001,000000010000000110010110001000000110,177,166ms
001010011000000000000001100010100010,000100100000010000000110010001010001,110000000001100101001000000100001000,000001000110001010110000001000000100,139,26399ms
010000110001010010000001100000001000,001101000000000100001100000101100000,000000001010001000000000011010010110,100010000100100001110010000000000001,28,6831ms
000010001000000001010100001011001000,001100100000110000000010110000000100,110000010010001010001000000100000001,000001000101000100100001000000110010,101,9371ms
101000000001000000010011000000001101,010001010000100001001000011100000000,000000001100011000100000000001110010,000110100010000110000100100010000000,112,5236ms
001110101000001000010000000001100000,000000000001110001100000100000011001,000001000000000010001110001010000110,110000010110000100000001010100000000,64,9399ms
101100010000100000100000010010001000,000000000100011010011010001000100000,010000101010000000000000100100010011,000011000001000101000101000001000100,157,216ms
110101010000000100000000000001001001,001000100000001001000011001000010010,000000001110000010100100000010100100,000010000001110000011000110100000000,157,1239ms
001010101001000000100000100100010000,010101000000100101000010000010000001,100000010000000010010000011001100010,000000000110011000001101000000001100,104,16279ms
111010011000000000000010000000000110,000001100000000000101000101000111000,000000000011100110010000000101000001,000100000100011001000101010010000000,157,10231ms
100101010000000000100100000000110001,000000101000011001001000001001000010,000000000111100000010001010100001000,011010000000000110000010100010000100,136,746ms
111110001010000000001000100000000000,000000000001100111000001010001001000,000000000100001000010100001110000011,000001110000010000100010000000110100,177,3175ms
011100000000100100000011000000000011,000000001110010000001000100011001000,100011000000000010010100000000110100,000000110001001001100000011100000000,114,2682ms
001101100000100000000000000110010010,000010000000010001110100001000100100,010000001010000010001001110000000001,100000010101001100000010000001001000,101,26449ms
100010110000000100010100001100000000,011100001000000010100000100010010000,000000000100110001001000000001000111,000001000011001000000011010000101000,93,6290ms
110010000000001000101010000001100000,000100100000100010010000110010000010,000001011010000100000101001000000100,001000000101010001000000000100011001,110,22947ms
100011100000110100000000001000000001,000000011010000001100010010000011000,011100000101000000000001000110000100,000000000000001010011100100001100010,157,147ms
111000010101000101000000000000001000,000100000010100000010010100100000101,000001100000010000100001011010010000,000010001000001010001100000001100010,157,1566ms
110100011101000000010000000000000010,001010000000010010000111001000000100,000001000000001100100000000110110001,000000100010100001001000110001001000,157,5348ms
100101000010000000000000100011101000,000010100001000010010010011000000001,011000000100100100001001000100000010,000000011000011001100100000000010100,157,1888ms
101010011000100000000001000001000100,000001000001010010100000100000101001,000000000010001101001100010000010010,010100100100000000010010001110000000,68,13207ms
100111001010000100010000000010000000,000000100000110000000011001100001100,000000010100001010000000100001110010,011000000001000001101100010000000001,134,2895ms
101111110000100000000000000000001000,000000000111000001010010010001100000,010000000000000100101001001010000110,000000001000011010000100100100010001,168,1986ms
001000001101101100000010000000010000,100000110010000010010000011001000000,010100000000000001000100000110101010,000011000000010000101001100000000101,84,38382ms
101010111100000001000000000001000000,000000000011010000001000000100001111,010000000000100000110101011000010000,000101000000001110000010100010100000,157,1272ms
110001011000000101000000000010100000,001010000010000010001010010001000001,000000000000011000010100101100001100,000100100101100000100001000000010010,142,2384ms
010001111010000100100000000000001000,000000000100011001000000010001100110,000110000000100000011111000000010000,101000000001000010000000101110000001,97,13784ms
001101010000000000010000101000100100,110000100000000000100010010110001000,000000001011111000000101000000000010,000010000100000111001000000001010001,38,8299ms
111001000001100000000010000001001000,000100101000000010001100001000010001,000010000000010001000000110110000110,000000010110001100110001000000100000,141,3535ms
101011101000000000000001000100010000,010000000110110010010000001000000001,000000000000000101001110110001100000,000100010001001000100000000010001110,126,6743ms
000111011000001000010000000000000101,000000000001100011000011000100001010,000000000010010000001100001011110000,111000100100000100100000110000000000,52,50028ms
000011111000000000000010001000010100,010000000101001110000000100000001001,000100000010000001100101010010100000,101000000000110000011000000101000010,42,2314ms
100100110100110000000000100000000100,000001000010000100000001010101100001,000000000001000001111110001010000000,011010001000001010000000000000011010,80,105054ms
101010001000010000001000000010110000,000100010101100000110000000100001000,010000000010000101000010110000000110,000001100000001010000101001001000001,118,1567ms
100010101000000100000000001100010100,000100000101000011001010000010001000,000000010000110000110100100001100000,011001000010001000000001010000000011,107,1702ms
010111111001000100000000000000000000,100000000000100010001100100001010010,000000000100010000110001010100101000,001000000010001001000010001010000101,132,20045ms
001000000001100001000001010110000010,100000100100010100000000001001001100,000001011010000010101110000000000000,010110000000001000010000100000110001,40,30796ms
111010010000000000101000010100000000,000000101001001110010000000000000101,000101000100100000000100000010101010,000000000010010001000011101001010000,157,116ms
011100001000000100000000010100001100,100000000011001001001000000010100001,000000100000110000010111001000010000,000011010100000010100000100001000010,73,18460ms
111010110001000000000100000001000000,000100000000010011000001000010110001,000001000100100100111010001000000000,000000001010001000000000110100001110,157,1447ms
110111100000000001100000000000000010,001000001000001110000000000100001101,000000000111010000010000111000100000,000000010000100000001111000011010000,177,16563ms
011001111010010000000000000100000000,000110000000001101101110000000000000,100000000100000000000001100001011011,000000000001100010010000011010100100,157,2310ms
000000000100000010110100100110000100,110001010001001000000001001000100000,000100100000100100001000010001010001,001010001010010001000010000000001010,40,4025ms
100110010011000000000000010000010100,000000000000010010000100000111101001,010001000100001101100001100000000000,001000101000100000011010001000000010,177,18544ms
011101000010010000000000010010000100,000000000000001001010101000001010011,100010101000100010001010001000000000,000000010101000100100000100100101000,142,10419ms
101000101000000010000100011000010000,000000000011001001010010000101000001,010110010000000000101000000000001110,000001000100110100000001100010100000,162,2188ms
011011110001000000000001000000010000,000000001100000001100110001100000001,000100000010110010001000100000100100,100000000000001100010000010011001010,61,13692ms
100000010010010001001010000001001000,000110001100001000000000100100010001,010000100001000000100001011010000010,001001000000100110010100000000100100,100,5977ms
101101000000000100001000111000000000,000000001010000010000011000100010101,010000100000101000110000000011001000,000010010101010001000100000000100010,144,4127ms
111000101000100000100010000000001000,000100010000010110000001001100100000,000011000000000000011000010011010001,000000000111001001000100100000000110,157,1241ms
111100111000000000000010000000000100,000000000100100011100000001011100000,000011000011000000001101000000010010,000000000000011100010000110100001001,133,2110ms
100110110010000000010000001001000000,010000001100100001000000010000010110,000001000001011100000101000010000001,001000000000000010101010100100101000,98,8246ms
011101110000000001000100100000000000,000010000000101000000011000100011100,000000000110000100010000011010100010,100000001001010010101000000001000001,101,24462ms
000101011010000010000011010000000000,000010100001011101100000000100000000,010000000000100000000000001011110110,101000000100000000011100100000001001,36,15709ms
110100000000000000100100010001000011,001000000100010000011001100100010000,000001001000001101000010001000001100,000010110011100010000000000010100000,90,24349ms
100011111000000100000000000000100001,010000000100010000000111100010000010,000000000011000011011000000100011000,001100000000101000100000011001000100,123,3494ms
000100010000010000101010010000100001,110010001000001101000000001000000100,000001000100000010010000100001011010,001000100011100000000101000110000000,24,814ms
000010101000010001100000001000011000,000000000100100100001000110100100100,000001000001001000010011000011000001,111100010010000010000100000000000010,0,1269ms
100101110010000000000000010010100000,000010000100011010000010000100001100,010000000000000100101101000001010010,001000001001100001010000101000000001,134,5148ms
101010100000011001000000100000000001,010101000010000000100000001100110000,000000011001100010010000000001001100,000000000100000100001111010010000010,67,7757ms
000110000000100000010101000000010011,010000000011000000000010101111000000,001000110000000011101000000000001100,100001001100011100000000010000100000,47,609ms
100111111010000001000000000000000000,000000000101011000100001000100101000,011000000000000000001110010011000001,000000000000100110010000101000010110,177,422ms
110110001000001000000010000000011000,001001000110010100000000011001000000,000000100000100011011000000000100101,000000010001000000100101100110000010,108,8930ms
001101111000001001000000001000000000,000010000000100100000100010100101010,000000000110000010111000000001000101,110000000001010000000011100010010000,104,3041ms
010101011000000010000000001001001000,100010100000000000000110000010010101,000000000010111001000001110100000000,001000000101000100111000000000100010,60,26867ms
111110000101000100000000000000000010,000000101000011000001000000110001001,000000000010100010010011000001010100,000001010000000001100100111000100000,172,4508ms
001000011010100000100100000000001001,100100000000000010010010110001010000,000000000000011101000001001100000110,010011100101000000001000000010100000,30,2331ms
101010010000101000001000100010000000,010100001110010001010000000000000001,000001000001000000000101011100011000,000000100000000110100010000001100110,90,9879ms
100111110000110010000000000000000000,010000000001000100100000100100101100,001000000010000001001011000001000011,000000001100001000010100011010010000,157,2113ms
100010010000110000010010100000000010,010100101100001000100000000100000100,000000000010000001001101000001011001,001001000001000110000000011010100000,55,4489ms
000100100100001001100000001000101000,001000000001000110000011010010000001,010011001010010000000000100100000010,100000010000100000011100000001010100,105,1333ms
001010001110100001000000000010000100,100000110001010000110001000001000000,000001000000001110000110000000011010,010100000000000000001000111100100001,25,31536ms
001000010010000000000001110010100100,110000000000110010100000001001001000,000110101101000000000000000100010001,000001000000001101011110000000000010,112,6833ms
000010010010000010001000000000101011,001100100000100001100010001000010000,000001000001000100010101000101000100,110000001100011000000000110010000000,4,5043ms
001101011100000000001000000000010010,110010000000001001100000101010000000,000000100010110010000111000100000000,000000000001000100010000010001101101,80,19111ms
111010111000100000000000000001000000,000101000001010100000001000100000101,000000000100000000101000011000111010,000000000010001011010110100010000000,157,5623ms
000101010010000000001100000001100010,010000100100000111110000001000000000,000010001001010000000010010100000101,101000000000101000000001100010011000,23,6708ms
101011100000010000000010101000000000,000000000001000110001000010110100010,010000010110000000110001000000011000,000100001000101001000100000001000101,157,364ms
000111000001110000000010000000110000,001000001100000101000001001011000000,100000100010001010000000010100001100,010000010000000000111100100000000011,113,9149ms
000001101011001000001000000000100001,000000000100000001100110101000000110,011000000000010110010001010000010000,100110010000100000000000000111001000,24,13061ms
111010000100100010000001000000010000,000000100000001100101100011001000000,000001011001010000000000100000000111,000100000010000001010010000110101000,126,3501ms
011010000000000001100000011110000000,100000100010110010010000000000001010,000000011001000000000011100000100101,000101000100001100001100000001010000,86,1589ms
000101001000000000100001011100010000,100000010011000101001000000001100000,010010100000101010000000100000001100,001000000100010000010110000010000011,103,12192ms
011110110000001000000001000000000100,000001001001010010100000001000100001,100000000110000000000000010111010010,000000000000100101011110100000001000,177,607ms
000111010000001000000001000000011001,000000000010010101100010110000000010,111000001100000000000100000011100000,000000100001100010011000001100000100,164,1060ms
101001101000001000011000000000010000,000000010011100101000001000001000001,000010000100010000100100110100000010,010100000000000010000010001010101100,157,464ms
010010111100000000100000000100001000,001000000001010110010110000000010000,000101000010000000000001100001100101,100000000000101001001000011010000010,104,7702ms
010010010000000100000000001000101101,000000100110100001000110000010000010,000000001000011010111001000100000000,101101000001000000000000110001010000,73,8052ms
010011001000011000010000000000001100,000100100010000000000110100100010010,001000010001100100000001011001000000,100000000100000011101000000010100001,38,6438ms
110001001000010000000000100101100000,000100100000101000010010000010000101,000010010110000001001001010000010000,001000000001000110100100001000001010,157,469ms
111101110100000000000000010000000000,000010000010110001100000000010001100,000000001000000000010010100001110011,000000000001001110001101001100000000,157,3404ms
100110101000001000000001000001000010,000000010100100010100010010010000001,010000000000000000011000101100111000,001001000011010101000100000000000100,153,16814ms
100011000000000010000001100011000001,000000000100010001000110011000101000,010000101000001000111000000100000010,001100010011100100000000000000010100,134,10710ms
100100101000010010000100000001000001,000000000001001100110000000110100010,001001010010100001000001010000001000,010010000100000000001010101000010100,92,12629ms
000010111010000000110001001000000000,101000000100000000001010000010011100,000100000001110001000100010000000011,010001000000001110000000100101100000,45,9821ms
100001010100100000111000000001000000,000000100011010100000001001100000010,001100000000001000000100010010011100,010010001000000011000010100000100001,122,927ms
010100101000010000000000001110100000,001000010100001000010011010000001000,000000000001100011001100100001010000,100011000010000100100000000000000111,52,19211ms
000011010000000101000011000011000000,010000100001010000000100001100100010,101100001110000010000000010000000100,000000000000101000111000100000011001,120,4598ms
100000100010000110000000001010000110,010000001000101000001101010001000000,000011000101000001010010100000001000,001100010000010000100000000100110001,84,35262ms
011111100000001000000000000100000100,000000001001000010000001111000001001,100000010100010101001010000000000010,000000000010100000110100000011110000,177,412ms
110101001000010010000100000010000000,001010000001100001000000111001000000,000000110010001000100011000000100100,000000000100000100011000000100011011,125,12356ms
010010110010000000000000100100101000,101000000000011000000010010001010100,000100000001000110100100001000000011,000001001100100001011001000010000000,64,10529ms
100110000000000110000000001000100011,010001011100010000010010000001000000,000000100000001001001100100110010000,001000000011100000100001010000001100,82,2550ms
010111110000000100000001000000100000,001000000010110010000000000010001101,000000001000000001101010110000010010,100000000101001000010100001101000000,94,36055ms
010000011010001100000110000000000100,001100000000100001010000011000001010,100000100100000000100000100011100001,000011000001010010001001000100010000,146,819ms
111101111000000000000001000000000000,000000000001011100011100000000000011,000010000110000001000010111000001000,000000000000100010100000000111110100,157,2613ms
110010111000000000010000000000000011,000001000101001100000000010010100100,001000000000000001101110100000011000,000100000010110010000001001101000000,157,173ms
110111110000000000000000000011000000,000000001101110000110000010000001000,000000000010001100001101000100110000,001000000000000011000010101000000111,177,96ms
111010001000010000100000000000100100,000100000101100000011001000000010010,000001000010000110000110001000001001,000000110000001001000000110111000000,113,3184ms
010100100000000010000100110000001001,101001001000000001001010000001000010,000010000001010100010000001110100000,000000010110101000100001000000010100,45,2966ms
000110001000001000010010010100000100,100000000011100100001000001000100010,001000000100010011000100100010010000,010001110000000000100001000001001001,60,20036ms
100011101000000000000010000000010110,001100000001001000000100110100000001,000000000010010110110000001000101000,010000010100100001001001000011000000,114,4458ms
011010110000010000000000010010000010,100100000001100010100000100100100000,000001001000001000010011000000001101,000000000110000101001100001001010000,54,11602ms
101110111000000000010000000000000100,000000000001100011000010000000110011,010000000100001100100100000101001000,000001000010010000001001111010000000,177,95ms
000011101000000000001100101010000000,100100000000000000010010010000100111,010000000010011001100000000001011000,001000010101100110000001000100000000,58,100317ms
111011101000000001000000100000000000,000100010010000110000001001000101000,000000000000101000001100010111000010,000000000101010000110010000000010101,132,8762ms
001000111000001110000000100100000000,100010000001000001010001000001100010,000000000100010000000010011010011100,010101000010100000101100000000000001,49,14334ms
010010100000100000000011010010000001,001100000001000101110100000000000010,000000001100011010001000001000001100,100001010010000000000000100101110000,37,6136ms
100010011000001000000011100000001000,010001000111110100000000000000100000,001000000000000000111100001100010100,000100100000000011000000010011000011,129,51892ms
101110010010100001000000001000000000,000001001000000000110000100010100011,010000000000011110000011010000010000,000000100101000000001100000101001100,148,18771ms
010100001000101110000000000001000010,100001000100000000000011011100100000,000010100010000000001100100010001100,001000010001010001110000000000010001,47,9724ms
111011011000000010000000001000000000,000000100010011101110000000000000100,000100000000100000000110100011100010,000000000101000000001001010100011001,137,1907ms
110111111000000000010000000000000000,000000000001010101001000100010101000,000000000010100000100111001100000010,001000000100001010000000010001010101,177,111ms
010011111000000000000100010001000000,101000000100100001000001001100100000,000100000000010100001000100000010111,000000000011001010110010000010001000,65,11856ms
100111101001000000000000000010000100,000000000000001100110010010100000011,001000010000000011000001101001100000,010000000110110000001100000000011000,140,1431ms
111100011001000000000000000000100010,000001000100010000100000110001011000,000000000000101110000001001100000101,000010100010000001011110000010000000,139,10305ms
111001001000000100010000010000010000,000000010010001011001100000000101000,000000000101010000100010001001000110,000110100000100000000001100110000001,157,2056ms
010000111000101000000000100101000000,100100000000000101001100011000100000,000001000001010010010010000000010110,001010000110000000100001000010001001,51,2993ms
001010000110010000010110000000000010,000000110001000010000001110010000001,000101000000101100100000001000011000,110000001000000001001000000101100100,40,6304ms
011000011100000000000100000010000101,100011000001000000100001100100000010,000000100000111001000000010001101000,000100000010000110011010001000010000,60,14133ms
001011010100000001000001100000001000,010000000000100000001010011011100000,100000100011000000110000000000010011,000100001000011110000100000100000100,142,156ms
111111010010000010000000000000000000,000000101000001000010000011000000111,000000000001110100001010000000111000,000000000100000001100101100111000000,164,1437ms
010110101010000000010000101000000000,000000000000100010101001000101010010,100000000101001101000000010010000001,001001010000010000000110000000101100,155,67833ms
110010010010101000000100000100000000,000001001000000110011010000000001100,000000100001000001000001101011000001,001100000100010000100000010000110010,123,823ms
011001001000000101001000001010000000,000000000001001010100011100001000010,100000000110100000010000000100011100,000110110000010000000100010000100001,148,2918ms
101011001000001000000000000010100001,000000000010000110011000111100000000,010000010101010001100000000000010100,000100100000100000000111000001001010,157,353ms
101011111000000000000100000000000100,010100000100000000001000011010001010,000000000001001101100010100001100000,000000000010110010010001000100010001,125,11439ms
010110001100010000010001000001000000,000001010000100110100010100000000001,101000000000001000001100010110100000,000000100011000001000000001000011110,177,371ms
010111011000010010000000100000000000,001000000010000001010011010000101000,100000000100100100000100000010010110,000000100001001000101000001101000001,177,3910ms
101001100001000010000010000000000011,000000000100110000000000001111101000,010110001000000001010100010000000100,000000010010001100101001100000010000,145,28224ms
100011001000111000000010001000000000,000000000001000010001000000001111110,001000100010000100000100010110000001,010100010100000001110001100000000000,89,69873ms
110110010000001000000001001000100000,000000000010100001010110100010000001,000000100101010010001000010100010000,001001001000000100100000000001001110,170,9467ms
000011011000000001100010000000011000,001000000000001110000000110100000011,000000100101110000001101000001000000,110100000010000000010000001010100100,49,3417ms
001001010010000010100000010010000001,000010100000011001001000001001000100,010000001000100100000110100000100010,100100000101000000010001000100011000,69,1345ms
110011011000000000000000001100100000,001100000000010010001111010000000000,000000100010001000010000100001000111,000000000101100101100000000010011000,131,46086ms
000100000100100100001000110100001000,100000101001000001000101000000100100,001001010000010000110010000011000000,010010000010001010000000001000010011,88,2442ms
110001111000000000000000010100001000,000000000100000100101001000011010010,000110000001100011000010001000000001,001000000010011000010100100000100100,164,2720ms
010110110000100000001000001000000001,100000000000010110100100000001100010,000001001011001000010010110000000000,001000000100000001000001000110011100,98,85470ms
001110010010000001010000000000101000,100000000000100010000111010000000110,000001100100000100101000100000010001,010000001001011000000000001111000000,91,2993ms
011110100000000000000000000010011001,000001000000000001100101111000100000,000000011010111100010000000100000000,100000000101000010001010000001000110,131,49741ms
111000000001100000001000100000011000,000000101000000001000011010011100000,000100000000000110010100001000000111,000011010110011000100000000100000000,73,1594ms
011001000010000100010000000010011000,000000100100000001001100110000000011,000100001001011000100010001100000000,100010010000100010000001000001100100,106,2695ms
010010001000000001000100110010010000,000000010100101000100011001001000000,001100100011000100001000000000100001,100001000000010010010000000100001110,58,17105ms
010001011100000000001000000100010001,000110000010001100000110010010000000,101000000000000010110000100000101100,000000100001110001000001001001000010,157,275ms
001110011000010000100010000001000000,010001000010100010010000000010010010,000000000101000100000101001100101000,100000100000001001001000110000000101,115,15514ms
100000101110010000100100000000000010,001101000001100000000001011000100000,010010010000001100001010000001000100,000000000000000011010000100110011001,135,11636ms
010111000000011000000001110000000000,100000100100000110000100000001101000,001000000001000001001010000010010110,000000011010100000110000001100000001,76,12252ms
001110110100000010000000000000010001,000000000010011000000011000101000110,010000000000000000111000111000101000,100001001001100101000100000010000000,95,59276ms
100011010011000001000100000001000000,001100000000110010100000010000001010,000000100000001100010010001000110100,010000001100000000001001100110000001,88,4223ms
100000001000001010011010000100000010,000000100010000100000001001001111000,010111000000010000000100000010000101,001000010101100001100000110000000000,153,24930ms
001111011000010000100010000000000000,010000000011000000000000101001010011,100000000000100100001000010100101100,000000100100001011010101000010000000,165,2685ms
111101101000001000000000000000100000,000000000110100010001101000001001000,000000010001010001010010000110000010,000010000000000100100000111000010101,157,234ms
010000101010000001000000000001111000,001000010001010110010010010000000000,000001000000101000100101101000000001,100110000100000000001000000110000110,40,72875ms
111111000000001000000000001010000000,000000001101000111000000000100000011,000000000000010000011100110001101000,000000110010100000100011000000010100,135,38978ms
100001011101001010000000000000100000,001000000000010100010000010110001100,000000100010000000000101101001000011,010110000000100001101010000000010000,103,9287ms
101011000010000010100000000011000000,000000100101001001000000001100010010,010100001000110000000110000000001001,000000010000000100011001110000100100,128,954ms
011100011000000000100010000100000010,000010000000100101001100000001011000,100000100010011000000000110010000100,000001000101000010010001001000100001,157,210ms
011011111010000000000000000001000000,100100000000010100000100001010000011,000000000100100010110011010000100000,000000000001001001001000100100011100,110,32623ms
000101111000001000000000001010100000,000000000001010000001001000101011100,101000000010100111100000100000000000,010010000100000000010110010000000011,122,7115ms
111111101000000000000001000000000000,000000010001110000000010100011000100,000000000100000000111100000000110011,000000000010001111000000011100001000,177,93ms
110000100100100010000100001000001000,001000010000000000101000110001010001,000111000000010001000010000010100100,000000001011001100010001000100000010,128,34017ms
110011001100000000001000010000001000,000000110001000010010000000010110001,000100000000110000100101101001000000,001000000010001101000010000100000110,157,697ms
000000001000000111000001101101000000,101010110100000000000010000000001001,000101000000000000011100010010110000,010000000011111000100000000000000110,34,742ms
011011000000010000100000110000001000,000000110010000100010101000000100010,000100001101000010001000000001010001,100000000000101001000010001110000100,99,10019ms
110011100000000010000001000001000001,000000010001100100001000110010000010,001100000110011001000000001000000100,000000001000000000110110000100111000,157,5082ms
011001010000110100000010100000000000,000100000101000010010001001001001000,100000101000001001100000010010000100,000010000010000000001100000100110011,138,4976ms
100001100000001000000001100001001100,000000010101010010110010000000010000,000100000010100001001100011100000000,011010001000000100000000000010100011,72,31550ms
111011100000000000000000100100000100,000100000101000000001100011000011000,000000001000100001100001000011000011,000000010010011110010010000000100000,157,157ms
000100101000010101000100100000000100,100000010011001000101010000000001000,001011000000100010010000000100110000,010000000100000000000001011011000011,62,9565ms
011100110010010000000000000001010000,000010000000001100001100010100001010,000000001100100010000010100010000101,100001000001000001110001001000100000,94,12504ms
110011000000000000010000101000100010,000000100001100110000110010000010000,000100011110000001000000000001001100,001000000000011000101001000110000001,157,2871ms
110001100001100100000000000000010001,001000010000000001000000111100100010,000100000110000000100101000010001100,000010001000011010011010000001000000,151,4046ms
001111110000100000000000000000010001,100000000000001000100111110001000000,000000001010000111001000000000101100,010000000101010000010000001110000010,61,8444ms
111111001000010000010000000000000000,000000110100001001000000101101000000,000000000000100010101101000000000111,000000000011000100000010010010111000,177,1522ms
100001110000000100000000001000001101,011010000000010000011000000001100010,000000000001001011100011010100000000,000100001110100000000100100010010000,97,2349ms
101101100000000000000000001101000100,010000000010000101001011000000110000,000000011001000010010100010000000011,000010000100111000100000100010001000,126,1225ms
110000011000000000001000010000100101,001000000000000101000000101010011010,000000100011110010100010000100000000,000111000100001000010101000001000000,137,4850ms
111011000000000100000110100000000000,000000000101000001011000010101100000,000100100010100000100001001000000011,000000011000011010000000000010011100,130,22207ms
111011010000001000010000000000100000,000000100010000000001101001001001001,000100001000000011000000010110000110,000000000101110100100010100000010000,157,489ms
111001111000100000000000000000000010,000000000010000110100000001101001100,000100000001000001001010010010100001,000010000100011000010101100000010000,136,3644ms
010011101001000000010000000001100000,001000000100001001001101100000010000,100000000000000110000010001110001100,000100010010110000100000010000000011,157,1324ms
011001100010010001000010000000100000,100010011000000000010001111000000000,000100000100101110101000000100000000,000000000001000000000100000011011111,98,62011ms
010011110000011000000000000001001000,000000001010000100000111000010010010,000100000100100010101000011000100000,101000000001000001010000100100000101,79,10945ms
001001111010000000010000000000110000,000100000100111000000100100000000011,000000000001000000101010010111001000,110010000000000111000001001000000100,79,12590ms
101011010000000000011000000011000000,010000001100100010000010000000100011,000000000011010001000001110000010100,000100100000001100100100001100001000,98,14426ms
101001000001100101000000000001000010,010010100010000010010000001010100000,000100001100000000000111000100010001,000000010000011000101000110000001100,130,1307ms
111111011000100000000000000000000000,000000000010001101000000100010101010,000000100101000010010110010001000000,000000000000010000101001001100010101,177,94ms
000011000010010000000000001001010110,101000001000100000101110000100000000,000100010001000011000000000010101001,010000100100001100010001110000000000,0,23224ms
100000000010101000010001100000010100,001010100001000000000100000101001001,000001010000000101101010010010000000,010100001100010010000000001000100010,63,42075ms
111110110000000000001000000001000000,000001000011000000000101110110000000,000000000000010100010010001000110110,000000001100101011100000000000001001,147,4916ms
000000110000110001001000010010001000,001010000001000100100000101001010000,100101001000000000000001000100000111,010000000110001010010110000000100000,126,9320ms
010010101000000000100100010000110000,000000000001001110010000001000001101,001000010100100001001010000011000000,100101000010010000000001100100000010,100,5189ms
001001110000100001100000000010000100,010100000000001000010100100100001010,000000001111000110000010010001000000,100010000000010000001001001000110001,70,9288ms
111011110000000100000000000000001000,000000000000101001110100000100100010,000000000000010010000000110011010101,000100001111000000001011001000000000,129,54503ms
100100001000100010000000001000010011,010010010000010000001000110010001000,001001000001000100000111000101000000,000000100110001001110000000000100100,95,3183ms
110001000001100100000000100001001000,001100000000000011000010001000110100,000010111100001000001000010010000000,000000000010010000110101000100000011,121,3698ms
110110101011000000000000010000000000,000001000100010001011001100000010000,001000000000100110100100000001001010,000000010000001000000010001110100101,163,2202ms
110101000010010000000100010000100000,001000000000101100000001001110010000,000010001000000000110010000001000111,000000110101000011001000100000001000,144,2900ms
111100100010000010100000000000000001,000000011101001100000000001000011000,000010000000000001011001100110000100,000001000000110000000110010001100010,157,193ms
111111111000000000000000000000000000,000000000001011010001011010000100000,000000000100000001010100001001001110,000000000010100100100000100110010001,177,70ms
110111000010000000000010100000001000,000000011000100011110001000100000000,000000100000011000000100011001000110,001000000101000100001000000010110001,122,7623ms
001111111000000001000000000000100000,000000000100010000001000111010010010,010000000010000110110000000001001001,100000000001101000000111000100000100,96,18652ms
010101001100000000110100001000000000,001000000000011110000000100010100010,000000100010100000000011010101010000,100010010001000001001000000000001101,105,8935ms
000001011011000000000010000110010000,010100000000001000000101110000100010,101000000100010101101000001000000000,000010100000100010010000000001001101,157,1257ms
101111010010000001000000000000000001,000000100000100010010010010000110100,010000000000010100000100101010001010,000000001101001000101001000101000000,151,5422ms
001111100000000001000001000001000100,000000000000010100001010101010100010,000000001101101000100000000100001001,110000010010000010010100010000010000,112,21190ms
011001101000000000000010000011010000,100000000000101010001000011000001010,000000010001010101110001000000100000,000110000110000000000100100100000101,103,3672ms
111100010000000000000100010000001010,000010000000000010010001101000010101,000001001010000100101000000111000000,000000100101111001000010000000100000,157,48ms
011010100000100010010001000001000000,000001001000010100001100001010010000,100000000011001000000000000100101011,000100010100000001100010110000000100,157,15741ms
000001100000001100000110001010001000,000100001011000010000001000100100001,001010000100010001001000100001000100,110000010000100000110000010000010010,16,997ms
011010001000100100000010000000010100,000000000001010000001001111000001010,000100110010001001100100000010000000,100001000100000010010000000101100001,72,16548ms
011110111000000000000000101000000000,000000000000010010100100000101110100,000001000010001101001001010010000000,100000000101100000010010000000001011,109,15158ms
100110100100000000010010000000001010,001001000001101100100000000010000100,010000010000000001001001100001100001,000000001010010010000100011100010000,150,517ms
110110000000000100000010000100000011,001001100001001001100000110000000000,000000010010110010011100000000001000,000000001100000000000001001011110100,129,48447ms
110011111000001000010000000000000000,000000000000110011001000001001100001,001100000010000000100100000000011110,000000000101000100000011110110000000,157,126ms
001001000001101001001000000000100010,010000000010010100010011000010000100,100110001100000000100000000001001001,000000110000000010000100111100010000,150,136ms
111001100000100010000000000000000101,000000000011000101010100000000101010,000110000100000000000011101011000000,000000011000011000101000010100010000,177,98ms
101111100000000000010000001010000000,000000000101010000000110110000001001,010000000000001110100001000001010100,000000011010100001001000000100100010,177,197ms
101010110000011001000000001000000000,000100000000000000001101110000110010,000001001010100100000010000101000100,010000000101000010110000000010001001,127,9284ms
001001100001000101000100100000000010,000000001010000000011001011001001000,000010010100011010100000000000010001,110100000000100000000010000110100100,71,9302ms
000011100001000000100010011000001000,110100001000001000000000000101010100,000000010110000101011100100000000000,001000000000110010000001000010100011,15,42851ms
111110111000000000000000000010000000,000001000011001010010011000000000100,000000000000110001100100011100001000,000000000100000100001000100001110011,177,191ms
001110001000000010001011010000000000,100001000000011000100000001000101010,010000100110000101010000100000000001,000000010001100000000100000111010100,126,25961ms
011110001010000010000000000010000010,100000110000000000010100001000101001,000001000100011100001000110000010000,000000000001100001100011000101000100,110,150050ms
111000110000000001001010100000000000,000011000000101100000101000000000011,000000001101000000010000010000111100,000100000010010010100000001111000000,157,1125ms
100011110000010000000010010100000000,011000000100000110010000000000100101,000000000011001001100001000011010000,000100001000100000001100101000001010,134,1099ms
110010101000000101000000000000100100,001001000101000000010001000100000011,000000010000010010000100010011011000,000100000010101000101010101000000000,113,57599ms
001011111000010100000000000000000100,100000000110000000000100100010101010,010100000000001001100001011000000001,000000000001100010011010000101010000,78,102647ms
001011000000011001100100000000000010,010100001100100110000000000100100000,100000010000000000010000110011001001,000000100011000000001011001000010100,96,46448ms
011011011100000000000000001100000000,000100000000001100010010010010011000,000000000011010001000100000001100110,100000100000100010101001100000000001,95,29570ms
110000101100000000011001000001000000,000000000010010100100000110000111000,000010010000001000000110000010000111,001101000001100011000000001100000000,100,10831ms
000001010010000110010100000000010001,000010001101100000101000000001100000,111100100000000000000001011000001000,000000000000011001000010100110000110,128,3965ms
011000001000000000010000010111100000,100001000001110001100010000000000001,000110110000001000000100100000010100,000000000110000110001001001000001010,130,6968ms
100010001011000100000000000000101010,000001000100000010000101011100010000,011000010000010000001010100010000001,000100100000101001110000000001000100,143,1533ms
101011110000000000000000001101000000,000000000000101010010010000000101101,010100000010010100100101100000000000,000000001101000001001000010010010010,157,731ms
110011101000000010000000000101000000,000100000110010000000010110000000101,000000000001001100110000001010110000,001000010000100001001101000000001010,157,507ms
010010011010010000001010010000000000,000100000100000010000101000000011101,101001100000001101000000101000000000,000000000001100000110000000111100010,125,25079ms
001010100101101000000000000001000010,110001001000010101000010000000010000,000100000000000010000000011010101101,000000010010000000111101100100000000,43,37369ms
000100111010010000100000000100000100,001000000000000111001101000001000001,010000000001001000000010101000111000,100011000100100000010000010010000010,72,3743ms
000000010101010100001001000100000010,000101000000000011110000010000110000,110010000000100000000000100011001100,001000101010001000000110001000000001,128,4359ms
001010010000000010000000101000000111,110000100001111000100000000010000000,000000001110000001001000000001111000,000101000000000100010111010100000000,31,8155ms
001101110000000001000110000001000000,000000001000101000101000001100110000,100000000010010100010000100010000011,010010000101000010000001010000001100,119,11156ms
100000110010000010010000010001000001,000101000001000101000000001100101000,010010001000100000100010100010000010,001000000100011000001101000000010100,129,3534ms
011011010000001000000001000000000101,100100000001000000011000000110010010,000000000010110110000100010001100000,000000101100000001100010101000001000,61,14291ms
101000010011000001000010000100000001,000011101100000000000000000000111100,010100000000101110101000001000000000,000000000000010000010101110011000010,123,119153ms
101100110010100100100000000000000000,000000000100000011001110001000001010,010000000000011000000000110111100000,000011001001000000010001000000010101,157,351ms
101011011000100000001000100000000000,000000000100000011000010000010110011,010100000000001100010100000101001000,000000100011010000100001011000000100,157,1330ms
001111001000000000000011000101000000,000000000010000001011000010010110001,100000000001100100100100100000001010,010000110100011010000000001000000100,149,42798ms
000000101100100000010000000001100101,000111010010010010000000110000000000,010000000001000101000000001100011010,101000000000001000101111000010000000,14,26755ms
110000110001000000000010001000100010,000110000000110101001001000000001000,001001000100000010000000010110010001,000000001010001000110100100001000100,157,2729ms
110001010000000011000000010110000000,000010100011001000011001000000001000,000000000100100000100100001001110001,001100001000010100000010100000000110,143,3229ms
011101010000101001010000000000000000,000010100100000110000100000111000000,100000000010010000000001001000111001,000000001001000000101010110000000110,142,10914ms
101101110100000000100000000000000001,000000001001100101001000010100001000,010010000000010010010000001010100010,000000000010001000000111100001010100,157,46ms
010000001001101000000001000000101100,000010000000000100101010001011010000,101001000010010000000100010000000011,000100110100000011010000100100000000,94,8999ms
111001101010000000001000000001000000,000000000000100110100101100000001001,000000000101001001000000011100100010,000110010000010000010010000010010100,157,4546ms
000000111000000000000001111010000010,000011000000000101010100000100010100,000000000001101010100010000001100001,111100000110010000001000000000001000,16,9869ms
010011000000100001000100110000000010,001100100101000010100010000000001000,000000001010000000010000000011110101,100000010000011100001001001100000000,14,11995ms
100111000010000000110100000000000001,010000010000100000001010100000001110,000000001100001011000001000111000000,001000100001010100000000011000110000,160,201ms
111011001000001000000000000001000010,000000010000010000010101100000101001,000000100001100010101000010010000100,000100000110000101000010001100010000,130,4608ms
101111011000000100010000000000000000,000000000000011000000010011100010110,000000000010100011000100100011001000,010000100101000000101001000000100001,115,25132ms
110001101000000000010100000000010010,000010000001001100001011100001000000,000100010000100011100000000100100100,001000000110010000000000011010001001,157,283ms
000001111001000110010000001000000000,000000000100101000100001000011000101,001110000000010001000100000000111000,110000000010000000001010110100000010,79,21126ms
000000100010011001001000000100010010,001000001100100010100010001000001000,100000010001000000010001100001100100,010111000000000100000100010010000001,69,10023ms
110010001101000000010101000000000000,000000000000100011100010001001000101,000100110000000100000000110010110000,001001000010011000001000000100001010,137,6656ms
100100011100011001000000010000000000,001000000001100010010010001001001000,000010000010000100101001000000100011,010001100000000000000100100110010100,114,27359ms
100110001000000001000000001100001001,010000000001001010001011000000010100,000000010000000100110000110011100000,001001100110110000000100000000000010,142,3884ms
111111100001000001000000000000000000,000000000000000000110111111000100000,000000001100101010001000000000001011,000000010010010100000000000111010100,177,1038ms
011000111000000000000100000010100100,000001000000010001000010111000010001,000000000110001110100001000100000010,100110000001100000011000000001001000,108,8958ms
011100111000001100000001000000000000,000001000110010000000010010110000100,000000000001100001011000000001111000,100010000000000010100100101000000011,71,65436ms
100011011010000000000101001000000000,011000100000011000000000000011001001,000000000100000100110010110100100000,000100000001100011001000000000010110,120,25754ms
000011001000000101100000100010010000,100000000010101000001001000100001100,010100010000010000010010000001100010,001000100101000010000100011000000001,56,13311ms
110100001000100001010000010001000000,001001000001001000100101001000100000,000000010010000010001000100110010100,000010100100010100000010000000001011,136,19434ms
101100000001100001001000010001000000,010011110100000000010001000000001000,000000001010011000000010101100100000,000000000000000110100100000010010111,76,5147ms
100100111000000010001000000010100000,001011000010000101010000010001000000,000000000100100000100111000100000011,010000000001011000000000101000011100,116,5462ms
111100110000000000000010000000010010,000001001000001100100100010000000101,000000000110010001011001001001000000,000010000001100010000000100110101000,115,17719ms
111101100000000000001001000000000010,000010000000001110010010101000001000,000000001110100000100000000111010000,000000010001010001000100010000100101,157,117ms
101110001000000001010000000000010010,000001100011100010100001001000000000,010000000000011100000010100011000100,000000010100000000001100010100101001,136,12131ms
100111011000000000010000010001000000,000000000101100000101000100000000111,001000100010000010000101000010110000,010000000000011101000010001100001000,131,2886ms
000111110000000010010010000000000100,010000001000010001000001000101011000,001000000111001000001100010000100000,100000000000100100100000101010000011,73,33571ms
001110000010000101000000100000000110,000000000001101000000100001100011001,110000000000010010110011000000100000,000001111100000000001000010011000000,143,5000ms
111100101000000001001000100000000000,000010000010101100010000001010000010,000001000100010010000111000000100001,000000010001000000100000010101011100,142,846ms
001000110100000000000010001000011010,000110000000100100011100100100000000,110001001011001010000000000001000000,000000000000010001100001010010100101,157,5052ms
111100001010000000010010000010000000,000010100100101000000000000100110010,000000000001010010000001101000001101,000001010000000101101100010001000000,102,26432ms
100101111000000000000100000001000010,000000000001111110010000000000100100,000000000100000000100011110010001001,011010000010000001001000001100010000,114,7623ms
110100101000000000010000000101010000,000010010011010010100000000000001001,000001000100000000001110011010100000,001000000000101101000001100000000110,157,30ms
110011110000000000001000100100000000,000000001110000000000011011001000100,001100000001000010010100000000011001,000000000000111101100000000010100010,157,42ms
101000111100000000010010000000000100,010000000011000000101000000010011001,000001000000101111000001000000100010,000110000000010000000100111101000000,106,1324ms
000110011000010011000100000000000100,001000000011001100001010000010000001,000000100100100000010001111001000000,110001000000000000100000000100111010,41,15944ms
001110100000010001100100000000100000,000000000000001010000010001010011011,000000010100100000011001010100000100,110001001011000100000000100001000000,100,29144ms
010100011001010100000010001000000000,000000100100100010001101000011000000,001000000010000001100000010100011001,100011000000001000010000100000100110,92,30980ms
110000111010000000000000000001000110,000000000000100010001011001000101001,000111000000000100100000100110010000,001000000101011001010100010000000000,177,3150ms
110100110000100000000001000010001000,001010000000000011011000001001000100,000000001110010100100000110000000001,000001000001001000000110000100110010,157,2174ms
101100101011000010000000000100000000,000001000000011001000101000000000111,010010010000100000000010101011000000,000000000100000100111000010000111000,157,340ms
001001101000000010000011010010000000,110000010000000001010000100101010000,000010000101110000000000001000000111,000100000010001100101100000000101000,34,7319ms
001011110000000100000000001010001000,010000001100100011100000000101000000,000000000001010000010111010000010010,100100000010001000001000100000100101,34,4354ms
101001010000100000000000010100010010,000100001111000100001000000011000000,010010000000001000110010100000000101,000000100000010011000101001000101000,157,404ms
110001110001000011000000000000000010,000110000010011100000001000000010100,000000000100000000110010100110101000,001000001000100000001100011001000001,157,1773ms
001001011000010100000011000100000000,000000000011000001100000011010000110,110010000000100000010100000001110000,000100100100001010001000100000001001,151,920ms
100001111100000100010000000000000001,000100000010101010100000001101000000,000010000001010001001001100010001000,011000000000000000000110010000110110,93,10209ms
110000010000000100001001010101000000,000101000010010010100010100000000001,000000101101100001010000000010000010,001010000000001000000100001000111100,140,5698ms
011111111010000000000000000000000000,100000000001011001000000100000010110,000000000000000010011001001100101001,000000000100100100100110010011000000,108,20648ms
101101111000000000000000000000011000,010010000000001001000010000001100110,000000000111010000100001011100000000,000000000000100110011100100010000001,139,5817ms
100001000110100000000000010101000001,000000000000001010010101001000011010,001000100001010101100000100000100000,010110011000000000001010000010000100,115,18367ms
011011001000000000011000000000100100,000000000001000111100000100110000001,100000010010100000000011011000000010,000100100100011000000100000001011000,134,6827ms
001111000000000000000010100010010010,000000001100100100101100010000000100,100000000010001001010001000001100001,010000110001010010000000001100001000,131,68980ms
101110110000100000000010000100000000,000001000001010000001101010000010100,000000001100001100010000000001100011,010000000010000011100000101010001000,153,540ms
110000000001100010100101100000000000,000001001010010001001010000001001000,000110010000001000010000000010110100,001000100100000100000000011100000011,150,5935ms
010001010010000000000001010010010010,001100001101000000001100100000100000,000010000000011011010010001100000000,100000100000100100100000000001001101,55,11345ms
110111010000000010000000000100100000,001000000101010000010000110000000101,000000101010001100100100000001000010,000000000000100001001011001010011000,177,167ms
000010011001000000110010100000100000,001101000110000010000000001010001000,000000100000111100000001010100000010,110000000000000001001100000001010101,26,7098ms
100110011000000110000000001000000010,010000000100100000100011010000100001,000000000001001001010000000111011000,001001100010010000001100100000000100,113,28781ms
111010101010000000000011000000000000,000000000000100100001000000110001111,000101000101000000110000111000000000,000000010000011011000100000001110000,157,200ms
011000000100001000001010001100001000,000010111001000000100100000001000100,000101000010010001010000110000000001,100000000000100110000001000010110010,73,8703ms
111010100000000000010000000110000100,000100010000100001001100100001000001,000000000101000000000011010000111010,000001001010011110100000001000000000,157,15282ms
010110100000010001100001000000000001,100000000101000010000000100011010100,001001010000100000010000011000100010,000000001010001100001110000100001000,98,15226ms
110110111000000010000000000000100000,001000000110110000000011000001010000,000000000001000001001100100010001110,000001000000001100110000011100000001,143,13213ms
011101001000000000000101000000001010,000000000100100101100000010101010000,000010100010000000011000001000100101,100000010001011010000010100010000000,67,12394ms
000101101100000000001000001000000110,110000000000110100000000110001001000,000000000010000011110010000100100001,001010010001001000000101000010010000,74,1040ms
001100111000000010001000010001000000,000010000111001000100000000100100010,000000000000010000000111101010000101,110001000000100101010000000000011000,33,14737ms
011000100000101000001100000010010000,000011000110000000010001000000100011,000000000001010011100010101001000000,100100011000000100000000010100001100,54,7398ms
100101011000000101100000000000001000,001000000010100000001101000000000111,000000100100010000010000100011110000,010010000001001010000010011100000000,130,499ms
111110100010000000000000001100000000,000000000101011100000000000001111000,000000001000100010001011000010000011,000001010000000001110100110000000100,148,2431ms
110101101000000000000101000000001000,001000000110010110100000000000100010,000000000000001001011000110011010000,000010010001100000000010001100000101,136,6618ms
000110101100100000100001010000000000,001000000000000011000100001010001101,110000010011010000010000100100000000,000001000000001100001010000001110010,177,92ms
001000100001100100010001000000000011,000100011000010010000100001000011000,110001000010000001000000100001100100,000010000100001000101010010110000000,96,3340ms
011111011001000010000000000000000000,000000100010000100001010100011000001,100000000000010000110001000100001110,000000000100101001000100011000110000,177,2377ms
011010011000000010010000010010000000,000001000100000101000001000001100101,100000100000001000101000101000010010,000100000011110000000110000100001000,157,621ms
010100110001000100010011000000000000,000001001000000010001000010101000110,100000000110110001100000001000100000,001010000000001000000100100010011001,157,4552ms
111001011100000000000001001000000000,000000000001000011000100010101001100,000000100010111000100010100000100000,000110000000000100011000000010010011,157,776ms
001011011000000000100100100000100000,000000100101000000011010001001010000,010000000010111010000000010100000100,100100000000000101000001000010001011,103,12900ms
001000101110010000010000000001100000,010000000000001100000000110010010011,100101000000100011000111000000000000,000010010001000000101000001100001100,142,3975ms
000110010000100000010101100000001000,001000101010010000001010000000110000,100001000001001101100000000100000010,010000000100000010000000011011000101,143,1913ms
111101010000000110000010000000000000,000010000100000001110000010000110100,000000101011110000000000000100000011,000000000000001000001101101011001000,144,3384ms
001101000000110000000010000000101010,100000001010000000000100001110010100,010010010101000110101000000000000000,000000100000001001010001110001000001,122,8828ms
010001001000110001000000001000010100,001010000000000110001011000000001001,100100100001001000010100110000000000,000000010110000000100000000111100010,116,25210ms
111101000000000100000010010001000000,000000000101100000100000001110010001,000010101000001001011100100000000000,000000010010010010000001000000101110,146,13138ms
000001110000100110001000000000010001,000000000010011001010100011100000000,000110001100000000100010100000100100,111000000001000000000001000011001010,65,10828ms
111001010000100000100100000000000100,000010000010011010001000000010010001,000100100100000101000010011000100000,000000001001000000010001100101001010,152,2992ms
000111111000001100000000010000000000,010000000010100001000100000110010001,100000000100000000110001100001001010,001000000001010010001010001000100100,177,1324ms
100000111000011001000001000000000010,000001000001000000001110010011001000,011110000010100010000000001000100000,000000000100000100110000100100010101,162,6906ms
111000111000000100000000000010100000,000010000000100001101100000000011010,000101000010000010010000111000000001,000000000101011000000011000101000100,144,3550ms
010001101010110000000100000000100000,101100010000000000101001000000000101,000000000100000101010010001111000000,000010000001001010000000110000011010,83,4442ms
110100100100010000001010000000001000,000010001000001001000001010010000101,001000000001100000110000000101110000,000001010010000110000100101000000010,157,151ms
101110100001000000000000000000001011,010001011000010000100000101100000000,000000000110101001010010010000010000,000000000000000110001101000011100100,128,112113ms
010011011000110000000000000000000110,101000000010000000010111010000001000,000000100000000111000000101010100001,000100000101001000101000000101010000,37,8593ms
000010100001100001001110100000000000,000100001100001000110000001000101000,100001000000010110000000000001010101,011000010010000000000001010110000010,80,54599ms
011100010100000100000000010010000100,100000100001100000010000001000110001,000001000000010010001011100101000000,000010001010001001100100000000001010,102,3382ms
101001001010100000000100000010000100,000100000000000100011011100001000001,010000100101001000100000000100110000,000010010000010011000000011000001010,157,43ms
101111001000010100000000100000000000,000000100001101001000000011000011000,000000010110000010100101000000000101,010000000000000000011010000111100010,177,458ms
000000011010000001000001000001011001,000010000101000110100010001000100000,111000000000010000011100000100000010,000101100000101000000000110010000100,115,5129ms
100111010101000000010000000000010000,000000000000110101000100101000100100,010000101010000000101001010001000000,001000000000001010000010000110001011,177,659ms
011000010001000100011000000001000001,000000001000001011100100100000110000,100111000010000000000000011000000110,000000100100110000000011000110001000,132,1378ms
000100011011100100000101000000000000,010010000000010001000010100101000010,101000000100000010100000011000101000,000001100000001000011000000010010101,157,1938ms
100100100001010000000001000000000111,000000000010000001110100011100010000,011001011000101000000000000001001000,000010000100000110001010100010100000,125,22298ms
010100010000010100000011000000000011,001011000001000011001100000000000100,000000101110001000000000110110000000,100000000000100000110000001001111000,55,5341ms
010101000000110011000000000000001100,100000100110001000000000010000110010,000000001000000000111011000011000001,001010010001000100000100101100000000,51,54084ms
011101101000000010000000010100000000,100010000100000000100100100010010100,000000010001010001010001001000100010,000000000010101100001010000001001001,87,6121ms
111000001000100100001000000010010000,000111100000000010000001001100000001,000000010101000000010000110001000110,000000000010011001100110000000101000,112,4045ms
110110110000010000000010000000000001,001000000101100000000100100001101000,000001001000000100011001000100010100,000000000010001011100000011010000010,177,761ms
011100101000000000010000000001001001,000011000100010000000101001010000010,100000010010100101001010000100000000,000000000001001010100000110000110100,157,680ms
010111101000000000000100000001001000,001000010100000110000000000010100011,100000000001011001101010000100000000,000000000010100000010001111000010100,177,23434ms
000101110100100010100100000000000000,110000000000010000011000010000000111,000000000010000101000010101110001000,001010001001001000000001000001110000,76,34505ms
010101110000000000000011000000010001,100000000001001001100000010011100000,001010000000110100010100100100000000,000000001110000010001000001000001110,102,9940ms
001111101000010000000000110000000000,000000000000001000000011000111111000,000000000010100111010100001000000010,110000010101000000101000000000000101,67,35203ms
101110101000100000100001000000000000,000000010001000101000100011001100000,010000000000001000011000100010001110,000001000110010010000010000100010001,177,1153ms
101100100000110001000000000000001001,000010000010001000100000110101000100,000001000001000110011000000010100010,010000011100000000000111001000010000,84,7478ms
001010111000010000000101000010000000,000100000000100000100010011100110000,010000000110000011000000000001001011,100001000001001100011000100000000100,84,27198ms
001001001000110010100001000000000010,010000010010001000000000111000001100,100000000101000000001110000100010001,000110100000000101010000000011100000,148,1414ms
101010101000010010010000000000000001,000100000011100100000000010100100100,000001010100000000100010100001011000,010000000000001001001101001010000010,157,577ms
100100010101000000101010001000000000,000001101000000100010000100001000101,011010000000011000000000010100100010,000000000010100011000101000010011000,157,587ms
010111010100010010000000000000000001,100000000000100000101000011100010010,000000100011000000000110100011001000,001000001000001101010001000000100100,119,10290ms
010110000010010000010010001000001000,001000100000001100100100000100000110,100000001001000011000001010001000001,000001010100100000001000100010110000,115,3041ms
111111110000000000000000000000100000,000000000101100010001110001000010000,000000000010000100110000000101000111,000000001000011001000001110010001000,177,88ms
101110000001000000000000101000010010,000000111000000100010001000001100001,000000000100110011101000000100001000,010001000010001000000110010010000100,160,2110ms
100110111000010000000000010000000100,001000000100000100010010001001101000,010000000000001011100000000100010011,000001000011100000001101100010000000,177,242ms
001111010000000010001100000000000010,010000000100100000100000011001100001,100000100001000101010010100000001000,000000001010011000000001000110010100,133,5686ms
100010100000110001000000000010011000,011001000100001000001010010100000000,000000011000000110000001100000100101,000100000011000000110100001001000010,48,4695ms
111000011000000000000010010000100100,000110000000111000011001000000001000,000001100110000100000100001001010000,000000000001000011100000100110000011,119,8214ms
110101110001000000000000000001100000,000010000100011010000011000000001010,000000001000000101111100110000000000,001000000010100000000000001110010101,144,7632ms
011001011000000000010100010000000100,000000000011100001000001100000011001,100010000000010000101010001110000000,000100100100001110000000000001100010,157,385ms
101100001000000100000000100011000100,000000100101000000000110010100000011,000000010000100011111000001000100000,010011000010011000000001000000011000,109,11051ms
101101010100001000000010000001000000,000000100001000001000101000000101110,010010001000000010010000010110000001,000000000010110100101000101000010000,157,192ms
101000011100000000010000100010000001,000110000001101100100000001000010000,010000100010010000000010010001101000,000001000000000011001101000100000110,143,961ms
001011001010000000000010000000001011,010100100100000000110001100010000000,100000010000110001000000001001110000,000000000001001110001100010100000100,80,23972ms
110101111000000000000000000001010000,000010000001100001000110001000000110,000000000110000110110001000010100000,001000000000011000001000110100001001,143,697ms
101000001001000010000011001001000000,010001100000011000110000000000010100,000010000100000001001100100110000010,000100010010100100000000010000101001,102,1381ms
100111100001010000000100000100000000,000000000100001011010000001000111000,001000001000000000000011010011000110,010000010010100100101000100000000001,160,2885ms
110110100001000100011000000000000000,001001001010000000100100000001000110,000000010000101000000011101000011000,000000000100010011000000010110100001,116,30601ms
000100001001100100001000101001000000,001001010010000000010010000010101000,000000100100010010100101000100000010,110010000000001001000000010000010101,41,8404ms
110110011000001000010100000000000000,000000100011000011000000011100000001,001001000000000100101000000011010010,000000000100110000000011100000101100,177,81ms
001100001000000001101100010000010000,100001100000001110010000000001100000,010010000100110000000010001010000001,000000010011000000000001100100001110,92,7274ms
100101101000000010001000000100000001,001000010000110000000000110010001010,000010000010000001100010001001110000,010000000101001100010101000000000100,124,2578ms
010001100000001001000100001010100000,100000000101110100100000000000001010,000100001010000010001000100001010100,001010010000000000010011010100000001,25,6704ms
010101111000010010000000000100000000,000010000111000000000010000000111100,101000000000100000011001000011000010,000000000000001101100100111000000001,157,180ms
110100010010000000100100000000010010,001011000000000010000000000001101101,000000000000011000010011111100000000,000000101101100101001000000010000000,127,45440ms
001100101000000000000001100000110010,110001000100000000100110000001001000,000010000010110100010000000010000101,000000010001001011001000011100000000,48,13524ms
010000000100010101000000010000100011,001001001000000000000001100101010100,000010110000101010111000000000000000,100100000011000000000110001010001000,52,15792ms
110101100010000000000000010100000100,001000010000010100110010000011000000,000010000001100010000001100000100011,000000001100001001001100001000011000,108,4268ms
100000011001001000100000100000110000,010010000100000000001000001110000101,001101000000110000010101000000001000,000000100010000111000010010001000010,116,4017ms
101101011000100000000000000101000000,000000000010001111000001100000000110,000000000101000000101010011000010001,010010100000010000010100000010101000,136,7038ms
001101101000011000010000000100000000,000000000000100111000001001011000010,000010010010000000100010000000111001,110000000101000000001100110000000100,86,1942ms
000111001000010000000010000110010000,001000100100000000000101001000100101,100000010010100101010000000001001000,010000000001001010101000110000000010,135,2411ms
110111101000000010000000000000000100,000000000000100001011000110001101000,000000000000001100000111001110000010,001000010111010000100000000000010001,177,2103ms
101000100011000000000110100010000000,000000010000001011110000000101100000,000110001000110000001000011000000001,010001000100000100000001000000011110,112,7242ms
010110111010000000000100000000100000,000000000001100101000010110000010001,100001000100010000000001001001001010,001000000000001010111000000110000100,177,626ms
010011010000010000100100000000100100,101100101000000010010000010100000000,000000000100001101001011100000001000,000000000011100000000000001011010011,70,41470ms
101100011000100000000001101000000000,000000000100011111100000000100001000,000000000001000000010110010011000110,010011100010000000001000000000110001,81,148249ms
010011100010000001000100000000110000,000000011000001110001000001100000001,101000000001000000000011100001001010,000100000100110000110000010010000100,124,3203ms
111101001000000000000010000100000100,000000000000100100101100101000010001,000000000101011001000000010011100000,000010110010000010010001000000001010,157,677ms
110100111000000000010000010001000000,001011000000001000000100100110000010,000000000001000001101011000000110100,000000000110110110000000001000001001,132,23591ms
011000101000000010001001000010000100,000110000010000101100000100001000001,000001000000101000010010000100101010,100000010101010000000100011000010000,82,6809ms
011110101001000100000000000001000000,000001010000000010001011110100000000,000000000110101000110000001000001010,100000000000010001000100000010110101,119,127515ms
000110111000010001000000000100010000,100000000100000010110100010000001010,001001000010101000000001100010100000,010000000001000100001010001001000101,83,10284ms
101111000000001000000000000000100110,010000001000100110100000000110001000,000000100100000001010110010001000001,000000010011010000001001101000010000,131,14240ms
101111101010000000001000000000000000,000000010100000100000111000011001000,000000000001000001100000100000110111,010000000000111010010000011100000000,159,4003ms
111011111000000000000000001000000000,000000000111001010101000100100000000,000000000000100101010000010001001101,000100000000010000000111000010110010,136,2734ms
001011101000000001000000010000100100,100100000000100000110101001010000000,000000000101001110000010100000010001,010000010010010000001000000101001010,48,19900ms
010111001000001000000001000100010000,000000000010010110000110000001100001,000000000101100001101000101000000100,101000110000000000010000010010001010,92,142150ms
010101101110010001000000000000000000,100000000000000110100100000010010110,000010010001100000000001111001000000,001000000000001000011010000100101001,112,15861ms
100010000100101001000000000000101100,011100000001000000100010010100010000,000001110010000000011100001001000000,000000001000010110000001100010000011,96,15727ms
010000100000000000001010010011000110,000001010101010000010000100100000001,000010001010000001000101001000011000,101100000000101110100000000000100000,28,2833ms
011011100000000010000011000100000000,000000010100001001001000001010000011,100100000000100100110100100000000100,000000001011010000000000010001111000,157,306ms
110010100010000000011010010000000000,000000001001000010000100101001100001,001101010000001000000000000010001110,000000000100110101100001000100010000,157,1002ms
000101000101001010100000010000000100,100010000010100001001000000000101001,000000101000010000010100101101000000,011000010000000100000011000010010010,50,20966ms
010001000001100010010000011010000000,000100000000001001101000000100101001,001000001100010100000001000001010010,100010110010000000000110100000000100,51,15577ms
