000010011100100000000001010000100010,000000000001010110010000100001001100,100000100000000000101110001010010000,011101000010001001000000000100000001,74,54591ms
110100010000101000000001000100000010,000010001001010000000100000001110100,000000100110000000110010011000000001,001001000000000111001000100010001000,157,611ms
000010010010000000111000000011010000,101100100001001000000000100100100000,000000001000110100000101011000000100,010001000100000011000010000000001011,16,1582ms
010100001001000100000000000011000101,100000000110001000001110100000100000,000011010000000001110001000100001000,001000100000110010000000011000010010,102,13917ms
101010111010000100000000000000000010,010001000100101000110010000000000001,000000000000000000001001001101111100,000100000001010011000100110010000000,128,46116ms
010001001001000000000001001000110010,101000010100000100010000010010001000,000010100010011000100100100000000100,000100000000100011001010000101000001,44,6203ms
110000000000100011101000000000001001,001100000001000100000100100100010100,000010010010001000000010001001100010,000001101100010000010001010010000000,85,903ms
110001010101000010000101000000000000,000100100000111001100000001100000000,000010001000000100011000100010100001,001000000010000000000010010001011110,136,5957ms
110110001001001000001000000000001000,000000010000000010000001011100010110,001001100000110001000000000010100001,000000000110000100110110100001000000,163,11766ms
110110101001000000000000100010000000,001000000000110000010100010000100110,000000010010000011101000001000001001,000001000100001100000011000101010000,177,271ms
111010110000000000000001001000000100,000101000000010100110000010010010000,000000000010101010000010100001001010,000000001101000001001100000100100001,120,12019ms
101100010000000000001000100000011001,000010101000010000010000000110100010,000000000101100101100100011000000000,010001000010001010000011000001000100,116,40765ms
000101111001100010000000001000000000,001000000000010100010100010001010001,000010000110000001001001000110000010,110000000000001000100010100000101100,80,13022ms
011101111000000001000000100000000000,000010000010011000100100001100000001,100000000001000000001010010000111010,000000000100100110010001000011000100,151,5812ms
000001010001100000001001001001001000,111100001010001000000000000000000110,000000100100000101110010010010000000,000010000000010010000100100100110001,14,3497ms
000000111011000001100000000100010000,010001000000100010000000001011100001,100010000000010100001011000000001100,001100000100001000010100110000000010,101,8053ms
010000011000011100100100000000001000,100001000100000001000001000101100100,001110000011000000000010001010000010,000000100000100010011000110000010001,103,9235ms
000101011100000010000000010000011000,101000000010000100000010100100000101,010000100001111000100000001001000000,000010000000000001011101000010100010,97,9594ms
111110010000000011000000000100000000,000000000000010100001001101000110010,000001001110001000110010000010000000,000000100001100000000100010001001101,177,97ms
110010110000010011000000000100000000,000100000100000000100010001000111010,001000000001100100000101100001000100,000001001010001000011000010010000001,142,389ms
001101011001000000000000000010001100,000000100000010011001010000100100001,000010000110000100010100010001010000,110000000000101000100001101000000010,85,9781ms
010101011100010000001000000100000000,100010100010000000010100000010010010,001000000001101000000010101000100001,000000000000000111100001010001001100,92,9840ms
001100000000000100101001000001001010,000000000100100010010110001010000100,100011010000011000000000010100010000,010000101011000001000000100000100001,114,18537ms
100010111010001000000000100000000001,010101000001000011010000000001100000,000000000000110000101110011000010000,001000000100000100000001000110001110,96,31466ms
111010100001100000000100000000000100,000000011010000001010010000010000011,000100000100011000100000101001001000,000001000000000110001001010100110000,157,352ms
011111100000000000100000000010100000,000000010100010010010000011000001001,000000001000100001000101000101000110,100000000011001100001010100000010000,141,381ms
110000011001001000100100000000001000,001001000010010001000001110000000100,000100100100100000001000001110000010,000010000000000110010010000001110001,157,970ms
110010000000100110010000000011000000,001100001001010000000010000000001110,000001100110000000001100100100010000,000000010000001001100001011000100001,139,201ms
001110101100001000000000000000000110,010000000010010100100001000000101001,000000010001000001011100101000010000,100001000000100010000010010111000000,77,3828ms
011111111001000000000000000000000000,100000000010010000010001110000010100,000000000100000010000000001110101011,000000000000101101101110000001000000,135,28817ms
001101101000000000000001110000010000,100000000000010101110010000000100100,000000010011000010000100001100001001,010010000100101000001000000011000010,55,9081ms
101011011101000000000000100000000000,000000000000001010001010001010111000,000000000000110000100101000101000011,010100100010000101010000010000000100,119,38310ms
010100010001010100001000000100000001,000000100010000001000111001000010010,001000001100000000100000010011001100,100011000000101010010000100000100000,116,6168ms
110110111000000000010000001000000000,000000000000010011000111100000001100,001001000010000100000000000111000011,000000000101101000101000010000110000,177,857ms
010010110000100011010000001000000000,101000001110010000000101100000000000,000101000001000000100010010000100011,000000000000001100001000000111011100,77,125738ms
110010101000000000011010000000001000,000000010110110100100000010000100000,000100000001001000000000001111010100,001001000000000011000101100000000011,157,3965ms
100001000100000000100111100000000100,010000000011100000000000000111001010,000100011000010110011000010000000000,001010100000001001000000001000110001,115,142004ms
010011000001001001000000001000000101,001000000100110010100000110100000000,100100001000000000011011000010010000,000000110010000100000100000001101010,142,14874ms
011110001000000101000000010010000000,000001000100010000001010001101001000,000000100000001010110100000000010011,100000010011100000000001100000100100,100,2230ms
000111001110001000010000010000000000,000000100000100101000100001101010000,010000000001000010100001100010000011,101000010000010000001010000000101100,116,6599ms
101010110001100010000000000000001000,010100000100010001000011010001000000,000001000000000100011000100100110010,000000001010001000100100001010000101,122,26417ms
110010011000000000000001100000000011,000100000000000111010010000100001100,001000000111111000100000000000100000,000001100000000000001100011011010000,157,3916ms
011111011000000000000000000101000000,000000100000100000110010010010010010,100000000011000101001100000000001001,000000000100011010000001101000100100,177,295ms
111010011110010000000000000000000000,000000000000100010010111100000001100,000101100000000001100000011100000010,000000000001001100001000000011110001,157,170ms
100011111000000001000010000000000001,000100000100010110000101000000101000,011000000001101000101000101000000000,000000000010000000010000010111010110,157,1953ms
010111011000000000010001000001000000,001000100000010000000100010100101001,000000000111100000001000001010010100,100000000000001111100010100000000010,89,96219ms
010111010000000000100000100100010000,000000000010100010000101010000100011,000000100000011100001000001011001000,101000001101000001010010000000000100,122,17653ms
100101000100000001000001000010001100,000010100010001010010100000000100010,001000001000010000100010110001010000,010000010001100100001000001100000001,141,576ms
000101100000110100000100000000000011,011000010011000010010000000001100000,000010000000001001001011011000001000,100000001100000000100000100110010100,0,204ms
000111110000000100110010000000000000,010000000111000011000000000001011000,000000000000100000000100111010100101,101000001000011000001001000100000010,74,98465ms
001101010100110000011000000000000000,000000000000001011000001000001011011,100010000001000000100100101010100000,010000101010000100000010010100000100,135,5426ms
011110011000000000000010100100000000,100000000101000101000100000001001100,000001000000000010101001011010100000,000000100010111000010000000000010011,136,3336ms
000100101010011000000000000010000011,001000000000000000001000011001111100,000011000000100110010111000000000000,110000010101000001100000100100000000,47,219883ms
111110110000000000000000100001000000,000000001110110000000000000100011001,000001000000001110111010000010000000,000000000001000001000101011000100110,177,743ms
010101100000010010101000000000001000,000000010001000001010000110100110000,101000001010100000000000001000000111,000010000100001100000111000011000000,141,2533ms
010111111000000000001100000000000000,100000000001110000100010010000000110,000000000010000011000000001101111000,001000000100001100010001100010000001,102,21930ms
011000100010000011001000000000110000,000001010100111000100010100000000000,100100001001000100010000010000001001,000010000000000000000101001111000110,118,93248ms
010010011000100000001100100000000010,000101000000000001110011000000001100,101000100111001100000000000000100000,000000000000010010000000011111010001,157,3475ms
011001001000010100000010000000011000,100100000000000001010000101000100011,000010010001001010100100000100000100,000000100110100000001001010011000000,87,3447ms
000111011010000000000011010000000000,000000100001010100011000000010001001,011000000100100001100100000000010010,100000000000001010000000101101100100,136,3222ms
001110100000100000001000000000011100,000000000010001010000101011010000001,100001010100000000100010100000100010,010000001001010101010000000101000000,146,5196ms
000110011000110100100000000000001000,000000100100000000001110000101100010,001001000011001000000000011000010001,110000000000000011010001100010000100,86,4391ms
000000010011110000000100001010001000,010001100100000001111000000100000000,001110000000000100000001110000000110,100000001000001010000010000001110001,34,304ms
010011101010000000000101010000000000,100100000100001111000000100010000000,000000000001010000101010000100001110,001000010000100000010000001001110001,84,65025ms
111111011000000000000000000000100000,000000000000100000100001011011000110,000000100101011000001100000100010000,000000000010000111010010100000001001,177,59ms
110010111000000110000000000000000010,001101000000000000100011000001110000,000000000011010001000100010100001001,000000000100101000011000101010000100,119,99392ms
110100000000000010010001001000011000,001000001011000000000110010001000010,000000100000111000101000100100000100,000011010100000101000000000010100001,132,8693ms
010000001100000101100010001100000000,100110000000000010010001110010000000,000001100000100000001000000001111001,001000010011011000000100000000000110,76,12680ms
000110110100010000000010000010100000,100001000000000110000100101000000110,000000000001100001010001000101011000,011000001010001000101000010000000001,72,24401ms
110010010001010000000000000000100110,000000100010001100010010000011010000,000101001000100010001101100000000000,001000000100000001100000011100001001,135,7828ms
110011110001000000000000100000000100,001000000010001000010011011000000001,000100000100100011100000000100110000,000000001000010100001100000011001010,157,611ms
100000100000100010010000000010001011,001010010001010000000101100100000000,010001000010001001100010001001000000,000100001100000100001000010000110100,96,11659ms
100001011000001000100010101000000000,010010000100000010000100010001100100,001100000010100000001000000110000011,000000100001010101010001000000011000,139,3089ms
011001100000010010101000000000000100,100000001001001001000110000000100010,000100000110000100000000110110010000,000010010000100000010001001001001001,120,888ms
000010000010100100000111001000000001,000100010000001001110000100001000010,111001100100000000000000000100011000,000000001001010010001000010010100100,157,1539ms
111011110000000001000000000001000000,000100001000000010000101010100001001,000000000100101100111010100000000000,000000000011010000000000001010110110,157,5421ms
100101110000001000100000000000010010,001010000011000001010000101100000000,000000001100010010000100010000101100,010000000000100100001011000011000001,107,3290ms
100011101010000000001010000000001000,001000010000000100100100110000100010,010000000000110011000000000110010100,000100000101001000010001001001000001,139,9411ms
001001111100010001000001000000000000,100000000010001100001010000001100100,000100000001100000000100111010010000,010010000000000010110000000100001011,57,38165ms
101100011000100001000100000100000000,000010100000000000110010000011001010,010001000010010110000000010000100001,000000000101001000001001101000010100,129,16452ms
111110111000000000000000000100000000,000001000010001000100111000001010000,000000000000100001010000111010000101,000000000101010110001000000000101010,177,125ms
101001011101000100000000010000000000,000010000000010011000100000110100010,000100000010101000111000001000000001,010000100000000000000011100001011100,157,26181ms
110011010010100000001000000000100000,000100000100000011100001100000010010,000000100000000100000100001111000101,001000001001011000010010010000001000,157,8551ms
101101101010000000100000000000100000,000000000000001110000101000001011010,010000000101110001000000110000000100,000010010000000000011010001110000001,157,2509ms
111100111000000000000000000101000000,000001000001001000011111000010000000,000000000010000110100000010000011011,000010000100110001000000101000100100,157,121ms
000110111000100010001000001000000000,010000000000001000010001100100110001,001000000111000001000110010010000000,100001000000010100100000000001001110,81,18793ms
001011111000011000001000000000000000,100000000000000011100001010011000001,010000000001000000010010101100101000,000100000110100100000100000000010110,75,54614ms
000000110100100000110000010001010000,100011000001010010001000001100000000,001100001010000001000011000000100010,010000000000001100000100100010001101,77,2201ms
110001100000010000000110100000000100,000010000101100000100000001001001010,001100001000000000011001000100010001,000000010010001111000000010010100000,146,3128ms
011110110100000000000000011000000000,100001000000000110000000000000111011,000000001000010000111101100010000000,000000000011101001000010000101000100,139,71645ms
110110100010100000000010010000000000,000001000001010110100000100010000001,001000010100000000010101001100000010,000000001000001001001000000001111100,167,829ms
010100110001010000000000100000000101,001000000100101000100111010000000000,000011000000000001011000000010110010,100000001010000110000000001101001000,53,52277ms
101001000000011100000100000100000100,000010010100100010000001100000010001,010100000010000001100010010010001000,000000101001000000011000001001100010,143,526ms
010001010000001010100001000010000001,100000101001000000011100000000001010,000110000010000101000010010000100100,001000000100110000000000101101010000,75,1387ms
110000110000011010000000001000010000,000000000001000100101110000100001010,000110000010000001010001100000100100,001001001100100000000000010011000001,105,14017ms
111100101010000000000001000100000000,000001000000001110011000010000010100,000000000101110001100000100001001000,000010010000000000000110001010100011,157,521ms
110011111000000001010000000000000000,000100000111010100001000000000100100,000000000000101000000100011011010001,001000000000000010100011100100001010,128,9111ms
100001001100010001110000010000000000,000110000001100000000011000010010100,000000010010001100001100101001000000,011000100000000010000000000100101011,88,70803ms
100101010000000000000000000110010011,010010000000000100110000000001101100,001000100001110000001011010000000000,000000001110001011000100101000000000,130,187623ms
000000000101000000000010011110001001,100100000000000011001001000000110100,011011000000011000010000100000000010,000000111010100100100100000001000000,94,9693ms
111010101000000000000100101000000000,000100010000011010000001010001000001,000000000100100000010010000110111000,000001000011000101101000000000000110,146,5216ms
101110111000000000000000000100000100,000001000101001001001010100000010000,010000000000100100100001010010001001,000000000010010010010100001001100010,177,106ms
010101001101000000010000100001000000,100000000000011110001010000000000110,000010000000000000000101010110101001,001000110010100001100000001000010000,82,23857ms
011100100000000001001000101000000001,100000000101101000010001010100000000,000010010010010110000000000000111000,000001001000000000100110000011000110,69,265279ms
100101100010000100010000100000000100,001000000000000011001000000110010011,010010000001110000100010001000100000,000000011100001000000101010001001000,144,2549ms
000111010000000011000101000100000000,010000000100010100010000000011000011,100000001000101000000000111000011000,001000100011000000101010000000100100,110,2569ms
101111111000000000000100000000000000,010000000000000001011000010011011000,000000000110011100100000100000100010,000000000001100010000011001100000101,177,397ms
101111011000000010000001000000000000,000000100110001000100100000001100100,000000000001000001010010010100010011,010000000000110100001000101010001000,142,8421ms
000101010001001000000000110100100000,000000001000100111000000000011010001,000010000000010000110111000000001100,111000100110000000001000001000000010,39,16355ms
110100110010000001000000000000010100,000000000000101100001110001001001000,001010001100000010000001000110000001,000001000001010000110000110000100010,157,291ms
100111010000011000000000000000101000,001000001001000000000101000001010110,000000100010000011111000001010000000,010000000100100100000010110100000001,108,8747ms
100010100001000001000000011100001000,010001001010010100001000100000000010,001100000000100000110100000001010100,000000010100001010000011000010100001,120,2475ms
001111110000000000000010000100000100,010000001110000111000000010000000010,000000000001110000001000101011100000,100000000000001000110101000000011001,88,100731ms
111111100000001000000000000000000001,000000011100100000000110000100100100,000000000011000101011001010000010000,000000000000010010100000101011001010,141,5157ms
010110101100000000100000100010000000,100000000000100110000011000000010011,000001000000010001011100001100100000,001000010011001000000000010001001100,122,8378ms
001011110000000000000100010010100000,010000001001101100101000100000000000,100100000100000011010000001000000101,000000000010010000000011000101011010,121,56701ms
000001101011000001000011010000000000,000010000000100010101000000111100000,101000000100010100000100000000001011,010100010000001000010000101000010100,93,12362ms
010101101100100010000000010000000000,000000000000011000100001000101001101,100000010010000001010110000000100010,001010000001000100001000101010010000,157,2886ms
001100101000110000010000001001000000,110000000000000100000000100110111000,000010010100001010101110000000000000,000001000011000001000001010000000111,99,9413ms
111010010000110000000000010000100000,000100001101000000010001000101001000,000001000000001010101100001000000101,000000100010000101000010100010010010,157,2002ms
111011100000000000000000000000001011,000000000001011001010010100110000000,000100001000000000101101010000100100,000000010110100110000000001001010000,141,7428ms
111001010000000000000001000010101000,000100001001011000010010101000000000,000000100100000110100000000101010001,000010000010100001001100010000000110,157,1926ms
010110011000001100000010010000000000,100000000010010001010001001100000010,001000100001000010100100100000101000,000001000100100000001000000011010101,104,49865ms
011000010001110000000000001100010000,100000000010001011000000100011000001,000011100100000100010100010000000010,000100001000000000101011000000101100,92,60375ms
100110011100001001000000000010000000,000001100000000010000001001100110100,011000000000000100101100100001000001,000000000011110000010010010000001010,177,1327ms
110101110000000000000000100000001010,000000000011001001000101000100100100,001010000100000000111010001000000001,000000001000110110000000010011010000,157,120ms
010011010000010000000000000010100101,000100100101100000010101001000000000,001000001010001010000000100000011010,100000000000000101101010010101000000,75,154860ms
101011000001000000001101000000010000,000000001000001000110000100000101110,000100110010010100000000000101000001,010000000100100011000010011010000000,157,6690ms
000100010101010000000110000001000010,011000000000101000101000100100100000,100000100000000110000000011010000101,000011001010000001010001000000011000,70,781ms
011101100001001000001000000000000100,100000000000000011100000000111000011,000010011100110000010100001000000000,000000000010000100000011110000111000,96,61271ms
001001010100000010100001010000000001,000100100000011001001000000011000100,110010001000000100010100100000001000,000000000011100000000010001100110010,157,4518ms
011000101100110000000000000001000100,000101000001001001100110000000000010,100000010000000000001001111010001000,000010000010000110010000000100110001,143,22868ms
011101001000000100000000100010000100,000010000000100001111001001001000000,000000100000000000000110010000111011,100000010111011010000000000100000000,93,152522ms
000100100000000010000100100001101001,101000001000010000110010000010010000,000010010101101000000001001000000100,010001000010000101001000010100000010,21,3673ms
100000101000000000101000011100001000,000000010011100000000010100011000010,000111000100001000010101000000000100,011000000000010111000000000000110001,160,7031ms
111010111000000000000010000000001000,000101000000011011000000000011000001,000000000000100000101100101100010010,000000000111000100010001010000100100,157,8904ms
111101011000000010000000000000001000,000000000111110000001001000000010100,000010000000001001010000001101000011,000000100000000100100110110010100000,157,98ms
010001101100000000000000100110010000,000110000000110010001001010000000001,101000010000000101110000000001001000,000000000011001000000110001000100110,157,75ms
110101001000000010100100100000000000,000010100101000101001000000010000100,001000000000110000000000011100110010,000000010010001000010011000001001001,142,4811ms
101000001000000011100000011000010000,000010000111000100001101000010000000,010101010000110000000010000001000010,000000100000001000010000100100101101,129,11687ms
010111110000000010000000010000001000,001000000000110000100001100100000110,000000000110001001010010001000110000,100000001001000100001100000011000001,112,22926ms
100100000100010001000000100010000110,010000011010000110001000000000110000,001010100001100000010010001100000000,000001000000001000100101010001001001,123,6414ms
100110110000000100000000000100000011,000000001110111001000100000000001000,001001000000000000111011000001010000,010000000001000010000000111010100100,177,2130ms
110111101001000000001000000000000000,000000010000100001110110000100000010,000000000010011000000001110000101001,001000000100000110000000001011010100,147,9309ms
001000111100001010000000000000010010,000011000011100000110001000100000000,010100000000010101000000110001000001,100000000000000000001110001010101100,67,33668ms
001011011000000100000100000000000101,000100000011100000010010000010001010,100000100000010000000001101101100000,010000000100001011101000010000010000,142,902ms
011110101100000001000100000000000000,000000010001010000100010010001100010,000000000010101010000001101000001001,100001000000000100011000000110010100,120,35587ms
111110011000000100000100000000000000,000000000100100010010001110100001000,000001100010010000100010001001100000,000000000001001001001000000010010111,177,1222ms
010001011100000000100000001000000110,001010100000010010000010010001000001,000100000010001100000001000110011000,100000000001100001011100100000100000,95,9370ms
010111001000001100000000001000000010,100000000000110000000011000111000001,001000100110000011110000000000100000,000000010001000000001100110000011100,128,27437ms
100010000100001100010000000001100001,000001110000110011000000010000001000,000100000011000000000110000010010110,011000001000000000101001101100000000,48,28563ms
111111110000000000000010000000000000,000000001001100000011001000000101100,000000000010010010000100011101000010,000000000100001101100000100010010001,152,1648ms
011111000000000010010000000000000110,000000000000000101001010010100111000,100000101000010000000100101011000000,000000010111101000100001000000000001,156,3168ms
100010011010000010001000001001000000,000001100000011100000100000100010100,001100000000100000110000100000101001,010000000101000001000011010010000010,134,3386ms
000100110100100000100001000000101000,110000000001001101010000000001000100,001000000000010010001100101010000001,000011001010000000000010010100010010,39,3366ms
001100010010100010000100000000010001,010000001100001100000001001000001100,100011100000010000110000000101000000,000000000001000001001010110010100010,133,347ms
100111101000001100000000000000000010,010000010101000000000100000010101001,001000000000110000010010110000010100,000000000010000011101001001101000000,111,34330ms
101101110000000000010001000000100000,000000000110100101001100001010000000,010000000001011000000000110100000110,000010001000000010100010000001011001,157,1643ms
101000110011000000010000000100010000,000100001100001100100000000001000101,000001000000100011001100000010100010,010010000000010000000011111000001000,108,3561ms
110110011010100000000001000000000000,001001100000000100110000100100001000,000000000101000001001010010001010001,000000000000011010000100001010100110,153,65686ms
111000001000001000000010001011000000,000010000100000110111001000000100000,000001000010010000000100100100010110,000100110001100001000000010000001001,143,2530ms
101001101000000000000011100000000010,010110010000110000000000010011000000,000000000100000000111000001100010101,000000000011001111000100000000101000,132,8183ms
000011011001000101000000010000010000,000000000010010000101001100001000011,000100000000100010010100000110001100,111000100100001000000010001000100000,30,13476ms
011011010000000000001100001100000000,100100000010011000000000010000111000,000000100100100101010001000010000100,000000001001000010100010100001000011,99,5287ms
011100110001001000001000000000000010,100000000100010001110110100000000000,000011000010000110000000001001110000,000000001000100000000001010110001101,84,53757ms
010101000100010000001000000010001001,101000010011100100000010000100000000,000000100000000011010101100001010000,000010001000001000100000011000100110,35,6758ms
011011011000010000000000000010000010,100000000111100100010000001000000001,000000100000001000001101110100001000,000100000000000011100010000001110100,96,11006ms
011111101000000000010001000000000000,000000000100010010101000010000011010,100000010011001001000100001000000001,000000000000100100000010100111100100,177,5481ms
001110010000000100010000100010100000,100001001010000000101010001100000000,000000100000100000000001010001011011,010000000101011011000100000000000100,51,4903ms
010110010000010010000001010001000000,000001000100101001110100000000000010,000000001011000100000000001110100001,101000100000000000001010100000011100,72,36941ms
011001101000010000010000000000100001,000010010100100010000000000101001100,100100000010001001101010000010000000,000000000001000100000101111000010010,157,7638ms
011110010010100000000001000100000000,100001001101000001000010000000010100,000000100000010010011000110000100001,000000000000001100100100001011001010,96,43174ms
111100100001000000000000010010000001,000011000000111000010110001000000000,000000010000000000101001100100110010,000000001110000111000000000001001100,157,73015ms
110000111000000010000010000000110000,001001000000000000100100110101000100,000010000001101101010001000000001000,000100000110010000001000001010000011,90,29077ms
101011001000000000010100001000000100,000000010001001000100001110100010000,000100100010110000000000000001100011,010000000100000111001010000010001000,142,2438ms
101011110000000000001010000001000000,010000000000010100000000100100110011,000100001010100000010001000010001100,000000000101001011100100011000000000,127,18150ms
001011000000001000001010001001000100,000000001011010100110000000010000001,010100010000100000000001100100011000,100000100100000011000100010000100010,75,2717ms
110000010000000100010010100000010010,000011001100000000000000001110100001,000000100011100010100101000000000100,001100000000011001001000010001001000,99,11279ms
001000101000000001001110001010000000,000010010010100000010000100000010101,110001000001011000100001000000000010,000100000100000110000000010101101000,149,5936ms
010001100000000010000110000110100000,100100000110010000110000100000001000,000010001000001001001001001000010001,001000010001100100000000010001000110,52,1710ms
010100100001000010001000001000000011,101010010110000000000001000000001100,000000000000101001100100000110110000,000001001000010100010010110001000000,52,6104ms
010110001000100000000000100001000011,000001010011010110000000010000100000,100000000100001001000110001110000000,001000100000000000111001000000011100,166,64162ms
001010110000010001001000000010100000,100101000100101000000000001000001001,000000001001000010110110000001010000,010000000010000100000001110100000110,46,2390ms
010000101000000010001100000100100100,001001000011000001010000100000001001,000000010100111100000001000010010000,100110000000000000100010011001000010,53,19340ms
011110100010000001001000000001000000,000001000001000000000011101000110010,000000001100101100100000010100001000,100000010000010010010100000010000101,136,9246ms
011100111001000100000000100000000000,000010000110110000000100000000011001,100001000000001011110010000001000000,000000000000000000001001011110100110,157,5254ms
001000100000001000100001110101000000,000000000000110010000000001000111011,010111001010000000001100000000000100,100000010101000101010010000010000000,119,18251ms
010010100000010000010001000010100001,001000011110000100000010000101000000,000101000001000001000000011000010110,100000000000101010101100100000001000,31,6448ms
001101111000010000000000000001000001,100000000100000001000001101010011000,010010000010000000110010010000100010,000000000001101110001100000100000100,73,53664ms
000010001101000010100000001000000110,010001010000000001001011000001010000,100000100000001100010000010010100001,001100000010110000000100100100001000,90,2529ms
100000110100001000000100001100010000,011011000000000001000001110000000001,000100000011010100001000000000101010,000000001000100010110010000011000100,71,6484ms
101100101100000001010010000000000000,000001010000100000001100010101000001,010010000001001100000001100010001000,000000000010010010100000001000110110,132,4456ms
000011010000000010010010001001100000,100000001000010000000100100100001011,000000000101101001100001010010000000,011100100010000100001000000000010100,43,12928ms
000000001000001010000001111000100100,011000110010010001000010000100000000,100111000000100000000100000001010010,000000000101000100111000000010001001,69,7910ms
110010100010001100000000000101000000,001000011001000001100100001000010000,000000000100110010000001000010100101,000101000000000000011010110000001010,136,26592ms
110111001001000000101000000000000000,001000110000000000010100001100000011,000000000110100100000000100010011100,000000000000011011000011010001100000,156,40010ms
101010101010000000000000000001110000,010100010000000001011000110000001000,000001000001000110100001001000000110,000000000100111000000110000110000001,88,78025ms
111110100000000001000001000100000000,000001010010000000010000100011001001,000000000100101100100010000000010110,000000001001010010001100011000100000,177,346ms
011011000100000000000100000011100000,100100010000000010110000110000010000,000000001001000001000010001100001011,000000100010111100001001000000000100,90,10131ms
110001011010100000000000010000100000,001010000100000000100110000010011000,000100000000010010011000001001000110,000000100001001101000001100100000001,113,2441ms
000010100001100000100010001001000100,001100000100001001001000010010000001,000000001000010000010100100000111010,110001010010000110000001000100000000,0,257ms
101001010010000010000001100000000100,000100001100110101010100000000000000,010010100001000000100010000100100010,000000000000001000001000011011011001,143,47007ms
101010010100000000001000011001000000,010001001001000000010000000000101011,000000100010000011100011000100010000,000100000000111100000100100010000100,130,2329ms
001111111000000010001000000000000000,100000000010001001010000100000110100,010000000101100000000100000101001010,000000000000010100100011011010000001,125,86752ms
010000000000000010100000111010001100,000001001101000001000001000100100010,001110000010011000010000000001010000,100000110000100100001110000000000001,76,11857ms
011010111010000000000000100100000000,000000000101011001000000010001011000,100001000000000010011000001000100110,000100000000100100100111000010000001,146,1369ms
010010001010000010011010000000010000,001100100000001000000000001010100011,000000000001100000000101110101001000,100001010100010101100000000000000100,40,45554ms
110101010000000100000000000010000101,000000100010000000100100011001101000,001000001000011001010000100100010000,000010000101100010001011000000000010,144,3747ms
000110001000000010110000100000100010,101001110000001000000010000011000000,000000000011100100001101000100000001,010000000100010001000000011000011100,60,6048ms
010011111000000000000010011000000000,001000000100010000111000000010001100,000100000010101111000000100000000001,100000000001000000000101000101110010,70,11528ms
100011011001001000000000000000100001,001100000000000100010000101010010100,010000000010110011001001000000000010,000000100100000000100110010101001000,116,6652ms
101111010010000000000100000100000000,010000001001001010000000000000100111,000000100000010100011000010001011000,000000000100100001100011101010000000,135,18130ms
110100011000100000000100010000000010,001000000000001011011011100000000000,000001100101010000000000000100101001,000010000010000100100000001011010100,157,34801ms
001010001011000000000101001000000100,100101010100000000001010110000000000,010000000000010001010000000101101010,000000100000101110100000000010010001,38,25760ms
101101011000000000000000100110000000,010000100000000001010011010000000110,000000000100111110000100000000101000,000010000011000000101000001001010001,119,2638ms
000010111100100000000000000110000010,010000000000001011011000010001001000,001100000001010000100100001000110000,100001000010000100000011100000000101,94,1186ms
100110010000010000001110000000001000,000001001000000100110000001010100100,001000000110100010000001000100000011,010000100001001001000000110001010000,157,3593ms
000110000000000100100000100001010011,010000101000000010011010001000001000,100001000000111000000101000100000100,001000010111000001000000010010100000,104,8201ms
100010001000000010000010010110010000,000000100010000101001001001000000110,010000010001011000110000100000000001,001101000100100000000100000001101000,134,3327ms
011011111000001000000001000000000000,000000000011000000011000000110000111,100000000100010110100100100001000000,000100000000100001000010011000111000,157,1749ms
011001110100000000000000001000000101,000100000010100100010010100001000010,100010001000010011001001000000100000,000000000001001000100100010110011000,141,1858ms
110111011000000000000000000000110000,001000100110000000111010000001000000,000000000001100001000101010010000110,000000000000011110000000101100001001,149,58345ms
010110000010110000000000100000000101,101000000100000100100000010101000010,000001000000001001011110000000101000,000000111001000010000001001010010000,46,1059ms
100110100100000011000000010000010000,001001000010000000100010000011100100,000000010001110100010001001000001000,010000001000001000001100100100000011,114,11778ms
010010111001010001000000100000000000,000101000000001010100011001000010000,101000000110100000001100010000001000,000000000000000100010000000111100111,157,1573ms
011011100100000000000101000001000000,000000011000001100100000111010000000,100000000010100001010000000000100111,000100000001010010001010000100011000,157,1614ms
111100000010000100000001100000010000,000000000001001000010110000011000110,000010011100110001001000001000000000,000001100000000010100000010100101001,157,5868ms
110001110001010000000100000000001000,000000001000001010001000101010010100,001100000010100000100011000000100010,000010000100000101010000010101000001,150,820ms
101001001100010000100010010000000000,000100100000101101010000000000000101,010000010000000000001100101001100010,000010000011000010000001000110011000,157,2533ms
110110000000011000000001000001010000,000001110101000010000000010000100001,000000000000100000101100100110001010,001000001010000101010010001000000100,177,6001ms
001000000100001100001010000000110001,100110000001000000000101010010000100,000000011000010011110000000100000010,010001100010100000000000101001001000,49,568ms
011010010100000000001000101000001000,000001100010110100000000000100000110,000000000001000010110111010000000001,100100001000001001000000000011110000,76,229670ms
010001000100000010010001100010000100,000110010000000100101000010000101000,001000000000101001000010001000010011,100000101011010000000100000101000000,40,938ms
100000001101101010000001000000000010,000100100000010000000110010100101000,011011000010000000100000100010000001,000000010000000101011000001001010100,157,687ms
010010101001100000001000000001000001,000001010000000100110000110000101000,101100000000000010000111000010000100,000000000110011001000000001100010010,128,8801ms
001100111010010000000001000000010000,010010000100101000000000100001100010,000001000000000101011100010100000001,100000000001000010100010001010001100,33,19432ms
001100100100000000001000101000011000,010001000000010000010000010011100100,000010000011101100000011000000000001,100000011000000011100100000100000010,31,4100ms
111011101001000000000000000100000000,000000010000110000000110001000001101,000100000000000100111000100010110000,000000000110001011000001010001000010,157,50ms
010110111000110010000000000000000000,101000000010000001011000000011010000,000000000100000000000011101100100101,000001000001001100100100010000001010,114,8995ms
101101001000000000000000000010110100,000010100100000000001101000101000010,000000010010110001100010001000001000,010000000001001110010000110000000001,134,10917ms
100010010100000100100000000010011000,000000000000101001001010001000100110,001101100001010000000100010001000000,010000001010000010010001100100000001,141,578ms
101101000100001000000100001000000001,000000100010110010000000010100001010,010000011001000101001000100001000000,000010000000000000110011000010110100,128,35368ms
100101111100000000000000000001001000,000000000001011111001001000010000000,011000000010100000100000101100100000,000010000000000000010110010000010111,157,107ms
001011101010000100100000000000010000,010000010001100010010001110000000000,000100000100000001000100000011001011,100000000000011000001010001100100100,68,111365ms
001101110001000000000000000110000100,100010000100000111100000000000000011,000000000010111000000111000001010000,010000001000000000011000111000101000,83,62356ms
111100110000000100000001100000000000,000000000001110000011010000001001001,000011000110000010000100001000010010,000000001000001001100000010110100100,157,1165ms
011001000001011000000000010000000101,000010101000100000000111000010100000,100000000110000001011000100100010000,000100010000000110100000001001001010,146,1680ms
001011100010010110000001000000000000,000000011000000000100000110011010001,010100000000001001000100001100001010,100000000101100000011010000000100100,74,50605ms
101110100000100010000010000000000100,000000001000011001000100100001001010,010001000111000000010000000010110000,000000010000000100101001011100000001,177,140ms
111100011000100000000000010010000000,000011000100000111000101000000010000,000000100011011000100000000001000011,000000000000000000011010101100101100,133,4429ms
010011100000010000001000100110000000,001000000000101101000000000001001011,000100000010000000110111001000000100,100000011101000010000000010000110000,92,16010ms
100010101000101101000000000001000000,001100010010000010110000010000100000,010001000100000000000001000100011011,000000000001010000001110101010000100,136,28870ms
100100111100000000000000100001000010,000001000000001110101010000100000100,000010000010100001010001010000110000,011000000001010000000100001010001001,90,773ms
001000001000100110010100000001000001,000000000100011000000010101110010000,110100100001000001000001000000101000,000011010010000000101000010000000110,100,5451ms
001110110000000001000000101010000000,000001000001101000011000000001010010,110000000100000100000000000100101101,000000001010010010100111010000000000,177,6484ms
100100101000001000100000000100100010,001000000001110000000001000011011000,000011000100000101010100001000000100,010000010010000010001010110000000001,131,11707ms
000001110000000010100100101000010000,001100001010001000000010000011000100,000010000001100001000001000100101001,110000000100010100011000010000000010,27,30065ms
100100011000010000001000100100100000,000010100010000000010010001011000100,011001000000001100000001000000001011,000000000101100011100100010000010000,118,19511ms
101101100010001010000000000000100000,010000000001010000111001000000000101,000010011000000101000100001001001000,000000000100100000000010110110010010,122,3985ms
110011100000001010000000000000001100,000100000000010000010111010000010001,001000010100000100100000000110100010,000000001011100001001000101001000000,157,402ms
110011101000000010010000000100000000,000100000000100000001011000000111100,000000010110010001100100100010000000,001000000001001100000000011001000011,157,123ms
011110111000000000110000000000000000,000000000000010000001111110100010000,000001000001001001000000000010101011,100000000110100110000000001001000100,135,5436ms
111110101001001000000000000000000000,000001000010000010001000110001100100,000000000100000101000001000110011001,000000010000110000110110001000000010,177,425ms
011000001000000011001000001000110000,100100000000101000110001000010000001,000000000011010100000010100100001100,000011110100000000000100010001000010,49,2506ms
011111110100001000000000000000000000,100000001000000100110010000010011000,000000000010010001001101001001100000,000000000001100010000000110100000111,135,31820ms
111110001000000001001000000000000010,000000010100000000000001001101010101,000000100010010110110000010000001000,000001000001101000000110100010100000,177,742ms
111000000000010000001000000100001110,000011001001000001100010010010000000,000000110000101000000100101001100000,000100000110000110010001000000010001,94,3337ms
010100111000000000101000000100010000,100000000010011000010000000001000111,000001000101000001000001011010100000,001010000000100110000110100000001000,92,11541ms
111001111000000001000000000100000000,000100000000001000101001001001010001,000000000110110000000100100010000110,000010000001000110010010010000101000,157,145ms
111111000100000100000000000000001000,000000100001111000001000001010000001,000000011010000010100010100100010000,000000000000000001010101010001100110,177,51ms
011100001000001000100100100010000000,100001000000010001010001000100010001,000000100011000000001000010001101010,000010010100100110000010001000000100,73,20782ms
011010011000100000100000001001000000,100000000111000011000010000100010000,000101100000011100000001000000100010,000000000000000000011100110010001101,88,48933ms
111000111100000000000001000000100000,000100000001001100111100000010000000,000000000010100011000000001001010011,000011000000010000000010110100001100,130,10342ms
000101001000100000000000010100101100,001000100000000110001001000011000010,110000000010000001110010000000010001,000010010101011000000100101000000000,132,21260ms
100101101000000000001010000010000001,010010010010000000010000110100010000,001000000000011001100101000000001100,000000000101100110000000001001100010,115,16655ms
011001011000100100000010000000000010,000010000011000010001100100001100000,100000100100001001100001001000000001,000100000000010000010000010110011100,157,2053ms
011010000001101000100000000000001100,000000000000000000000101011101100011,100001101010010100010000100000000000,000100010100000011001010000010010000,141,10467ms
011100010101000010000000100000010000,000000000010011000100000011000000111,000010101000100100010100000110000000,100001000000000001001011000001101000,100,7397ms
010010000000000110000000101100001001,001100010001011000000000010000010100,100000100000100000110110000001000010,000001001110000001001001000010100000,107,7219ms
110001000000000101100101000000000100,000010100100011000000010000011001000,000100001010100000001000111000000001,001000010001000010010000000100110010,133,11985ms
100110101000000010000001100001000000,000000000110011000001010000100010010,011000010001000100000100001000100001,000001000000100001110000010010001100,131,4044ms
100011001010110110000000000000000000,001000000000001000001001110011001000,000100010101000000110100001000000010,010000100000000001000010000100110101,146,2782ms
001111100010000001000010000010000000,000000001000100100000000100101110001,010000010001010000010101000000001010,100000000100001010101000011000000100,85,30799ms
110101000100100000000000010000000110,001010000001010001100001000001100000,000000001000001010011100100100010000,000000110010000100000010001010001001,136,891ms
100001111000000000000000001101000100,010000000001010101010000000000011001,000110000010001010000011000010000010,001000000100100000101100110000100000,165,1568ms
110100111000010000000000000010100000,001000000000000100010111100000010001,000000000110000001101000011000001100,000011000001101010000000000101000010,157,2297ms
010101010000000110000000011000100000,000010001110101001000011000000000000,000000100000010000001000100110000111,101000000001000000110100000001011000,43,47986ms
100011100000001000000000000111000100,000000001010010101111000000000010000,001000010101100010000000000000001011,010100000000000000000111111000100000,143,27744ms
111101000000000000001001010000000001,000000010001001010010000000110100100,000010101110100100100000001000000000,000000000000010001000110100001011010,157,2646ms
011101011000100000000000010000010000,000000100010001000001110100010001000,000010000001010101010000001000100010,100000000100000010100001000101000101,61,13612ms
000010110000110000001010010000000001,010000000000000001110000100110101000,001100000111001010000100000001000000,100001001000000100000001001000010110,42,31334ms
011101110000000000010001000000000001,000000001110010000101010010001000000,000000000001000010000100101100110010,100010000000101101000000000010001100,99,84711ms
101100000010000111000000010010000000,000010010001011000000101000101000000,010000001100100000001010100000100001,000001100000000000110000001000011110,121,16333ms
101000011001001100001000000100000000,010001000000010000100000101001011000,000100000100100001000011010010100000,000010100010000010010100000000000111,129,1923ms
101110010000000000001100010000100000,000001100000001001000000100101010010,010000000011010100100000000000001101,000000001100100010010011001010000000,159,8187ms
111101111000000000001000000000000000,000000000011100010010000100101000001,000010000100000000000110010010111000,000000000000011101100001001000000110,157,3008ms
101100111000001000000000000010001000,000011000001000001000010010000100110,000000000110100110010101000000000001,010000000000010000101000101101010000,157,2653ms
000100111000000010000000000100100101,100000000111101000000001100000000010,000001000000010001001010010001011000,011010000000000100110100001010000000,41,35574ms
010111000000001101001000000001000000,001000000101110000000110000000010100,100000011000000000110000011010000010,000000100010000010000001100100101001,177,1633ms
100110000010000101001000000000011000,010001010000000010100000011001100000,001000101001010000000100100100000001,000000000100101000010011000010000110,112,9088ms
111000011010000100000000000000001100,000100100000001000010000011010100001,000001000001000011000101000101010000,000010000100110000101010100000000010,157,2695ms
111011010101000000100000000000000000,000000101000000000010010001010001110,000100000010000100001100100101100000,000000000000111011000001010000010001,157,204ms
011101000000000001000000100010010100,000000010001000100000111001100001000,100010001100100010010000010001000000,000000100010011000101000000000100011,144,1470ms
010011110000000000001000011000000001,000000000011101010110000000000010100,100100000000000000000101100111000010,001000001100010101000010000000101000,157,1938ms
010101111000100100000001000000000000,100000000001010000000000111001101000,001000000010001000101000000000010111,000010000100000011010110000110000000,92,21575ms
101010100000000000101000000010001001,000000001010101010000000001001100010,010101010101000001010000010000000000,000000000000010100000111100100010100,157,965ms
000001100001011010000010100100000000,011000010000000000011000000011000011,100110000000100000100100010000101000,000000001110000101000001001000010100,130,6450ms
000101110011000000000000101000000001,000000000100100000100101010110000010,000010001000000111010000000000011100,111000000000011000001010000001100000,20,2394ms
101111100000000010000000001000000010,000000010001110000001010100000001001,000000001100000000110000010011010100,010000000010001101000101000100100000,177,60ms
100111110000000010010100000000000000,000000000001000000001011000001011110,011000001110110100000000010000000000,000000000000001001100000101110100001,177,1314ms
101100100000000000010110000100010000,010001000001001001001000001001100000,000000001010110000100001110000000010,000010010100000110000000000010001101,140,10743ms
110000001010000001100001000001001000,001100000100110100000010000100000001,000001100000000010010100110000110000,000010010001001000001000001010000110,127,4031ms
010010010000101000000001010000100010,101000000010010000011000000011000001,000000000001000110000110100100010100,000101101100000001100000001000001000,29,1328ms
100111001000000000000000010110100000,000000100001000010101011100000010000,001000010010011100010000001001000000,010000000100100001000100000000001111,177,691ms
011011101010000000000000000100001000,100000000000101001001000110000100001,000000010001010100000101000011000010,000100000100000010110010001000010100,99,6525ms
101011010010010000000000001000000001,000100001101100100000110000000000100,010000000000000011000000010100111010,000000100000001000111001100011000000,157,10874ms
101000111001101000000000001000000000,010000000110000001000110000000001011,000010000000000000100000100111110100,000101000000010110011001010000000000,157,38151ms
111101001000000000010000001001000000,000000010001100000000101000110100010,000000100010011100000000010000011001,000010000100000011101010100000000100,126,1273ms
011111001000000001100100000000000000,000000000010010110010000100011010000,000000110000100000001010000100000111,100000000101001000000001011000101000,115,33646ms
100101011010000000001100010000000000,011000000000100000010000100100010011,000000100001000111000011000011000000,000010000100011000100000001000101100,92,13160ms
111011111100000000000000000000000000,000000000000000001010111100011010000,000000000001101000001000011100100100,000100000010010110100000000000001011,157,98ms
001011010000001001000000010010001000,100100101000000010011000000001000010,010000000100010100100111001000000000,000000000011100000000000100100110101,85,31819ms
110101011001000000000000000100001000,000010000010100001010010101000010000,001000100000011100100001000010100000,000000000100000010001100010001000111,157,499ms
101011100000000000000100100010100000,010000001010000000101011000100000100,000100010100110111010000000000000000,000000000001001000000000011001011011,131,34379ms
101000101000000000010100010001000100,010110000000010000000010000100101001,000001000100100111001000100000010000,000000010011001000100001001010000010,77,35799ms
001101100000001000100001010100000000,110010000010000010010100100000000010,000000000001010100001010000000110101,000000011100100001000000001011001000,67,17008ms
101111000000010000000000010010100000,000000001000000100100101100000011010,000000100010001011010000001000000101,010000010101100000001010000101000000,101,10164ms
111101110000000000000000000100000100,000010001001100101001001000000001000,000000000010000000100100111001100001,000000000100011010010010000010010010,151,2857ms
010001110000100000001000001001000100,100010000001010001100010010000000001,001000000100000010000101100010001010,000100001010001100010000000100110000,63,9811ms
101110101001000001010000000000000000,000001000110000100101001000010000100,010000010000101000000000001100101001,000000000000010010000110110001010010,163,9847ms
000010101111000010000000000100100000,100100000000101000001100110000000010,010000000000010000000000001011011101,001001010000000101110011000000000000,61,130624ms
101010001001000100100001000001000000,010101000110000011000000001000010000,000000100000101000001010010100001001,000000010000010000010100100010100110,96,28728ms
000011100000000000000001011010001001,001000001100100100001000000001010010,010000000001001001110010000100100000,100100010010010010000100100000000100,57,11335ms
111010000100011000000010000000000100,000001010000100001010000110000110000,000000001011000100001001000110001000,000100100000000010100100001001000011,157,337ms
001110000000110100100000000010000001,010001010101000010000011000100000000,100000101000001000010000011000001100,000000000010000001001100100001110010,130,4277ms
000011000010000110010100010010000000,000100100101000000100011000000110000,001000011000011001000000001001001000,110000000000100000001000100100000111,29,6425ms
100000000010101000000110001000101000,010000010000010100010000000100010011,000101001100000000101000110001000000,001010100001000011000001000010000100,112,14304ms
100011110000100100010000000000000100,000000001001001000100000001110011000,010000000100000000001111100001100000,001100000010010011000000010000000011,129,980ms
011100011000100000001101000000000000,000001000010000101010000100100100010,100000100100000000000010010001010101,000010000001011010100000001010001000,144,1385ms
101011111000000000000100000000001000,010000000100100000000001100101010010,000000000010011100010010000010100001,000100000001000011101000011000000100,130,6888ms
111111010000000000000000010000000001,000000100001011101100000100100000000,000000000010000000011000001010011110,000000001100100010000111000001100000,151,28227ms
101001111000100000000000010000000100,000100000010000000111010100100000010,010000000001010100000101000001110000,000010000100001011000000001010001001,128,3569ms
111111101000000000000000000100000000,000000000010000101101011000000010001,000000010000001010010000010011001010,000000000101110000000100101000100100,177,25ms
000011110000001000001010000001100000,110000000100100000000000100110010010,000100001010010100000101001000000001,001000000001000011110000010000001100,34,8211ms
100101001000000010000000110100000100,010010000100000000101010000010000011,000000110000110100010001001000010000,001000000011001001000100000001101000,111,3439ms
101100110110000000000000000001010000,010010000000001010000001101010000001,000001000000100101100010000100101000,000000001001010000011100010000000110,139,402ms
010100011001011000000100000001000000,000010100100100000100001000100010001,001000000010000000011000111010000010,100001000000000111000010000000101100,63,12133ms
001111011000010000000001000000000001,010000100000000001010000111110000000,000000000011001110001100000001000100,100000000100100000100010000000111010,60,29476ms
111001110100010000000100000000000000,000100001000001100100000000011011000,000000000000000010000011111100100100,000010000011100001011000000000000011,127,9929ms
111000101100000000100010000000100000,000000000011001000000100110010001001,000011000000100001001001001001000010,000100010000010110010000000100010100,157,824ms
101000000000010000000011000011000101,000001101010000001001100000000001010,000010000000101100000000101100110000,010100010101000010110000010000000000,52,8133ms
011100101000001001000001000000100000,000010000100010000000110010100010010,000001000001100100010000001011001000,100000010010000010101000100000000101,52,4909ms
000101101000001000000010000011000001,001010000011100100000000000100001100,100000000100010001010101000000110000,010000010000000010101000111000000010,100,140292ms
110011011000010010000001000000000000,000000000001001001010010100000001110,000100100000100000000100011110000001,001000000110000100101000000001110000,146,2960ms
111100010000000000100000100010001000,000000100001000110000000010001100011,000001000010101000010011001000000100,000010001100010001001100000100010000,157,1151ms
010000100100000010010010000001001001,101000010000010000001000010010010100,000111000001000001100100100100000000,000000001010101100000001001000100010,118,1636ms
001000010010000001000101001010000001,000111100000010000110010000000010000,000000000001101100000000100101101000,110000001100000010001000010000000110,17,2643ms
011100000000010001000000100000010011,000011101101000010000000000000001100,000000000000001000101111011010000000,100000010010100100010000000101100000,39,37425ms
011110000000000010000000001000011001,000001000001011101001001000100000000,100000101010100000100000010001000010,000000010100000000010110100010100100,162,1001ms
001110011000000000000000000110001100,000000000100000100101101001001100000,000001100010111011000000000000000001,110000000001000000010010110000010010,116,74212ms
000111101000100000000001000001001000,000000010011011000010000101000000001,011000000100000010001110000100010000,100000000000000101100000010010100110,117,13208ms
000001000100101000001001100100000010,110010000000010100100010000000000101,000000001010000011010000010010011000,001100110001000000000100001001100000,36,1626ms
110011000000000000100000101010100000,000000001100000110001001000001010100,001000010001101001000010000000000011,000100100010010000010100010100001000,138,2206ms
010000111001010000000001010000010000,000100000010000110000100001000101001,001010000000001001100000000111000010,100001000100100000011010100000000100,92,5386ms
110110110000100000000010000001000000,000000001010010010001100000000011001,000000000101000101100001001100000100,001001000000001000010000110010100010,177,926ms
001001100010000110100100000000010000,100100000000000001001001010101000001,010000011000111000000010001000000010,000010000101000000010000100010101100,68,17889ms
011011001000100001000100100000000000,000000100000001010001000000001111100,100100000011000100100001010000000001,000000010100010000010010001110000010,146,5883ms
010100101000101010010000000010000000,100010000000000000001001100100011001,000001010000000101100110011000000000,001000000111010000000000000001100110,73,200162ms
111011000000100100000001000000001000,000000100000000010111010101100000000,000100000101000001000000000011100110,000000011010011000000100010000010001,157,2414ms
111010001000000011100000000000010000,000000010100100000000011000101000110,000100100000001100011000110010000000,000001000011010000000100001000101001,157,550ms
111001101010000000000100000000000010,000100000000001000100000100010101101,000010000000100101010001011001000000,000000010101010010001010000100010000,108,9400ms
111001100000000010001100000000000010,000010000000111001010010001000100000,000100000000000000100000010111011100,000000011111000100000001100000000001,157,1589ms
101000010010010110100000000001000000,000110000001000001000010000100101001,000000101100101000000100010010000100,010001000000000000011001101000010010,116,34973ms
011101101000001000000001001000000000,000000010010110000001000010000101010,000010000100000110100100000001010100,100000000001000001010010100110000001,110,5921ms
100001010000001010100000100000010100,001000101001000001000000000011001010,000010000110110000010100001000100000,010100000000000100001011010100000001,77,32261ms
001010000100010001100010000010000001,100100010001000000000000110100100010,000000101010000100011001001000010000,010001000000101010000100000001001100,47,9171ms
010100000010000010001001000110000010,001000101001000100000000010001100001,000001000000110001010100101000000100,100010010100001000100010000000011000,55,4168ms
110100001000100000000000001100011000,000010000101010100110001000000000001,000000100000001011000100110011000000,001001010010000000001010000000100110,119,2559ms
101101010000000000100010000100010000,000000001000110010000000010001001011,000010000011001100000101101000000000,010000100100000001011000000010100100,133,8037ms
001111101000000000000000100010000010,000000010000000001010110011000110000,010000000010100110000000000001001101,100000000101011000101001000100000000,112,67121ms
001111001000000001001001000000100000,010000010010010010000000001100001001,000000000100000100110000110001010010,100000100001101000000110000010000100,95,34548ms
111011011001000000000010000000000000,000000000010100011100000100010010100,000100000100001100001001000001000011,000000100000010000010100011100101000,141,2444ms
100100010000011001100000010000000001,001000101000000000000010001001010110,000010000010000100011001100010100000,010001000101100010000100000100001000,76,21052ms
001010100011000011000010000000010000,010001001000001000011000000001100001,000100010000100100000101101010000000,100000000100010000100000010100001110,18,18842ms
010110100010000110000001000000000010,000001000100001001100000000101010001,100000001001010000011010000010000100,001000010000100000000100111000101000,156,5043ms
101111101000001000000000100000000000,010000000110000101010000000000001101,000000010001110010101000011000000000,000000000000000000000111000111110010,177,16543ms
001011001110100000000000100000000001,100000100000000101000011000000100110,000100000001000000101000011101001000,010000010000011010010100000010010000,99,6252ms
100001100000001100000100010000001001,001000001000000010101000100010010100,000100010010110000000001001000100010,010010000101000001010010000101000000,52,509ms
001001000001000100000000011001001001,000000101000010000010100100010100010,110100000000000001101010000000010100,000010010110101010000001000100000000,112,10861ms
001110001000001000000010010000100001,000000100000010111011100000000001000,010001000011100000000000001110000100,100000010100000000100001100001010010,105,7653ms
011000110000010001010100000000000100,100001000110001000001000010011000000,000010001000000010100000100100001011,000100000001100100000011001000110000,108,2630ms
111110000101000000010001000000000000,000001110000100000001000100001000110,000000001000000011100010001100001001,000000000010011100000100010010110000,177,218ms
010111100000000010010000000000110000,101000011000000000000100101100000001,000000000100011000001010010001001100,000000000011100101100001000010000010,70,172841ms
001001101010000000100000100001100000,000110000000000011010000000110011000,000000000101010000001110011000000100,110000010000101100000001000000000011,65,14413ms
001100011001000000000001100010000010,000000000100100000101110000101001000,000000100010011111000000011000000000,110011000000000000010000000000110101,32,33125ms
010111101000001100001000000000000000,000000010100000000000000101100100111,100000000010010000010111000001010000,001000000001100011100000010010001000,177,1002ms
001111010000000001000000000110100000,010000000010001010011001000001000001,000000001001000100000100011000011010,100000100100110000100010100000000100,113,4459ms
001110111000000011000000000000000001,000001000000000100011100110000000110,010000000111001000000001001010001000,100000000000110000100010000101110000,122,10410ms
001101001110010000000100100000000000,100010100000100000001010001100100000,010000000000000010110001000000001111,000000010001001101000000010011010000,112,17657ms
000001011110000011000000000110000000,000000000001101000010101000001010100,011010000000010100001000001000001010,100100100000000000100010110000100001,89,46368ms
100100001000000100110100000000000011,000000100111000000000010001011001000,010000000000110011000001100100010000,001011010000001000001000010000100100,115,527ms
100110001001000001001010000000010000,000001000100100100110000000001101000,010000100000000000000101101100000110,001000010010011010000000010010000001,139,12982ms
100000111010000001100000100001000000,000100000100000100000010010100101100,011001000000001010011001001000000000,000010000001110000000100000010010011,157,7736ms
011010101001000000000000000100000110,100000000000100001100001001010001001,000100000000011010000100110000110000,000001010110000100011010000001000000,82,50876ms
001010101000100000000100010000001100,000000010010000010011001001010010000,010100000001010001100000100100000001,100001000100001100000010000001100010,96,5349ms
000110100110001000100000010000000100,010000001001100001010000100010100000,100001000000000100000000001101010011,001000010000010010001111000000001000,158,6062ms
010011011000000000000000100100000011,000000000110010100111000011000000000,100000100001101001000001000001010000,001100000000000010000110000010101100,122,48035ms
001001001000000000100111000100000010,110110100001000000000000000010100100,000000000100010110010000110000001001,000000010010101001001000001001010000,41,96677ms
000110101010000010100001001000000000,000000000001100001010010010010010100,011001010100000000000000100000101001,100000000000011100001100000101000010,139,20426ms
101110011001000001000000001000000000,000001100100001010010000100000001010,010000000000100000000101000010110101,000000000010010100101010010101000000,138,7795ms
100100110001010000010000000001100000,011001000000001000000011100110000000,000000001100100101000000000000001111,000010000010000010101100011000010000,71,12641ms
110100101100010000000000000000101000,000010000000100100111101010000000000,001001010001000011000000100010000001,000000000010001000000010001101010110,143,23623ms
110101101000000000000001100000100000,000000010101100101000000001110000000,001010000000010010100010010001000100,000000000010001000011100000000011011,137,3372ms
100010110001000000001000100001100000,000100000000100001100110001100000001,010001000000001110000000010010010100,001000001110010000010001000000001010,112,2597ms
111000100000001000001000101000000010,000100010100000111010010000000000001,000000000010000000100101000011011100,000011001001110000000000010100100000,125,28198ms
110011001000010001000000100000000100,000000000100100100100011000011000001,000100000011001000001100001100000010,001000110000000010010000010000111000,122,10978ms
110110010000000010000000110001000000,000000100100100001001010000010101000,000000001000001000010001001100010101,001001000011010100100100000000000010,140,17312ms
001100001000110000010100000000010001,010001000000001000100011001001001000,100000100111000101001000100000000000,000010010000000010000000010110100110,137,55224ms
001001110100100010000001000000100000,000000001001010000101000100010011000,010100000010000101010100000001000100,100010000000001000000010011100000011,77,15046ms
011000000001000100000100100100101000,100010110010000001000001000000010100,000101000100100000000000010011000011,000000001000011010111010001000000000,77,45163ms
111000110000000000000010100000000110,000100001000000010001000011100001001,000001000100100001110100000001100000,000010000011011100000001000010010000,157,986ms
101100001000101000001000000100010000,010001100000000000000101101000100100,000010000010000001000010010011000011,000000010101010110110000000000001000,111,11881ms
101111110011000000000000000000000000,000000000000001100010100001000010111,000000001000110011100010100000100000,010000000100000000001001010111001000,163,166ms
000001001000000100001001010100000011,000010000100101000110000000001101000,101000000011010010000100000010000100,010100110000000001000010101000010000,78,14687ms
000100001000101000100000010000001011,000010000110010110000001000000100100,001000100000000001011010100110000000,110001010001000000000100001001010000,55,7780ms
010000110100000011101001000000000000,100000000010110100010000010000010001,000011000001000000000100101100100010,001100001000001000000010000011001100,72,60674ms
000111100100100010000000010010000000,010000000010010101001000100001001000,101000000001001000110000001100100000,000000011000000000000111000000010111,177,129ms
110111111000000000000010000000000000,000000000111010000000001110010000001,001000000000100110101100000000100100,000000000000001001010000001101011010,177,108ms
110111100000101000000000100000000000,000000010000000100011011011000000100,000000001101010011000000000010100010,001000000010000000100100000101011001,177,1786ms
001100110100010010000100100000000000,000001001000000100010011000011000010,010010000010000001101000011000000001,100000000001101000000000000100111100,120,95311ms
111111001100000000000000000001000000,000000000000110010001001100110000100,000000010001001000000110001000100011,000000100010000101110000010000011000,153,483ms
001111000000010001010011000000000000,000000000000000010000000011011011011,010000111110100000100000000000100000,100000000001001100001100100100000100,137,22178ms
111101010100000001000000000000001000,000010001011001000101000101000000000,000000100000010100000010010100010110,000000000000100010010101000011100001,151,14433ms
011011110000010000100000000100000000,000000000001001001010000100001011010,000100000000100010000111000010000101,100000001110000100001000011000100000,96,11736ms
100111000000000010001010010000000001,001000110011000000010100000101000000,010000000000001100000001001000101110,000000001100110001100000100010010000,93,2100ms
110010001000000000100100000010010001,000001100000011011000010010000000100,001100010010000100000000001001001010,000000000101100000011001100100100000,157,1962ms
110111000000000001100000000010000010,000000000000000100010100110001101001,001000110010101000000001001000000100,000000001101010010001010000100010000,166,2317ms
000111000000101000001010000000000101,011000010000000001000100010011001000,000000001101010000010001101000000010,100000100010000110100000000100110000,33,1577ms
110111010000010000000000000100001000,001000101010001100100001001000000000,000000000101100001011000000001010010,000000000000000010000110110010100101,156,143886ms
111100001000100000101000100000000000,000001100001000001000011000000101010,000000000100011110010000010001010000,000010010010000000000100001110000101,157,790ms
110001101000000001000000000011000001,000000010100001100110000000100100010,001110000000100000001010101000000100,000000000011010010000101010000011000,177,1761ms
001010011000100010010001100000000000,010101000111010000001000001000000000,000000100000001101100000000010001101,100000000000000000000110010101110010,32,48216ms
101011101000000000000000000100100010,010000000000100100000010111001000001,000100010010010000011000000000011100,000000000101001011100101000010000000,150,343ms
110101111000000101000000000000000000,001000000101011000000100010000010010,000010000010000000100011100011100000,000000000000100010011000001100001101,128,3985ms
101000100000000000110011000000100100,010010001000000100000000100110010001,000101010000110011000000000001001000,000000000111001000001100011000000010,110,183689ms
011000111100001010100000000000000000,000100000000110100011001000101000000,000010000011000001000010000010110001,100001000000000000000100111000001110,119,29360ms
000011111010000010100000000000000100,001100000000000001011101010000010000,110000000100011000000000001001001001,000000000001100100000010100110100010,145,10470ms
100001101001000010100000000000101000,001000010110110000000000001000010001,010100000000001000001011100000000110,000010000000000101010100010111000000,109,3629ms
110111110000100010000000000000000000,000000001011011100000000001000101000,000000000100000001110111000000000101,001000000000000000001000110111010010,177,2856ms
001010010000000000000011101011000000,100001000000101011001000000000001010,000100100010010100100000010100010000,010000001101000000010100000000100101,88,2914ms
100111011010000000000100000000010000,010000000000101000001010101100001000,001000100000000011100000010001000110,000000000101010100010001000010100001,136,2188ms
010101110000010001010000000000010000,001000000110001100000110000001001000,000010001001100010101000000000100100,100000000000000000000001111110000011,57,16101ms
110000101010000000000100100000001100,000000010100010100100010010010100000,001000000000101010001001001000010010,000111000001000001010000000101000001,85,2950ms
101010000000110001010000000001000100,000100110000000010100000011100001000,010001000111001100000001100000000000,000000001000000000001110000010110011,157,67530ms
010001111000000000010000010000011000,001110000000000001000000100110100001,000000000001010110100010001000000110,100000000110101000001101000001000000,60,70948ms
001101000100000001110000100000001000,100000000010011010000000001001000101,000000101001000000000011010110010000,010010010000100100001100000000100010,84,6032ms
000101000000100100011010000100100000,111010001100000000000001011000000000,000000110001010000100000000010010011,000000000010001011000100100001001100,41,20316ms
010110110100000100000001000000010000,000000001000010000010110000001101001,101001000011000011000000000000000110,000000000000101000101000111110000000,177,1344ms
101110001001000000000100010000000001,000000100010001111001000000001000010,010000010100000000000010100110011000,000001000000110000110001001000100100,177,206ms
111001011001100000000100000000000000,000000000000001100000000110100011101,000000100010010001011000000011100000,000110000100000010100011001000000010,128,5681ms
011001010010001000000010000011000000,100000000100100010001100100000001010,000100100001010001000001000100100001,000010001000000100110000011000010100,88,14261ms
100111111010000000000000000000001000,000000000000111001000000000110000111,000000000101000110000110001001010000,011000000000000000111001110000100000,137,57285ms
111000010001000100010010100000000000,000000001100000000001001010100001101,000110100000001001100100000010100000,000001000010110010000000001001010010,177,1287ms
100000011001100000010000100101000000,000011000100000000100100010010000110,011000000010010000001011000000011000,000100100000001111000000001000100001,142,810ms
111101100101000000001000000000000000,000000000000110111010010000011000000,000010001000001000000101000100101100,000000010010000000100000111000010011,157,1494ms
011010100010000000000010010000100100,000001010000100111010000000100001000,100100001000000000100101100010010000,000000000101011000001000001001000011,157,3368ms
101001110000100000000000010010000010,000110001000001011000100000001000001,000000000001010000110010001000011100,010000000110000100001001100100100000,124,7438ms
100111100000000000001100000100000001,000000000000011001100001001000110100,000000000101100010000010110000001010,011000011010000100010000000011000000,105,26215ms
101110110000000000110100000000000000,000001000010010010001000001000011100,010000001100100001000000100011000001,000000000001001100000011010100100010,177,412ms
100110111000000000010000000011000000,000000000001010000000110111000000011,010000000010000000101001000100110100,001001000100101111000000000000001000,177,185ms
100001110000110001001000000000000100,010010000100000010110011000000000001,000000000001000100000100100111001010,001100001010001000000000011000110000,84,27645ms
000100000000000000001101011000000111,100000000010100000010010100010011000,011000110001000010000000000101100000,000011001100011101100000000000000000,61,186488ms
000000011001000100010001100000010001,000100100100010000100000000101001100,000001000000100000001110010010100010,111010000010001011000000001000000000,0,688ms
000011101001010000000001000000011000,001000000000001000100110000010000111,110000010100000100011000001100000000,000100000010100011000000110001100000,157,482ms
101111001000001000000000000000011000,000000100001000001101000010100100100,000000010000110000010101101010000000,010000000110000110000010000001000011,135,8719ms
000000100100110100101010000000100000,001000011011000000010100101000000000,110100000000000011000001000100010100,000011000000001000000000010011001011,153,55828ms
110100100000000100000100000000000111,001000011110100000000011000001000000,000011000000000001101000110010010000,000000000001011010010000001100101000,111,22124ms
110001001100100000000001000000000101,001000000001010011001000000001011000,000100010000001000010110010100000010,000010100010000100100000101010100000,157,781ms
100000010000010001100000000101001100,000011000010000100000001011000010001,011100000000100010000100100010000010,000000101101001000011010000000100000,157,1039ms
110101100000100001000000000000001001,001000001100000110101010000000000010,000000000000011000010000110111000100,000010010011000000000101001000110000,157,6152ms
110001111000000000001010001000000000,000110000000101000010001110000001000,001000000110010000100100000010010100,000000000001000111000000000101100011,157,2396ms
100100100100000000001000001010100001,000000000001010110100001000100001010,000010011010100000000100010001010000,011001000000001001010010100000000100,79,4498ms
111101101000000000010000000001000000,000010000111101000100000100000100000,000000010000010000001011011110000000,000000000000000111000100000000011111,157,584ms
101101111000000000100001000000000000,010000000000001100011000010101001000,000010000101100001000100000010000110,000000000010010010000010101000110001,157,349ms
111011001000100001000000000000000010,000100100110010100010000000011000000,000000010000000010100111000100010100,000000000001001000001000111000101001,157,7099ms
010011001101000000000000110000000100,000100100010100000000100000111010000,100000010000001001001001001000000011,001000000000010110110010000000101000,113,3845ms
011101010000100000010010100000000000,000010000010001000001100011000100001,100000100100000100100001000110010000,000000001001010011000000000001001110,157,2872ms
100011000001100100000000001000001001,000000000100000011101010010001000100,010000110010010000010100000000110000,001100001000001000000001100110000010,85,12010ms
011010110010000000001000000000010001,100000000101000000100100100001100010,000000001000110101010010000010000100,000101000000001010000001011100001000,53,6196ms
011001111100000000000000000000100010,000000000001001000000110101101000001,000110000010110000001000010000001100,100000000000000111110001000010010000,111,23125ms
000000101111001001000010000100000000,010000010000010100001000011000010001,101100000000000010010001000010101000,000011000000100000100100100001000110,157,1392ms
001010111100001000000000100000000010,100101000000000000001000011110000001,010000000001000111110000000001001000,000000000010110000000111000000110100,89,13883ms
001000011010000100000000100010010100,100000100000100001001010001000000011,000110000100000010110100000001001000,010001000001011000000001010100100000,101,850ms
111001000001000100000011000000100000,000100001000000001010000101111000000,000000010000111010100000010000001010,000010100110000000001100000000010101,122,1757ms
001000110110000000000001100001010000,000000001001110100000000001000001011,000111000000000010010010000100100100,110000000000001001101100010010000000,94,5495ms
110000100000000000101001010000101000,001010001010011000000100000001000010,000100010101100100010000001000000001,000001000000000011000010100110010100,126,15317ms
011000011000001100000000010100000010,000001000001010010100010000010110000,100110000000000001001001001001000100,000000100110100000010100100000001001,156,1530ms
000110010001100100010100000010000000,110000001000000011001000010001000100,001001000000010000100010100000001011,000000100110001000000001001100110000,64,4966ms
000100011000010011000000000100010001,000000000000101100101011100000000010,000010100110000000000100011000100100,111001000001000000010000000011001000,49,38599ms
111001001000010000100100000000000100,000100000110000000010001100010110000,000000110000000111000000000101000011,000010000001101000001010011000001000,157,1175ms
101010011000010010001000000000000100,000100000110000000100100011110000000,010001000000100001010000000000111010,000000100001001100000011100001000001,130,1722ms
000011001000001100000010100011000000,110000000001000001010001011000000010,001000010000100000101100000100011000,000100100110010010000000000000100101,60,11843ms
011111010010000000010001000000000000,100000001100000101001000001000000101,000000000001110000100110110010000000,000000100000001010000000000101111010,125,99958ms
000001111000000000000101001010000100,000010000010110010001000100100100000,010000000101001101010010000001000000,101100000000000000100000010000011011,39,33142ms
100011010001010000100000010000000010,000000000100001000010011000111000100,001100001000100000001000001000111000,010000100010000111000100100000000001,120,11186ms
001001011000000100000001001010100000,000010000010110000100000100100010100,000100000001000011010100010000001001,110000100100001000001010000001000010,31,1797ms
111111111000000000000000000000000000,000000000101101000000110001010010000,000000000000010101101000110000000101,000000000010000010010001000101101010,177,73ms
101110000001000001000100000011000000,000001000100010000010001000000010111,010000011010000100101000000000101000,000000100000101010000010111100000000,164,819ms
000111111000010000010000001000000000,100000000010000110000000000100011110,001000000100001000000011010011100000,010000000001100001101100100000000001,87,29134ms
010000010000000010011100011000001000,000010101000010100000000000010110010,101101000000000001100001000000000101,000000000111101000000010100101000000,157,9300ms
101001100000001000110010000000000100,010010000010000010001000001001100001,000100010101100000000101000000011000,000000001000010101000000110110000010,143,759ms
011010001000100100100000000000000110,000100100011000001000001110100000000,100001000000011010000010001010001000,000000010100000000011100000001110001,139,2764ms
