build/simulation
101001100000010101100000000000000100,000000010001001000001010110011000000,000110000000000010000101000100010011,010000001110100000010000001000101000,159,918ms
100010010000000000101000010010001001,000000100010000100010001000001110010,010101001000100000000110100000000100,001000000101011011000000001100000000,157,6284ms
001100010010000000000100010011010000,000001000101100000000001100100000011,100000000000011000110010000000101100,010010101000000111001000001000000000,95,25969ms
111010110000010000000110000000000000,000100000000101100100000001101000001,000000000111000010001001010000001100,000001001000000001010000100010110010,157,3881ms
001000010001100000000110100001100000,010010000000010100100000000000011110,000001001110001000001001001010000000,100100100000000011010000010100000001,21,1742ms
001011001110000100000100000000000100,000100010000001010000001011000010010,010000100000010000011010000001001001,100000000001100001100000100110100000,82,6849ms
010011010001000100010000001000000100,001100100000011010000000000000001011,000000001010100000000000110111100000,100000000100000001101111000000010000,60,5957ms
101110100000000000000010001010001000,000001000100011000000100000100100110,000000000010100100110001010001010000,010000011001000011001000100000000001,150,32562ms
001101111000010000001000000000100000,010010000100100000010100110010000000,000000000000001111000000001100011001,100000000011000000100011000001000110,47,33528ms
001001001011000000001000100001000100,000000010000110100000101011000000010,010010000100000001110010000000011000,100100100000001010000000000110100001,74,15395ms
101001001000000000100100101000010000,000010110101001000000000000000101001,010000000010000111000010000111000000,000100000000110000011001010000000110,142,5016ms
001100101000010000000001100000101000,000000000010001111001000001000000110,100011010001000000000000000110010001,010000000100100000110110010001000000,157,1693ms
010010001100100011001000000000001000,100001000000011000000100011001000010,001000100001000000110010100010000001,000100010010000100000001000100110100,105,11848ms
011110110000001000000000010000000010,100001000011000001101000000010000100,000000000000100010010110001100101000,000000001100010100000001100001010001,116,26367ms
101011101000000000000000011100000000,010100000000101000011000000001100100,000000000010010110000100100010011000,000000010101000001100011000000000011,114,2761ms
000011101000100100001000010000010000,010000010010000000100011001010100000,001100000101001010000000100001000001,100000000000010001010100000100001110,43,12539ms
101001011000000000101100000000001000,000000100000101100010010101001000000,010010000100000010000001000100110001,000100000011010001000000010010000110,157,1055ms
110100011000000000000000010001001010,000000100000100010001010100000010101,001001000001011001010100000010000000,000010000110000100100001001100100000,144,1663ms
010000000011010010001000000000000111,000010001000001001000011100000101000,001101010100000100000100010000010000,100000100000100000110000001111000000,67,2041ms
011101100001000010000010000000000100,000000000000011100000100011100110000,000010010000100000100001100011000010,100000001110000001011000000000001001,80,8365ms
000110101000100010001100000001000000,000001000001000000110000100010010110,011000000110000001000000011100100000,100000010000011100000011000000001001,106,2522ms
001111100000010000000001001100000000,100000010100000011110000000011000000,010000001010101000000000000000101110,000000000001000100001110110000010001,113,10005ms
100001101000001000100000001000010001,001010000010110000000101100000000010,000000010001000101001000010010001100,010100000100000010010010000101100000,88,3524ms
101000000000010000100100010100010001,010010001000001000001001001001100000,000100100010100101010000000000001100,000001010101000010000010100010000010,99,2595ms
101010001100010010000000001001000000,010001000001100100100010100000000001,000000010010001001010100000100101000,000100100000000000001001010010010110,124,53593ms
010101010010000000000110000001010000,100000100100101100000000001000001001,000000001001000010000001010110100010,001010000000010001111000100000000100,55,8172ms
110111010000001000000100000010000000,000000001110100100100011100000000000,000000000001010011001000010100001010,001000100000000000010000001001110101,146,86713ms
011000001010110000000000000100010010,100101010000001000010000000001100100,000000000000000101100111010010001000,000010100101000010001000101000000001,73,40593ms
111001001000010000000001000000000101,000010100100100101100010000000000010,000000000010001010001100001010011000,000100010001000000010000110101100000,106,33594ms
000000101010101001010001000000000100,110100010000000000000000110000001011,001010000100010000101010001001000000,000001000001000110000100000110110000,17,20318ms
011111000000000000001000000010010010,100000100000010011110000000000001001,000000000101100100000011011100000000,000000011010001000000100100001100100,124,35580ms
111110001001000000000000100000100000,000000110000100011000000001100001100,000000000000011000001110000010010011,000001000110000100110001010001000000,140,23004ms
101101101000100000000000100010000000,010000000000011010000110000001011000,000000010101000101101000010100000000,000010000010000000010001001000100111,157,241ms
110101101001000100000000000000000001,000010010000010000010010100001011000,001000000000001000100100011110000100,000000000110100011001001000000100010,157,533ms
101010101100000000000000000010110000,010100000000010010000000111001000010,000001010000001000100011000100001001,000000000011100101011100000000000100,139,980ms
100101101010110000000000000010000000,000010000100000000111000110000001100,000000010000001111000001001101000000,011000000001000000000110000000110011,124,430ms
101100011000000000000010010000000011,000001000000010100010001101100000100,000010000110000000101000000010111000,010000100001101011000100000001000000,157,1624ms
000110001010000000010000000110001010,010001000100000010001110010000010000,001000110000000101000001001001000100,100000000001111000100000100000100001,65,18050ms
111011001100000000000000000000000101,000000110000011110000001001000000010,000100000000100001001010110100100000,000000000011000000110100000011011000,157,230ms
110010110000000000000010001000001100,001101001110001000100000000001000000,000000000001100000010100100110100001,000000000000010111001001010000010010,105,50179ms
010101100000000000000000000111101000,100000000111000000110010000000000110,000010000000000111000101100000010001,001000011000111000001000011000000000,81,40513ms
110111111000000001000000000000000000,000000000010001000100111000100010001,001000000000100000001000101011100010,000000000101010110010000010000001100,166,486ms
001111010100010000000100000000100000,010000001000101100110000000001000100,100000100000000000001011100100001010,000000000011000011000000011010010001,164,1605ms
011000000100001100010000011001000000,000000010000010001100001000000110011,100111000000100000000000100110000100,000000101011000010001110000000001000,177,1317ms
010000010000000100000000011100011001,000001100101000010011110000000000000,001110001000010000100000000011100000,100000000010101001000001100000000110,108,58474ms
100100100011010000000100001001000000,001010001100000101100000000100000100,000000000000101000011001100010010010,010001010000000010000010010000101001,53,22469ms
101110011100000000100000000000000001,000000100010000000001000001011010110,010000000001111000000101010100000000,000001000000000111010010100000101000,177,41ms
011001100001000000000001110100000000,000010010000100011101100000000000001,000100000100000100000000001001011110,100000001010011000010010000010100000,86,2577ms
110010101000001000100100000010000000,000100000101010101000000010000100010,000000000010000010001010101100001001,001001010000100000010001000001010100,129,16471ms
000011001010000000001000001000111000,000000010101011000000001010010000010,010000100000000011100110000000000101,101100000000100100010000100101000000,14,486ms
011011011000000000100000010000000100,000000000101100010001011000010010000,100100100000010001010000000000101010,000000000010001100000100101101000001,157,192ms
100111001001000000001000100000100000,001000000000110000000100010010011010,000000100110000001100011000101000000,010000010000001110010000001000000101,166,100ms
011101011000000000000100100000000001,000000100000100000100011001110100000,100010000000001011001000010000001010,000000000111010100010000000001010100,130,8441ms
111110101000000100000000000000010000,000000000001001000010011010000101010,000000000110100001001000100010000101,000001010000010010100100001101000000,177,1278ms
110110000001100000000000000100000011,001000000010010100011001001000010000,000001110000000010000010110011000000,000000001100001001100100000000101100,177,483ms
100100001001000000100101000000000110,010000000000010101010010010001000001,000011100110000010000000000010011000,001000010000101000001000101100100000,132,638ms
000000001000010001000101001001001001,100110010010000010000000100000010100,010001000001100100001000010010100000,001000100100001000110010000100000010,14,333ms
110001111000000101000000000000000001,000100000010011000010101000000010010,000000000000000000101000101101101100,001010000101100010000010010010000000,157,21295ms
011000010000100000000000111000001001,000000001010010100010100000101100000,000110000101001001000010000000010010,100001100000000010101001000010000100,79,2346ms
101001111000000001000100100000000000,010100000001010000110010000110000000,000000000100100110001000001000100110,000010000010001000000001010001011001,119,20628ms
100000111101000000000000000110001000,000001000000101010001110001000000100,010100000010000000100001110001010000,001010000000010101010000000000100011,157,474ms
000110000001001011000011010000000000,100000100000100100000000100110110000,011000011000000000110100001000000001,000001000110010000001000000001001110,142,17501ms
011001001000001000000100010010000001,000000110011000100000001100000000110,100010000000100011100010000100100000,000100000100010000011000001001011000,157,169ms
011101111100000000000000000000000001,000010000000010001000101000011001010,100000000011100010000000111100000000,000000000000001100111010000000110100,157,328ms
000001111100000010000000010100000001,100010000011000000010001000010001100,011100000000000100001010001000100010,000000000000111001100100100001010000,92,11890ms
100111011000100001000000000100000000,011000000100000010100010100000100100,000000000011011000001000000001010011,000000100000000100010101011010001000,148,2489ms
110101110000000000000001001010000000,000010000100010000001010000100011100,000000000001001010010100100001000011,001000001010100101100000010000100000,117,15362ms
100001000110100000010001000000001010,010000110000000000001100001100100100,000010001001000111000010010010000000,001100000000011000100000100001010001,55,9349ms
110011111000000001000000000000001000,000000000011110000100100001001100000,000000000100001000000011100010010110,001100000000000110011000010100000001,147,4212ms
010100110100001010010100000000000000,000000000000100101000001001110110000,001010000011010000000010110000000100,100001001000000000101000000001001011,87,97754ms
111010100001000100000000010010000000,000001000000100010001011001001100000,000100011100001000000000000100011100,000000000010010001110100100000000011,157,353ms
110001000010000000010000100010110000,000000101000000000100101010001000110,000010000001111001000010000100000001,001100010100000110001000001000001000,103,20210ms
011110000011000000000000010100000001,100000000000000100101001000001110100,000000101000011010010000001000001010,000001010100100001000110100010000000,89,10579ms
010010100100000001100010000010000010,000000000011100000010001000101100100,001001011000010110000100000000000001,100100000000001000001000111000011000,95,11373ms
000101000101001001001000001001000000,000000001000100000100010000110010110,100010100000010000000101100000001001,011000010010000110010000010000100000,79,27731ms
111001101100000000001000000000001000,000010000000100010100110000010010001,000100010010001100010001010000000010,000000000001010001000000101101100100,157,818ms
110001001100000000010110001000000000,001010000001001001101000000000100100,000100110000100110000001100010000000,000000000010010000000000010101011011,131,5847ms
001111101000000000001000010010000000,010000000000111000000110000000101010,000000010010000000010001001101000101,100000000101000111100000100000010000,94,9183ms
011000111000010100011000000000000000,000001000001001000100010100010000011,100100000110000011000100010000010000,000010000000100000000001001101101100,157,553ms
100001100100000010011000001100000000,011100000000101100000000100000010001,000010001010000000000101000010100110,000000010001010001100010010001001000,106,1358ms
000101011000000100000000110000101000,010010000111001000010010000010000000,101000100000010011001000000000000110,000000000000100000100101001101010001,89,11529ms
111110111010000000000000000000000000,000001000001111000000000000011001001,000000000000000100110101101100000100,000000000100000011001010010000110010,156,2246ms
000001101000010000000010000010011100,000000010100001001001100101100000000,011100000010100000010001010001000000,100010000001000110100000000000100011,55,8543ms
000000000110010000000000001011110010,010111000000000000011110000000000100,101000011000000000000001100100001001,000000100001101111100000010000000000,93,277618ms
010000111101001000100000000000010000,000010000000000000010010100011000111,000001000010110011001100000100000000,101100000000000100000001011000101000,88,30128ms
100001011000010100000010000011000000,000100000010000000110101000000100101,010000000101100000000000010100011010,001010100000001011001000101000000000,135,4138ms
011110101000100000000100000000000001,000000000011001100100000001001010010,100000000000010010001010010010101000,000001010100000001010001100100000100,156,8750ms
001011000001000001100001000001000100,000100111100000000000100011000000010,110000000010001010010000000110010000,000000000000110100001010100000101001,141,517ms
100001111000000001000010010000010000,001000000100010010100000001100100100,000100000001000100011001100001000001,010010000010101000000100000010001010,81,2814ms
000100110000010000000010000110100100,100010001100000001011000000000011000,001001000001000110000101001000000010,010000000010101000100000110001000001,46,2686ms
110010111000000000010000010000000010,000001000000110101000000100101000001,000100000010000000101010001010010100,001000000101001010000101000000101000,157,122ms
011111110000000000000000000000100010,000000000100011010010010110010000000,100000000011000100100100000101000001,000000001000100001001001001000011100,177,211ms
110000100000001000100001000000011010,000100000110000000000110100010000101,001001011000010111000000010000000000,000010000001100000011000001101100000,144,1699ms
010100111000100000000000010010100000,101001000001010001000000000001000011,000010000110000100101001000100001000,000000000000001010010110101000010100,95,9610ms
011111010100001000000000000000000100,000000100010010100101000100000010010,100000001000100001010100001100000001,000000000001000010000011010011101000,177,182ms
000000100000000100101010101000110000,000001001100000011000100000110000010,100010010000101000000000010001001001,011100000011010000010001000000000100,66,5563ms
111011100010000000000000000001010000,000000000100100110100000101100000100,000100001000001001001010010000001010,000000010001010000010101000010100001,120,1130ms
000011010001000000000000100011101000,010100000010000011101010000000000100,001000000100111100010000001000010000,100000101000000000000101010100000011,41,26131ms
101011001000001000000010000000000011,000000010001110100011100000100000000,000100000100000001100001110011000000,010000100010000010000000001000111100,133,1057ms
010100101000000000001000011000001001,000000000001000011110011000000010010,101011000010011100000000000001000000,000000010100100000000100100110100100,157,1594ms
110001011000010000000000000000101010,001000100101000000000100001000010101,000010000010000111100001000011000000,000100000000101000011010110100000000,135,2868ms
111011010000000100001000100000000000,000000100100010001010100000001011000,000100000011000010000011011010000000,000000001000101000100000000100100111,144,800ms
010101011000001000010100000000001000,100000000100100001001010001010000100,001000100010010100100000010000100001,000010000001000010000001100101010010,92,7630ms
010100001000010011000100100000000001,100000000000000000100000011110010110,001010100111000000001010000000100000,000001010000101100010001000001001000,75,9250ms
101010110000000010001000010001000000,000100001011101000000001001000000100,010000000000000001110110000010100010,000001000100010100000000100100011001,157,843ms
010010110000110000000001010000000001,000001000100000011001110100100000000,100100000010000000110000000010101100,001000001001001100000000001001010010,157,695ms
000111100100000000001001010000010000,000000000000011000000100000111001110,100000011001000100100010001000100000,011000000010100011010000100000000001,130,24942ms
111000010000000011000000000010010001,000010000101001100000001100100001000,000001100010100000011100000001100000,000100001000010000100010011000000110,121,2844ms
111111001000010100000000000000000000,000000000100100000001000011110000110,000000010010000011100011000000010001,000000100001001000010100100001101000,163,215ms
110101010000000000000010011000000100,001000000000011101110000000100010000,000000000101100010001000100001101000,000010101010000000000101000010000011,125,4698ms
000011100100000000101000001010000001,100000011010001000000000110000001100,000000000000100011010011000001110000,011100000001010100000100000100000010,37,1072ms
110110110000100000000100000010000000,001000000010000000101011000100110000,000000001001011001000000011000000011,000001000100000110010000100001001100,130,875ms
011100001000000100000100001001010000,000000100010010011000010000000001101,000010000101101000101000110000000000,100001010000000000010001000110100010,88,66088ms
110110100000110000000000001001000000,000000010000000000000101010110001110,000000000101001011101010100000000000,001001001010000100010000000000110001,163,32610ms
101100010000001000010000010000110000,000001001100100000001000001100001010,010000000000000100100011100010000101,000010100011010011000100000001000000,142,1485ms
111101000100001000000000000100000010,000010010001000000000110111001000000,000000000010110010111000000010001000,000000101000000101000001000000110101,157,337ms
001010011000010001000110000000100000,010000100000100100110000101100000000,000000000110001010001000000001010011,100101000001000000000001010010001100,38,9403ms
110110010010100000001010000000000000,001000001100000001100000011100000001,000000000000001110000101000001110010,000001100001010000010000100010001100,119,11391ms
111010010000000000000010101000010000,000000001000001000111001010000100001,000001100110010100000100000010000100,000100000001100011000000000101001010,143,8494ms
001100000010011000100011000000100000,000000001000100111000100100000010100,100011010001000000001000010110000000,010000100100000000010000001001001011,139,144ms
000110110000000000010100101000000001,000001001001110000001001000010100000,101000000010001111000000000000011000,010000000100000000100010010101000110,144,7303ms
011101000000000000110100000100000100,000000011000000111000000100000010011,100010000111000000000010000001101000,000000100000111000001001011010000000,157,116ms
001111111000001000000000000000000100,100000000010000010111001001000100000,000000000000110101000110000100010001,010000000101000000000000110011001010,106,13437ms
011110100100000000000000000010010001,000000010011000110000100100000001100,100001001000001001110010000100000000,000000000000110000001001011001100010,177,54ms
011001000001000111000000000010000100,000000110010001000001001010000101000,000010001000010000010110100000000011,100100000100100000100000001101010000,71,3687ms
100101100100001000001001000100000000,000000010000000101110000010011100000,000000001000110010000100001000001011,011010000011000000000010100000010100,91,508ms
001001110001100000001000000010000010,000000000000001010010101100000011100,110100000100000100000000000101100001,000010001010010001100010011000000000,157,5687ms
110110101000010000010000010000000000,000000000000100100001011100001001100,000000000110001001000000001110000011,001001010001000010100100000000110000,156,13980ms
011110010100000000010000000010100000,000000100000101100000011101000010000,100000001011010000001000010100000010,000001000000000011100100000001001101,177,98ms
000100101010000100001011000100000000,010000000100110000100000001010001010,001001010001001001000000000000100101,100010000000000010010100110001010000,73,16274ms
011000011100010000000001100001000000,000010000000000010001110001000110010,000001100011100000010000000010001001,100100000000001101100000010100000100,74,2641ms
110100101001000010000100000000000010,000001010010001001000000110100001000,000010000100000100101010001000100001,001000000000110000010001000011010100,157,524ms
111110000100001000000100000000000100,000000110010000001010011000000001010,000000000000010110101000100101000001,000001001001100000000000011010110000,177,345ms
110000000000001000000110101000000110,000001101000000100010001000100010001,001100000011110001000000000000101000,000010010100000010101000010011000000,93,6356ms
100111110000000001000100010000000000,000000001100110100010000001100000001,001000000010001010101010100000100000,010000000001000000000001000011011110,177,497ms
101110111000010000100000000000000000,000000000001000110010010100001011000,000001000100100000000101001100000101,010000000010001001001000010010100010,177,68ms
000010010100000000000001110100000110,010001001010001101000000001000100000,100100000001100010110000000010001000,001000100000010000001110000001010001,100,4569ms
000111110100001000001001000000000000,100000000000100100000110001100010100,010000001000010000100000100001100011,001000000011000011010000010010001000,127,14079ms
010101001000001100000000000011000001,000000100100000011010110000000000110,001000010001010000000001110000110000,100010000010100000101000001100001000,71,2305ms
010100011001000000000000001001010100,001000000110010000000010110010001000,000011100000001001010100000100100000,100000000000100110101001000000000011,80,4394ms
001010111100010000100000000000000100,000101000000100100011010001000100000,110000000001000000000100100010001011,000000000010001011000001010101010000,151,2535ms
001101010110001100000000100000000000,000010001001000000100010010000011010,010000100000000010011000000110000101,100000000000110001000101001001100000,104,17300ms
001110101000000000100010100000000001,100000000100010110000000001010011000,010001010001000001001001010100000000,000000000010101000010100000001100110,139,6456ms
011111011000010000100000000000000000,100000000010100001000001000011000101,000000000100000110010100001100001010,000000100001001000001010110000110000,136,4733ms
111101110000000100000001000000000000,000010000000010000100010001101000110,000000000111000001000000110010100001,000000001000101010011100000000011000,157,1839ms
000011011000100100000001010000100000,000000000110000000010100101001000101,011000000000010001000000000110011010,100100100001001010101010000000000000,69,41649ms
100100000000000101110010001100000000,001000000110000000000001010011010001,000001010001101000001000100000100010,010010101000010010000100000000001100,80,788ms
111001100010000000000000001000001100,000110000100000000110110000010000010,000000000001111000001000110100010000,000000011000000111000001000001100001,142,1898ms
101101000001000000110000000001000010,000000000110101100001110000100000000,000000101000010010000000011010001100,010010010000000001000001100000110001,95,3360ms
101000010100001000000100001000010001,000011100001000010000001000100100010,010100001000010000110010010000001000,000000000010100101001000100011000100,157,2959ms
010001111010000011000100000000000000,101000000100011000001001001000010000,000100000001100000000000010111000011,000010000000000100110010100000101100,70,15302ms
111001000010010000000000001001000100,000000001000000010011101010010100000,000010100000100001000010000100010011,000100010101001100100000100000001000,139,3641ms
100010000010110000100001000000010100,010000111000001001000010000000100010,000101000100000000011000110101000000,001000000001000110000100001010001001,126,143ms
001110110101000000000011000000000000,010000000000000110101000001100100010,100000001000010001000100000010010101,000001000010101000010000110001001000,160,969ms
011001010000100000100100010000001000,000100000110010010010000001000100010,000010001001001001000000100001000101,100000100000000100001011000110010000,83,5226ms
110001100001000100001000000100000010,001110000010000000000001101000001001,000000001100000011010110010000100000,000000010000111000100000000011010100,127,1032ms
000001011001001000010011000000001000,010000000000010100001000100101100010,100000100110100010000000001000000101,001110000000000001100100010010010000,90,4327ms
100000100110000000011100000000011000,000001001000000010100001100110000001,001100000000010001000010010001000110,010010010001101100000000001000100000,77,3809ms
101000011100000000100000000100100100,000001000001011000001110001000010000,010110000010100100010000000010001000,000000100000000011000001110001000011,177,60ms
100111101000000000000010010000100000,010000000000010100010000001100000111,001000000111000010100000000010011000,000000010000101001001101100001000000,177,257ms
100000101000100000110000100000100100,010010010001000000001001001000011000,001101000000001100000110000000000011,000000000110010011000000010111000000,91,4396ms
101101100000000001000100100000100000,000000001100100100100001000011001000,010010000000010010000010010000010101,000000010011001000011000001100000010,110,2327ms
001001101101001000000000100000100000,000100000000110001010001000001001010,010010000010000000000100010100010101,100000010000000110101010001010000000,107,3271ms
001100100010100000000101000001001000,000011010100010100001000000100010000,000000001000000011110000111000000100,110000000001001000000010000010100011,31,3320ms
000001100100010101001001010000000000,000010000010001000110110000000100100,101100000000100000000000001011010001,010000011001000010000000100100001010,112,18817ms
100000011101000001000100000010000100,011111100000001000001000000000100000,000000000010010010010010010000011010,000000000000100100100001101101000001,64,23471ms
111011111000000100000000000000000000,000100000001101001100000100100001000,000000000100010010011100001000100100,000000000010000000000011010011010011,157,160ms
000110011001100000010000000000110000,010000100000001101000100010001000010,001000000100010010001001100110000000,100001000010000000100010001000001101,86,861ms
011001110000000001000000100100001000,000100000110110100100000000001000010,000010000001000000001111010010010000,100000001000001010010000001000100101,89,4247ms
111111111000000000000000000000000000,000000000000010011000000110100100101,000000000000001000111011001000010010,000000000111100100000100000011001000,177,50ms
101101001010000000010100001000000000,000000010000000100000001110000101101,000000100001111011101000000000000000,010010000100000000000010000111010010,142,1059ms
011010101000100100100000010000000000,100001000000000010001110000100010010,000100010000001001000001101001100000,000000000111010000010000000010001101,75,10783ms
010011100111001000000000100000000000,000000010000110010100000001000100101,000100000000000000011001000011011010,101000001000000101000110010100000000,85,37618ms
111110011000100000000000000000000001,000000000000010010000010001010101110,000001000010001101100000100001010000,000000100101000000011101010100000000,163,2801ms
100001001001100000010000010000110000,000100110010010101000000000000000101,000000000000001010000110100101001010,011010000100000000101001001010000000,66,4466ms
111111011000000000000000010000000000,000000100001101110001000000100100000,000000000100010000010100001010001110,000000000010000001100011100001010001,163,1573ms
010101110000010000000110100000000000,000000001110100110000000000100100001,100000000000000000010001001001011110,001010000001001001101000010010000000,108,186013ms
011101001000010000000000000000100110,000010100010100001010001000000001001,000000010100000000101110110001000000,100000000001001110000000001110010000,104,5838ms
010010101001100000011000000000010000,100000010010000100000000101010100010,000001000000011010000011000000001101,001100000100000001100100010101000000,28,756ms
001001111010000000010000100000000001,010010000001000010100001011000000100,000000000100110000001010000110110000,100100000000001101000100000001001010,75,17135ms
000001000000100010010010100000011010,111010100000000100000000001001100000,000100001100011000000100010010000001,000000010011000001101001000100000100,9,610ms
100111010000000101000000011000000000,010000100101000000100001000000001110,001000001000011000010110100100000000,000000000010100010001000000011110001,133,10499ms
110011100010010001000000000000100000,001000001000000000001010011101001000,000000010001101100000000000000010111,000100000100000010110101100010000000,116,48422ms
000010011010000001001001000100000100,001001100100000100110000010000000010,000100000001110010000100000010110000,110000000000001000000010101001001001,20,2044ms
011100000010010000000001010001000001,100001101100001011000100000000000000,000010000001100000010010001000011010,000000010000000100101000100110100100,38,5650ms
011010110000000000010010000000001100,100000000010000110101000011100000000,000001001001100001000101000001000010,000100000100011000000000100010110001,62,12168ms
100101111000000000001010000000000001,000010000000100101000000110010110000,011000000011001000000101001000000100,000000000100010010110000000101001010,143,809ms
100001110100001000000000000101000010,000000000010100100001110001000110000,000000000001000001110001100010001100,011110001000010010000000010000000001,95,66767ms
000111011000000100100000000000000101,000000000101000000011001011000110000,101000100010010010000000100011000000,010000000000101001000110000100001010,153,1794ms
100110010000001010000000100100100000,010001000011000100000100000001001001,001000001100100000010001010000010010,000000100000010001101010001010000100,139,3519ms
011100101000100000000100010001000000,000000000010010010100000001110010100,100001010001000000011010100000100000,000010000100001101000001000000001011,157,2688ms
111101100000000000010000000000001010,000010001100000000101001001100000100,000000010001010110000100100000110000,000000000010101001000010010011000001,119,6019ms
111100011100000000010000000100000000,000011100001010001000001010000100000,000000000000101110000010001000011001,000000000010000000101100100011000110,142,1071ms
100010001001000000101000100000000101,001100010000010100000101001000001000,010001000100101001000010010000010000,000000100010000010010000000111100010,126,10801ms
000011110001000000010000100010000100,010000000100100100001010001001010000,000100000010000011100101000000100001,101000001000011000000000010100001010,39,2636ms
010110010010000000000000001001011000,101001000000101010000110000000100000,000000100101000001110001000100000100,000000001000010100001000110010000011,130,4801ms
001101100000001000100001101000000000,010000001000100111000000000010001100,000010010000010000001010010101100000,100000000111000000010100000000010011,66,71758ms
100010100101000000100010001000010000,000100000000101010000100000011000110,010001010010010100001000100100000000,001000001000000001010001010000101001,157,759ms
001011111000000010000000011000000000,010100000100010101000000100100000010,000000000000000000111010000011110001,100000000011101000000101000000001100,77,86201ms
011111001000010100000000000000010000,000000000000001001001001001011001010,100000010010000000010000100100100101,000000100101100010100110010000000000,173,17105ms
111110100100000001100000000000000000,000000000000110000010011110000100010,000001010010000100001100000100001100,000000001001001010000000001011010001,177,47ms
100001010100000000010100100000011000,000010000010110100101000000110000000,010100001001000001000000001000100110,001000100000001010000011010001000001,115,949ms
100011101000010000010000100000000001,001000000010000000000100010110110010,000100010100001001001001001000000100,010000000001100110100010000001001000,130,5265ms
000111101000000101000001010000000000,101000010001000010010000000000100110,010000000010011000100100000001011000,000000000100100000001010101110000001,82,20177ms
101111000000100010000000000000011000,010000101010001000001000000100100100,000000010100000001100000010011000011,000000000001010100010111101000000000,134,53682ms
010111100010000000000000000000010110,001000000100001100001100010010000001,100000011001000001000010100100001000,000000000000110010110001001001100000,174,516ms
110111011000000000000100000100000000,000000000000011101100000110000010010,001000100000100010000011000010001100,000000000111000000011000001001100001,177,32ms
101000111000000000101000000001100000,000010000010111011000100100000000000,010100000000000100010010011010010000,000001000101000000000001000100001111,157,2084ms
100011011000000000100000001010001000,000000000110011100001001010001000000,011000100001000000010100100100010000,000100000000100011000010000000100111,157,477ms
000101010001000000001100010100000100,011000001000000000010001000000110011,000000100010110010100010101000000000,100010000100001101000000000011001000,43,192843ms
010011101011010000000000010000000000,100000010100000000010010000100101010,000100000000101100001100100000010001,001000000000000011100001001011000100,75,6593ms
010111111000000000000000100000100000,000000000100101000110001000110000100,100000000001010001001010010000011000,001000000010000110000100001001000011,169,2539ms
000111010010000010001000000000010100,000000100100110101000000010100000001,000000000001001000000111001000101010,111000001000000000110000100011000000,39,6094ms
001110001000000100000101000000110000,000001100100010000001000010001000011,010000010000000011110000001100000100,100000000011101000000010100010001000,122,3625ms
101100111000011000000000000100000000,000000000101100100100100011000100000,000000000010000011010000000011011100,010011000000000000001011100000000011,107,79038ms
101101110000000000010000000000000011,000000000001000100000011101101000100,010010001100101010000000010000100000,000000000010010001101100000010011000,157,6561ms
001000001000000000001000011110001010,000110100001000011000000000001010001,110000000100111000110100000000000000,000001010010000100000011100000100100,137,56882ms
111111000000000000001001000000001000,000000100110100000000000111000010001,000000011000011001000100000001100010,000000000001000110110010000110000100,150,1046ms
111011101000000000000010000000001000,000100000010000010001100000000110101,000000000101100101010000110100000000,000000010000011000100001001011000010,157,826ms
000101111000010000000000000110000100,010010000000001001000011010001010000,101000000011000010001000100000100001,000000000100100100110100001000001010,136,2775ms
100110001000000100100010000000010100,000000010001100001010001001010001000,010001000010010010000100010001100000,001000100100001000001000100100000011,130,1444ms
011111100000000000101000000010000000,000000000011100100000010010101100000,000000010000010011000100001000011001,100000001100001000010001100000000110,110,10425ms
001111110010000000000000100000001000,000000001000101110000001001011000000,100000000100010001110000010000100001,010000000001000000001110000100010110,177,307ms
011000101000001000001001000110000000,100010000000010101010000011000001000,000101000010000000000010100001010110,000000010101100010100100000000100001,69,3398ms
111010000010000000000001110000001000,000001100000000100000010000101010110,000100001001101000011100000010000000,000000010100010011100000001000100001,125,6539ms
000000111000110011100000000100000000,100001000110000000000100001000000111,010010000000001100001001000000111000,001100000001000000010010110011000000,73,1636ms
010011110001000000000100000011000000,001000000010100001010000010100010100,000000001100000110001001001000100010,100100000000011000100010100000001001,86,3325ms
101111001000110000000100000000000000,000000000011000101010000100000001101,000000000000001010001011010101010000,010000110100000000100000001010100010,123,31328ms
110111101000000000000000100000000100,001000010001101000010000011010000000,000000000010000111001000000100111000,000000000100010000100111000001000011,170,13352ms
110101001000000000000001000100100010,000000110001000101000010010001010000,000000000010111000100100101010000000,001010000100000010011000000000001101,157,460ms
110100111000000000000000000000011100,000010000101001100000000001010000011,000001000010110010100001000101000000,001000000000000001011110110000100000,157,241ms
110101011000100010010000000000000000,001000000010011100001010010000000010,000010100000000000000101001010111000,000000000101000001100000100101000101,157,8152ms
110010001001010000010000001000010000,000100100100001001000010000001000011,000001000010000100001101010100100000,001000010000100010100000100010001100,124,4385ms
010101101000000000000000001110100000,000000000001010100110100110000010000,000010010100100011001001000000001000,101000000010001000000010000001000111,102,20709ms
110111110000010000000000010000000000,000000001010000110100101000000100001,001000000000100001000000001111001100,000000000101001000011010100000010010,177,1109ms
011011100101000101000000000000000000,000100000000101000001000000110010110,100000001000000000010110001000101001,000000010010010010100001110001000000,157,2547ms
001100110000000000000100010000011010,000001001100100001011010000000100000,000010000001000000000001101111000100,110000000010011110100000000000000001,63,20755ms
001101110100000100000011000000000000,100000000010000010010000110011000100,010000000000111000100100000000010011,000010001001000001001000001100101000,109,11956ms
110011110001000000001000000000000010,000000001000000100100001010100010101,000100000110001001000100100000101000,001000000000110010010010001011000000,142,1129ms
000000011000000010000010001010111000,101001100000010000101100000000000100,000110000100101101000000110000000000,010000000011000000010001000101000011,34,13917ms
001010000000001011100001000010000001,000000010010010000011100001000101000,000001001101100100000010010001000000,110100100000000000000000100100010110,35,7964ms
010110100000001000000000001110001000,000000010011100000110001000000100010,001000001000010000001100100001010100,100001000100000111000010010000000001,100,11335ms
001000100000010100000001010001000110,000111001001000011000000100000001000,010000010100101000010100001000100000,100000000010000000101010000110010001,42,21059ms
110001110000000000100000010010010000,000000001101010101010000000000000011,001110000010100000001010000000100100,000000000000001010000101101101001000,177,303ms
010110111000000000011000000000000001,000000000110001110000000101000011000,001001000001000001100100010011000000,100000000000110000000011000100100110,119,11125ms
110011101000000000000001000010000001,000000000100001110000000110101010000,001000010010100000011100001000001000,000100000001010001100010000000100110,157,1048ms
111000001110001000010000000000001000,000110000000100000001001001111000000,000000100000000011100110010000010010,000001010001010100000000100000100101,144,1442ms
100101000001011100000010000000100000,010000100000000001000101000101010001,001000010100100000000000111000001100,000010001010000010111000000010000010,83,7407ms
101111011000000100000000000000000001,010000100010001010000010000101001000,000000000000010000111001010000100110,000000000101100001000100101010010000,125,26355ms
111000111000000010001000010000000000,000000000001111001100100000001010000,000101000110000000000010101000100001,000010000000000100010001000110001110,146,1189ms
001011011000000100100000001000000001,000000000000001000000001110110110100,010100000010010000011100000001000010,100000100101100011000010000000001000,97,28031ms
010111001010000000000010100000010000,000000000001001111010000001011000000,100000110000110000001000000100000011,001000000100000000100101010000101100,164,1803ms
111100001010010010100000000000000000,000001100000000000001011100000100101,000000000101001001000100010001001010,000010010000100100010000001110010000,157,3941ms
110111001100000100000100000000000000,001000010011000001000001101000001000,000000100000101010000000000111000110,000000000000010000111010010000110001,177,13977ms
111111010000000000000100010000000000,000000100100100001110001000000001001,000000000000000110000010100001110110,000000001011011000001000001110000000,157,2050ms
101001010000000011000001010000100000,010000100001000000011000101001000001,000100000010000000100100000110011010,000010001100111100000010000000000100,136,19934ms
010010010000000000101010110100000000,100000001101101000000000001000001010,001001000000000110010000000011110000,000100100010010001000101000000000101,119,2232ms
101101011000000000000010010010000000,010000000001000000100101000100100101,000000100110010110000000101000000010,000010000000101001011000000001011000,102,577ms
101100100000100000100001000000010010,010000001011000100010000100000100100,000000010100001011001100010000001000,000011000000010000000010001111000001,107,7397ms
011100011000000001100001001000000000,100011000000010000010110010100000000,000000000111101000001000000000011010,000000100000000110000000100011100101,110,51714ms
011110111000100000000000000000001000,000001000001001000001001100001010010,000000000000010111000110010000000101,100000000110000000110000001110100000,106,59223ms
110100001011000001000000000100000001,001000100100000110010100000001100000,000010010000111000100000010000010100,000001000000000000001011101010001010,133,6908ms
001001100000010001001000000110000010,010000010100101000010000100001100000,000110001000000000000110001000011001,100000000011000110100001010000000100,95,24538ms
111011000001000000000100011000000000,000000011010010100100000100000001001,000100100100000001001001000100100100,000000000000101010010010000011010010,142,1466ms
110000010010000000001000000000011011,000010000000110111000000100110000000,000101100001000000010001011000100000,001000001100001000100110000001000100,121,6226ms
100100101010001000000001000110000000,000000010001100001000010011000100100,000000000100010010101100100001010000,011011000000000100010000000000001011,118,4550ms
010101000001010000000100000100000011,101000010000100001100000000010001100,000000001010000110011000000001110000,000010100100001000000011111000000000,43,13834ms
001010110001000011000100010000000000,010100001000000000011000000111010000,000001000010001100000000001000001111,100000000100110000100011100000100000,20,40000ms
111100010010010000000000010000100000,000000000100000100110001001010000110,000001001000101010000000100101000001,000010100001000001001110000000011000,139,2582ms
001001010001000010000000001011010000,010000000100000000011000110000000111,100000101010100101100000000000100000,000110000000011000000111000100001000,123,1363ms
110010011100000001000100100000000000,000000000011100100000011001000001100,001101000000000000110000000100110001,000000100000011010001000010011000010,157,356ms
101010111010000110000000000000000000,000000000000100000101100001001101001,000101000000011000010010100010010000,010000000101000001000001010100000110,126,1823ms
000100111000010100000000110000000010,101000000010100000100100001010001000,000010000001001000001000000101110100,010001000100000011010011000000000001,22,5567ms
011010011100000000000011010000000000,100100000001000000110000001100100001,000000000000110111001000100000001010,000001100010001000000100000011010100,76,31928ms
100100011000000100000000110100000010,000001000110110000001001000000001001,001000000001001000010100000011110000,010010100000000011100010001000000100,113,4194ms
100010101100001100000000000100001000,000000000001100001001101001001100000,000100010000000010110010000010010010,011001000010010000000000110000000101,140,765ms
100110111000100010000000000010000000,001001000100000100010010001000100001,000000000011001001101001000000011000,010000000000010000000100110101000110,125,3725ms
001000111000010000000110110000000000,010000000100000001100000000011100011,100001000001101000001001001000000100,000110000010000110010000000100011000,117,14551ms
010100000000011100010000000010100010,100011001001000000000010110001000000,000000110010100000001000001100010001,001000000100000011100101000000001100,35,2262ms
001010101110000001000000000011000000,010000010000110000001101000000001001,000101000000000110000010110100000010,100000000001001000110000001000110100,94,2712ms
100000110000100010000010000110000010,000010001100001000101000101000000001,000100000000010101010001010000110000,011001000011000000000100000001001100,74,6225ms
100000010010001100000010000001110000,010000000000010000101101011000001000,000010000001100000010000100110000011,001101101100000011000000000000000100,71,8722ms
101100101000100001010000000000001000,010000010010000100000001000010110010,000001000100001000101110100000000001,000010000001010010000000011101000100,132,3891ms
111000011001000000000100001010000000,000011000100010100001000010000001001,000000000010101010010001000101100000,000100100000000001100010100000010110,157,4603ms
101000001000010100010100000000000110,000000100010100001100010100001001000,000110000001001000001000001010010001,010001010100000010000001010100100000,99,705ms
110010010101010000100000010000000000,000000000010000010001111000100010001,000100100000101000010000001001001100,001001001000000101000000100010100010,150,6830ms
010001010100000001000000111000000010,101100000000100110110001000000000000,000000000011001000001010000111001000,000010101000010000000100000000110101,38,21489ms
110011011010000000000100000000010000,000000000001110110000010010000101000,001100000100000000001001100110000100,000000100000001001110000001001000011,157,38ms
110111000100101010000000000000000000,001000000001000101011010000000000110,000000110010010000100001001000010001,000000001000000000000100110111101000,177,1721ms
101011110000000000100000010010000000,010000001010000000010100100000100011,000100000100000010001011000100011000,000000000001111101000000001001000100,136,2908ms
111111110000000000000000010000000000,000000000000000000100100001100111110,000000000101110101001000100010000000,000000001010001010010011000001000001,156,1401ms
010011111001000000100001000000000000,100000000000111101010100000000100000,000100000100000000001010010000011110,001000000010000010000000101111000001,108,2598ms
001010100000010000010001011000000001,000001011000100101000100100000100000,000100000100001000101000000000011110,110000000011000010000010000111000000,60,5765ms
101111010010000000000001000000001000,000000100000000101110100100100010000,000000000100100000000010011011000110,010000001001011010001000000000100001,145,7304ms
101001000110000001000100000001000010,010000001001010000000000110100010001,000110010000000100000011000000101100,000000100000101010111000001010000000,127,3951ms
001000000010000001001000001010010110,100010011000000100100001000001000001,000101000000001010010010100000101000,010000100101110000000100010100000000,0,607ms
010110101100000000100000000010000100,101000010010001000000001000101000001,000001000000110110000000100000111000,000000000001000001011110011000000010,94,9419ms
001101011000000000000011000001000001,100000100010010100010000100010010000,000010000001101001100000010000001100,010000000100000010001100001100100010,66,1813ms
110011010001001000001000000000010000,001100001010000000000101000001100100,000000100100000000010010111000001001,000000000000110111100000000110000010,114,6075ms
100000000011000011011010000000010000,010000110100101000000000000010001100,001100001000000100100100100100100000,000011000000010000000001011001000011,109,43920ms
011100010100000000010010100010000000,000000001000101101100000010001000001,000001100001010000000001000000101110,100010000010000010001100001100010000,85,3693ms
110010100000101000100100001000000000,001101000000000011000000010000010110,000000011101010100000010000100000001,000000000010000000011001100011101000,142,18384ms
001001000000000101100100100100100000,010110010100000000000001000000001011,000000000011010000011000000011010100,100000101000101010000010011000000000,21,16202ms
111000110000000100000001001100000000,000100000110010010011100010000000000,000010001001101001100010100000000000,000001000000000000000000000011111111,143,138213ms
100111111001000000001000000000000000,010000000000110000000101101100000100,000000000100001011000010010010101000,001000000010000100110000000001010011,177,1695ms
101011111000000001000000000000010000,000100000101001000000001100110000010,000000000010000110110100011000001000,010000000000110000001010000001100101,112,2883ms
111011110000000000000000000100001000,000000001000101001000000101000010011,000100000110000000001101010010100000,000000000001010110110010000001000100,157,69ms
011111111100000000000000000000000000,100000000001101010000000110010010000,000000000010000101001001000100001101,000000000000010000110110001001100010,132,4213ms
000011000000001000000111000101100000,100000000001010001100000101000001001,010100100000100100011000000010000010,001000011110000010000000010000010100,59,5375ms
111100101000000010000001000000010000,000010010100010001100000101001000000,000001000010001100010000000000101110,000000000001100000001110010110000001,109,20556ms
111100110000010001000000000000000001,000000001110000000000011010000101010,000010000000100100011000001101010000,000001000001001010100100100010000100,148,792ms
000101110001000000000101000000010001,000010000000010101101010100001000000,100000000000101010010000001110000100,011000001110000000000000010000101010,96,18836ms
110110001011100000000000000000100000,000001100100010100000000000001001110,001000010000000011011100000010000001,000000000000001000100011111100010000,161,3805ms
011000110000000010001000000001000110,100010000000011000110010001000010000,000100000010100000000100100100101001,000001001101000101000001010010000000,76,17917ms
001100011000001000000010100110000000,000001000110110000100100010000000010,000010000000000101001001000001110100,110000100001000010010000001000001001,41,3787ms
100110110000000001000000000100100010,001000000000110110010010000000001100,000001000111000000001101000010000001,010000001000001000100000111001010000,156,239ms
110100100000011000000000000100000101,001010001001000100010100000010001000,000001000010000011001000100001010010,000000010100100000100011011000100000,103,12108ms
001010010000000101001001001000100000,010100000100100000100010000000011001,000000001000011000010000100111000010,100001100011000010000100010000000100,37,3447ms
000010100100100000001000110100001000,010101001000010000000101000010000010,101000010000001100000010000000110001,000000000011000011110000001001000100,102,2618ms
000010000010010101100011000000010000,001000000100100000011000110010000010,110001111000000000000100000000001001,000100000001001010000000001101100100,152,2030ms
000001110110000000100000101001000000,000000001000000100000110000000111110,001100000001001000011001000110000000,110010000000110011000000010000000001,82,4068ms
111101001001000000000000000000011000,000000000000010000110000000110100111,000010000100000111000101010001000000,000000110010101000001010101000000000,142,14449ms
000010110000101000101000000100001000,100001000100010100010000100000010010,001000000010000010000110010011100000,010100001001000001000001001000000101,47,555ms
000110100001001000000000100000001110,100001000000100100000110010000110000,010000001010000011000000001101000001,001000010100010000111001000010000000,86,12142ms
110101111010000100000000000000000000,000000000000110000010010110011010000,001000000101000001001000000100100110,000010000000001010100101001000001001,157,99ms
010011000001000001000000101010010000,000000010110101100001000000000101000,100100100000000000010110000101000100,001000001000010010100001010000000011,142,2713ms
001100111000001000100011000000000000,110000000001000111001000101000000000,000001000100010000000100000010101110,000010000010100000010000010101010001,73,22485ms
001011101110000000010000000000000001,000000010000010010001010100100010010,010100000001101100000000011001000000,100000000000000001100101000010101100,80,7501ms
011101010100000001100000000001000000,000010000000101000011001000010011000,100000101010000000000100011000100010,000000000001010110000010100100000101,157,134ms
000111001001000000011100000100000000,000000100010110010000000001011100000,110000000000001001000000100000001111,001000010100000100100011010000010000,142,3579ms
101000110000001010001001000000000010,000001000010100001000100010011000100,010110000000010000010000000000111001,000000001101000100100010101100000000,149,3778ms
000000010001010100100100011010000000,000000001100000010000000100000110111,110010100000000001001001000101000000,001101000010101000010010000000001000,133,9992ms
101011100010010100000000000010000000,010000001100100011000000000001110000,000000010001001000011110000000001001,000100000000000000100001111100000110,101,38164ms
010011011000100000001101000000000000,000100000000001001010000000110001110,001000000101010110000010001000010000,100000100010000000100000110001100001,93,17974ms
010000001000000100000001000000011111,100100000001100011000100100010000000,000001110010010000011010000000100000,001010000100001000100000011101000000,34,7719ms
100010110001000010001000100000000010,000100000000011001000010000011110000,010001001100000000010001010000000101,001000000010100100100100001100001000,136,1610ms
011110001110000000100000000100000000,000000010001100000010100110001010000,000001000000001111000011000000100100,100000100000010000001000001010001011,136,1893ms
101110010010100000001000000000000010,000000000000000110010111100000001100,000000001001010000000000011110010001,010001100100001001100000000001100000,150,4782ms
001010001010000000010001001010010000,100101000000001000001000000100100101,010000010100010000000000110001001010,000000100001100111100110000000000000,70,20808ms
111101101000010000000000000100000000,000000000000000110010000000010111011,000000000111001000100010110001000000,000010010000100001001101001000000100,157,303ms
010000011000010100000000010010100001,100000000001000000101000100101000110,001000100110000010000011001000010000,000111000000101001010100000000001000,64,19906ms
010001000000100001000010001100000101,001000101011000010000000010000001010,100010000000010100110001100010000000,000100010100001000001100000001110000,116,3090ms
100110101010110000000000000010000000,000000000000001110010000101100001100,001000010100000001000111000000100001,010001000001000000101000010001010010,152,3074ms
110001010000000000110101000000010000,000010000111110000000000000001000110,001000100000000100000010011010101000,000100001000001011001000100100000001,146,7434ms
101010100100001000000001000000000011,000000011000100000010000010001011100,010000000001000111100000001110000000,000101000010010000001110100000100000,157,383ms
100010011010000000001001010000000001,001001000100000010000010001000101100,000100000001110100010000100011000000,010000100000001001100100000100010010,86,1792ms
011101101000001000000000001010000000,000000010010000000100011010001000011,100010000000010010001100000100001100,000000000101100101010000100000110000,157,95ms
100011111100000100000000000000000001,000100000000100011011001110000000000,001000000000000000100110001001110100,010000000011011000000000000110001010,135,30974ms
010110011000010000100000001100000000,001000000000001101011001000001000100,000000000111100000000100100000010011,100001100000000010000010010010101000,128,7859ms
100011010001100000100001000000000001,000000001000000111010010010011000000,001100000110011000000100000100010000,010000100000000000001000101000101110,157,937ms
011011001000000000000100000000101001,000100000110001001001001001010000000,100000000000110110010000010000010010,000000110001000000100010100101000100,126,24789ms
110100110001100000000100010000000000,001011000010001010000000000100100100,000000000000000100001011100001011001,000000001100010001110000001010000010,90,110621ms
001011010010100100000000000010001000,000000000100010000000110101000100110,100000100000000011110001010000000001,010100001001001000001000000101010000,104,32418ms
111010111000000000000011000000000000,000100000010000100011100100000010010,000000000100110010100000001011001000,000001000001001001000000010100100101,157,1578ms
101110000010000100100100000000010000,000000000000010011010010000110001100,000001100001100000000001110001000001,010000011100001000001000001000100010,107,4272ms
101010011100001000010000100000000000,010101000000000010000000001010010110,000000100001010001100010010000101000,000000000010100100001101000101000001,124,27212ms
111000101000000000011000000100100000,000000000100000110000010101001010010,000100010000001000100001000010001101,000011000011110001000100010000000000,157,2624ms
111101011001000000000010000000000000,000010000000010010010000010010110010,000000100000001100001001001001001001,000000000110100001100100100100000100,111,3539ms
011011000001101000010000000000100000,000100000000010110100010100000000110,000000001110000000001000001011010001,100000110000000001000101010100001000,84,5747ms
010111110000000100000000000110000000,100000001011000000010100100001001000,001000000100001001000001000000110110,000000000000110010101010011000000001,135,3403ms
110011001011100100000000000000000000,000000000000010010110100000000110101,001000000100000001001011011100000000,000100110000001000000000100011001010,157,1451ms
100100010000010000110000001101000000,000000001000001000001101000000011011,000010000011000001000010010010100100,011001100100100110000000100000000000,88,32034ms
111011011000000000000000010100000000,000000100011010001100110000000000001,000000000100001100010000101001010100,000100000000100010001001000010101010,143,1337ms
010010011011000000001000000000010001,001001000000010110100001000001000010,000100100100000001000000111010001000,100000000000101000010110000100100100,53,4765ms
110100000000000001100000001100011000,001000101011001000000010000000000101,000010000100100010010101000001100000,000001010000010100001000110010000010,140,1090ms
000101101001010000000001000000000110,101010000000000000100100001100001001,000000010000001110011010000001010000,010000000110100001000000110010100000,10,1394ms
111010001000000000000000011000000101,000101100000000100110000000101000010,000000000110011000000101100000110000,000000010001100011001010000010001000,109,8042ms
101010000100100001000000100000001001,000100010000010010001100000011000010,010000100001001100000001001100010000,000001001010000000110010010000100100,131,806ms
100101110000000000010000000010101000,000010000000000100000011010001010110,010000001001100000001100101000000001,001000000110011011100000000100000000,136,3534ms
000100011000110000000000000101010010,100000100011000000001010010000000101,010011000000001010100001000010001000,001000000100000101010100101000100000,93,16501ms
101000101000001000110000000001100000,000011000100110010000010001100000000,000100010011000000000101010000010100,010000000000000101001000100010001011,127,458ms
110000110001010010000000000000100100,001010001000100000000100001110010000,000100000100000101100010100000001010,000001000010001000011001010001000001,115,7957ms
111110010000000000001001000001000000,000001100001010000000000010100111000,000000001100101000110010001010000000,000000000010000111000100100000000111,177,1115ms
011110011000000000100001000001000000,000001000000110010000110100000011000,000000100110001101010000011000000000,100000000001000000001000000110100111,139,16383ms
010111101000000010010000100000000000,100000000000001101100010000001101000,000000010111010000000100001010000010,001000000000100000001001010100010101,118,18254ms
101100001000011010100000000001000000,010000100010000000000101010010001100,000001010101000101000000100000010010,000010000000100000011010001100100001,136,2362ms
101110001001001000010000000000001000,000000000100010010001010000100000111,010001010000100100100000100001100000,000000100010000001000101011010010000,164,1560ms
011001011000000011000000100000000010,000000000000011000101101001001100000,100100000111000000000010000110010000,000010100000100100010000010000001101,157,135ms
010000110011000100010000001010000000,100001000000001000100010000001100101,001110001000010000000001100100000010,000000000100100011001100010000011000,92,15716ms
010000100001000010100100000100001010,100001000110100100001000010001000000,001000011000010000000001100010110000,000110000000001001010010001000000101,88,2998ms
100101001000100000011000000000010001,000010110000001011000000011010000000,001000000010010100100001000100100100,010000000101000000000110100001001010,138,691ms
011100111000001000000010100000000000,000010000001010010100001011010000000,000000000000000101001100000100100111,100001000110100000010000000001011000,69,68054ms
011010111100010000000000000100000000,000001000011100001001100000010000100,000000000000001010010010101000101001,100100000000000100100001010001010010,91,10217ms
100101011000000000000000000101001100,001000000000110100001001100000100001,000010000001000001100010011000010010,010000100110001010010100000010000000,133,2929ms
110101000000000110000001100100000000,000000101111011000000100010000000000,000000000000100001011000001011101000,001010010000000000100010000000010111,120,115267ms
001111001000010000000001001000010000,000000100010001100110100100000000010,100000000100000011001000010001101000,010000010001100000000010000110000101,133,46871ms
001000110010000101000001010010000000,000100001100010010100110000100000000,110010000000101000000000101001000010,000001000001000000011000000000111101,108,6403ms
100011001000000010001110000001000000,010000000110000001100000001100001010,000000110000110000000001110000010100,001100000001001100010000000010100001,81,2463ms
010011001100000100000000000101000001,001100100000000011100011000000000100,000000010011001000000000111010001000,100000000000110000011100000000110010,87,19864ms
111010101001000000000000000000100001,000001000000010100010000011110000010,000100000100000001001110100001001000,000000010010101010100001000000010100,138,2902ms
011001101001010000000000010010000000,000100000000100000000011000100001111,100000000110000100010100001000110000,000010010000001011101000100001000000,157,2294ms
001101101000000000001010000000010010,110000010100100100100000010100000000,000010000000001001010001000011000101,000000000011010010000100101000101000,60,18082ms
000001001010001000001000010010001010,010110100000000000000010100101010000,000000010001110001110001000000000100,101000000100000110000100001000100001,0,2976ms
010001011000000010100000101000000100,100000000000011001001001010010010000,001010100001000000000100000001101001,000100000110100100010010000100000010,69,17632ms
000101100010100000000100111000000000,000000001000000100110011000110001000,110000000100001010000000000001110001,001010010001010001001000000000000110,111,65101ms
011011010000000010001000010001000000,000000000100100000000100001110110100,000000001011010000010001100000001001,100100100000001101100010000000000010,66,17080ms
101001101100001001000000000000000010,010000000011000100001000100001010001,000100010000100000000110001100100100,000010000000010010110001010010001000,157,314ms
001011110000010010000000000000001010,000000001010000000010000110110110000,000100000001101100001001000001000100,110000000100000001100110001000000001,46,3491ms
011010000101000010000000010100100000,000000000010100000100001100011000110,100101111000001000000100000000001000,000000000000010101011010001000010001,157,188ms
100011000000100100000010111000000000,000000100011010000001000000011100010,001100010000001000010101000100010000,010000001100000011100000000000001101,122,6497ms
111001010010000100010010000000000000,000010001000010000100000010100101010,000100100100000000001001001000010101,000000000001101011000100100011000000,142,1816ms
011011101001000000000000001000100000,000000000110100000011011000100010000,100100000000000110100000110010000100,000000010000011001000100000001001011,157,270ms
111100111000000010000000001000000000,000000000000100001101010000000100111,000010000101001000010100100110000000,000001000010010100000001010001011000,157,250ms
100111100000000010000000010000010100,010000010000101000010000001110000001,000000000110000101001011000000001010,001000001001010000100100100001100000,134,3255ms
101111110000000000000100000000010000,000000001100100010100001000001000101,010000000010011001010000110100000000,000000000001000100001010001010101010,161,1280ms
000111000000000000000101100001010001,000000100000110100000010000110001100,011000001011001001101000000000000000,100000010100000010010000011000100010,128,28921ms
111001111000000000000000000010100000,000000000111010011011000000000001000,000110000000001100000101010100000100,000000000000100000100010101001010011,177,44ms
110000101000000101001000000101000000,000110000000110010000000110000001010,000000010100000000110000001010100101,001001000011001000000111000000010000,157,266ms
100110000000001100100100001000000010,000001010100000000000011000000111001,001000000000110001001000100110000100,010000101011000010010000010001000000,145,4011ms
111001110000000000000000011000000010,000110000100001010010100000000001100,000000001010100100101001100010000000,000000000001010001000010000101110001,157,1276ms
010101111000000000000010010010000000,000000000100001100001100001100100100,000010000001000001110001000001010001,101000000010110010000000100000001010,106,7310ms
101000100000000000001011001000001001,000000010000100010110000000011100100,000001000110010100000100100100000010,010110001001001001000000010000010000,118,6602ms
110011000100001000100000000000000101,001000000000010001000000101100110010,000000010001000110000110000011001000,000100101010100000011001010000000000,123,9539ms
011011111000000000000000000100100000,000100000100100001100000000000011110,100000000011010100010011000000000001,000000000000001010001100111011000000,157,699ms
110000111000000000110000100010000000,001000000010000000001000010001111100,000000000101100110000010001100000001,000111000000011001000101000000000010,137,3672ms
101001110000100100000001000100000000,000110000000010001101000100001100000,010000001110000010000000001010011000,000000000001001000010110010000000111,157,411ms
110101100000010000000000010000010100,001000001000000000110100001101000001,000010000100101010001000100000100010,000000010011000101000011000010001000,105,22753ms
010110110000000000001100000000011000,100000000100001110010010001001000000,000000001010010001100001010010000100,001001000001100000000000100100100011,84,37993ms
101110101000000010000000000000010010,000000010100010001000010110010001000,000001000000001000001101000101100001,010000000011100100110000001000000100,177,643ms
011010001000010100010000100000100000,000100000011001001001001000010000010,100000100000000010100000001101011000,000001010100100000000110010000000101,157,568ms
111001011000001000000000010000001000,000000000000110000000111100100000110,000110000100000010101000000010010001,000000100011000101010000001001100000,171,491ms
100000001101000010001000010001010000,001001000000000101010001001100001000,000000010010110000100110100000000001,010110100000001000000000000010100110,59,24694ms
001110000010001000010000010101000000,010000111000000101001001000000000100,000001000100010000000110100000110001,100000000001100010100000001010001010,85,7248ms
001110011000000000000100000001110000,010001000000001000110000001100000101,100000100110000011000001110000000000,000000000001110100001010000010001010,157,17631ms
010001101001000100000000010010001000,001100010000000001000111100000000010,000010000110101000001000001001000001,100000000000010010110000000100110100,50,14883ms
111110110000000001000000010000000000,000000000100001100110001001000110000,000001001001110000000010100000001001,000000000010000010001100000111000110,157,1636ms
010001110000000000000010000001011010,000000001110000111110001000000000000,100110000001001000000000111000000100,001000000000110000001100000110100001,146,39979ms
110000001101110000001000000001000000,000000010000001010100000110110000001,001110000000000100010001000000101010,000001100010000001000110001000010100,153,3062ms
001001011000100000010000100110000000,100100000110000101001100000001000000,000010100000011010000011001000100000,010000000001000000100000010000011111,68,9087ms
101111100000000000000000000100001100,000000010001000001010101001001000001,010000001100001100100010000000100010,000000000010110010001000110010010000,177,69ms
111101111000000000000000000000000100,000000000100000110100100001010100010,000000000001111000010010100001001000,000010000010000001001001010100010001,142,1299ms
101100110000000001001000000100000010,010011001010000010000000000001101000,000000000001111000100010100000000101,000000000100000100010101011010010000,95,139876ms
011101110000100010000000000000010000,000010001011000000001010000100000110,100000000000011000100001100000101001,000000000100000101010100011011000000,143,9424ms
010010000110110001000000001100000000,101001100000000000100011100000000001,000100011001000000010100000000010110,000000000000001110001000010011101000,68,22103ms
110000011000000010000000000110100001,000100100010001000001011100000000010,000001000000110001100000001001010100,001010000101000100010100010000001000,157,2080ms
100011110000000010000001000010100000,000000000010100100011000010000011010,011100001100000000100110000100000000,000000000001011001000000101001000101,157,23ms
010110001100000100100100001000000000,000000110011100010001000000100001000,001001000000011001000010000011100000,100000000000000000010001110000010111,125,27124ms
000011111000000000000000000011010100,000100000010011000010000001000001011,000000000100000011100011110100000000,111000000001100100001100000000100000,84,5596ms
100010111110000001000000000010000000,000001000001110000000011001001001000,001000000000001100000100110000100011,010100000000000010111000000100010100,105,1629ms
001011100000001000010010010000010000,000000000000010001000100001111000101,110000010110100100000000000000100010,000100001001000010101001100000001000,157,5535ms
011001111000100001000000000000000001,000000000000000100010100100101101010,100010000111010000000011010000000000,000100000000001010101000001010010100,157,1606ms
001110010010001000010101000000000000,000000000100010001001010000101000110,110000001000000100000000101000101001,000001100001100010100000010010010000,145,8827ms
010111010000000000001000011000000100,001000000110100101010000000010000001,100000100001011010100001000000010000,000000001000000000000110100101101010,177,3832ms
001100001000010001010010000000101000,100000110100000100000001000010000110,000010000000101010101000011000000001,010001000011000000000100100101010000,38,902ms
011100100000000000001100110000000001,000000000111000100010001000010100010,000011000000110011000010000001001000,100000011000001000100000001100010100,78,10244ms
001111000010000000000100010100001000,000000010000100000110001100000010110,000000100101010000001000001001100001,110000001000001111000010000010000000,82,5251ms
010010111000010110000000010000000000,000101000000000000101100000100000111,000000000001001000010011001011100000,101000000110100001000000100000011000,50,43714ms
001000011001000010000001000100010100,000100000000000101000110010001001010,000011000100101000101000001000000001,110000100010010000010000100010100000,86,2430ms
000110111000000001000000100010010000,001000000100000110101000010100100000,000001000011110000000010000001001001,110000000000001000010101001000000110,53,4798ms
111000000010000000001000100100100100,000000110000100011010000001000011000,000011000101010000100010000001000010,000100001000001100000101010010000001,157,52ms
011010100001100100100000000000010000,000000001010001000000011100100001100,100101000100000010010100000000000011,000000010000010001001000011011100000,157,74ms
110010000110100001000001000000001000,000000000001010010100000001101100010,000101001000001100010000110000010000,001000110000000000001110000010000101,110,33003ms
100110100010000000001000000000011001,000000010000001010000100110011100000,001000000001010101100000001100000100,010001001100100000010011000000000010,148,1963ms
101011010000000000010110000001000000,000000001100010110000001001000000011,010000100011100000101000000110000000,000100000000001001000000110000111100,157,28ms
101010010000100000001001000001001000,010001100001000000100010001100010000,000000000100011100000100100010100001,000100001010000011010000010000000110,87,5977ms
111111100000100000000001000000000000,000000000010001000101000001111100000,000000001000010100000100100000011101,000000010101000011010010010000000010,143,7199ms
011000100000110001000000100010000010,000101001001001000000011000000110000,100010010100000100010100010000000100,000000000010000010101000001101001001,124,7516ms
000100001010100001000100000001100100,000001000000010100100000110100011000,011010110000001000010010000000000001,100000000101000010001001001010000010,65,8076ms
101011000000001000000100100110000000,000000100000100111001000000000101100,010000000111010000100001000001000001,000100011000000000010010011000010010,157,108ms
110111100000000000000001000000101000,000000010010000010100100000001010110,001000001000000001011000011100000001,000000000101111100000010100010000000,162,1509ms
101111101000010000000100000000000000,010000000101000000101000010100000101,000000000010100101000001100010110000,000000010000001010010010001001001010,133,3574ms
000010111001000100000010010100000000,001001000000110001000001101000000010,000100000110000000010100000000111100,110000000000001010101000000011000001,48,1577ms
111100100101000000101000000000000000,000010010000000000010010001001101001,000000000000011100000100110100010010,000001001010100011000001000010000100,140,8014ms
010110000000110000000010000010001010,001000000000001110000101001100000100,000000000111000000011000010001110000,100001111000000001100000100000000001,81,6956ms
000100010011000100000001010001010000,101010001000010001000000100100000001,000001000100001000101010001010000010,010000100000100010010100000000101100,27,1199ms
000101001000000000000010000001011011,101000000010100000000100100110000100,000010100001001011000001011000000000,010000010100010100111000000000100000,21,23556ms
000001010100000101000001001000011000,001000101010001000000010000110000001,100000000000010010011000110001000100,010110000001100000100100000000100010,59,3014ms
100011100000000001001000010000010001,000000001000010010000111000011000100,000100010101001100010000001000001000,011000000010100000100000100100100010,102,3223ms
111010011000000001000000010000000100,000100100000001100011000100110000000,000001000011110010000010000000101000,000000000100000000100101001001010011,117,5898ms
010111000001010000010000010100000000,001000010000000010001100101000110000,000000001000101100000010000010001110,100000100110000001100001000001000001,67,4735ms
010001100001100001001000000001000010,000000001010010010100010001100100000,000110000000000000000100110010011001,101000010100001100010001000000000100,68,17346ms
011011110100000000000001001000000000,100100000000010101010000100000010010,000000000010101000000010010111100000,000000001001000010101100000000001101,90,4734ms
011111101000001000100000000000000000,000000000000100011010011000010000101,100000010000010100000000011000111000,000000000111000000001100100101000010,177,151ms
001110111000000000000000000100010001,010000000001110010101000000000101000,100000000000001001000111001000000110,000001000110000100010000110011000000,172,334ms
101101111000000000000010000001000000,000000000000010001101001100010001001,000000000110100100010000011100010000,010010000001001010000100000000100110,132,8577ms
100110011000001010000000000001100000,011000100000000101010001110000000000,000000000010100000001110000110000011,000001000101010000100000001000011100,110,68792ms
010000101010010000010000000010010001,100000010000001100100001001000100100,001000000100100011001100110000000000,000111000001000000000010000101001010,58,38143ms
000100000100101000100001100001001000,100000010000010001000000001100110001,010001000001000000011010010010000010,001010101010000110000100000000000100,50,13860ms
011100110000010110000000000000000100,100010001100000001001001000001000001,000000000010100000010010100000111010,000001000001001000100100011110000000,86,28165ms
110100010001100000000000000001100100,000001000010010011001000000100000011,000010000100001100110100000000011000,001000101000000000000011111010000000,133,33878ms
001101001110100000000110000000000000,000010100000000000001000110011010001,010000000001011100100001000000001010,100000010000000011010000001100100100,114,26360ms
100101010000000101001000110000000000,000010001010000000000100000010111100,010000000100011010010000000101000010,001000100001100000100011001000000001,137,10270ms
100100111010000000001010010000000000,010001000100000101000000000000111001,001010000001010010000001000010000110,000000000000101000110100101101000000,107,114530ms
000000110001100000000000000011011010,000011000000001001000101001000100001,000100000000010010111010000100000100,111000001110000100000000110000000000,29,9417ms
000010001000001100001010010000100100,001001000010010001000000000011010010,000000010101100010100000101000000001,110100100000000000010101000100001000,0,8599ms
110110111000000000100000000000000100,000000000100000100000110100010011010,001000000010000010011001011000000001,000001000001111001000000000101100000,164,1685ms
100111000000110000000001000000101000,000000011011001001010100000000000010,001000100100000100001000100001010001,010000000000000010100010011110000100,134,3102ms
111100000100000101000000000000010010,000001001000001000011000100000100101,000000000001100000100101001111000000,000010110010010010000010010000001000,157,701ms
010100010000001001000000000010110001,100010100010000010110000010000001000,001000001100010000000100000101000110,000001000001100100001011101000000000,92,248660ms
011010010000000000011000010001000001,000101000000000110000100001000011100,100000000110010000100011100010000000,000000101001101001000000000100100010,157,5670ms
000110010000010000010010010000001010,001000001111000100000000000011000100,010000100000001000100100101000010001,100001000000100011001001000100100000,73,6394ms
101111111000000000000001000000000000,010000000000000010010000010010011101,000000000111000100100100100001100000,000000000000111001001010001100000010,177,155ms
000100100010010010000001100010000010,011000001001100001001100010000000000,100001000000000000100010001100111000,000010010100001100010000000001000101,91,22385ms
110001101000110000000010000001000000,000000000000000011101100011000100010,001100000011000100010000000110000100,000010010100001000000001100000011001,157,39ms
010100100000000101000010100000000110,001001010001010000100000000100001001,100000000010000000011101011010000000,000010001100101010000000000001110000,67,6306ms
001111011000000000000001000010100000,000000000000000001011010011000010101,010000100101100100100000100000000010,100000000010011010000100000101001000,116,70416ms
010001001100000000000000001001111000,100100010000010110000001010000000010,001000000011000001110110000000000100,000010100000101000001000100110000001,89,5306ms
111111101000000010000000000000000000,000000010000010101010010000100001010,000000000001000000100101110011000100,000000000110101000001000001000110001,156,2761ms
001101000000101000000001000100000110,010000001100000100010000011010010000,100000000011010011100000100000000001,000010110000000000001110000001101000,114,25933ms
100100110000101000100010000000000001,010001000001000010000001010000101100,001010000110010000000000000101010010,000000001000000101011100101010000000,140,3838ms
110110011000000000000010100100000000,000000000000001001011101000000011001,001001000111000100000000000010100100,000000100000110010100000011001000010,177,203ms
101101010000010110000000000010000000,010000101010000001001001100000000010,000010000100000000000010010001101101,000000000001101000110100001100010000,114,31107ms
000010101000110100010000000110000000,110000000010000010100001000000101001,000001000101000000000010110000010110,001100010000001001001100001001000000,43,2285ms
101011011000100010000000000000010000,000000000000011001001101001010100000,000000100110000000010000110001000011,010100000001000100100010000100001100,134,1538ms
000111111011010000000000000000000000,011000000000000000011100100010001100,100000000100100110100010000101000000,000000000000001001000001011000110011,156,3885ms
111000100110000000000000001100000100,000011010000010001010000000010001001,000000001001001110100001000000110000,000100000000100000001110110001000010,157,156ms
101100000010000100100100011000000000,000000101000010001011000000010010010,010010010100100010000010000001000100,000001000001001000000001100100101001,157,892ms
101110110000000100000000000000010001,000000000010000011001110101000000010,000001000101000000100001010011000100,010000001000111000010000000100101000,177,1561ms
111101010100000010000100000000000000,000000000010011100001000101001000010,000010100001000001110000010100001000,000000001000100000000011000010110101,157,98ms
001110100000010000000000000001010110,000001000101001100011101000000000000,100000011010000001000010110010000000,010000000000100010100000001100101001,135,44498ms
001000101100000011000100110000000000,100001000011010000000000001001100010,000100000000100100111001000100001000,010010010000001000000010000010010101,65,27943ms
010111011100000000000000010001000000,000000000010001010001001001000110100,100000100000100001100010100010000001,001000000001010100010100000100001010,177,177ms
