101011000100000100101100000000000000,000100001010100000000001010011000010,010000000001011011000000100000011000,000000110000000000010010001100100101,157,2027ms
100101011010100000000000000100000001,001010000000011001001000100000100010,010000000000000100100111001001000100,000000100101000010010000010010011000,139,2753ms
100110100010000000000100001000000110,010000010101001000011000010010000000,001000001000110110100000000100001000,000001000000000001000011100001110001,133,7230ms
010111111000000000010000000010000000,001000000010111001000100000000010010,100000000001000110100011010000100000,000000000100000000001000101101001101,177,426ms
101101111000000100010000000000000000,000000000011000000001110101100001000,010010000100010011000001000010000100,000000000000101000100000010001110011,157,167ms
001010101100000010000000110010000000,000000000001010000111000001000110100,000101010010000001000010000001001001,110000000000101100000101000100000010,52,8931ms
100111010001000000000101000000001000,010000001000001000100010001100010010,000000100000110101010000110000100000,001000000110000010001000000011000101,113,21085ms
001011011000000010000010000000110000,010000100010010000001000010011001000,100000000000100101010001000100000101,000100000101001000100100101000000010,112,13888ms
011011110010000000010001000000000000,100000001001110000000100100100100000,000000000100000000001010000010011111,000100000000001111100000011001000000,106,58368ms
101001100010100000000010001100000000,000010000100001101100000000011010000,010000011001010000010100000000001100,000100000000000010001001110000100011,141,1007ms
110101011000000100000000000010100000,001010000101001010000000110100000000,000000000010010001110100001001000010,000000100000100000001011000000011101,136,39035ms
011000001000001000000110000100011000,000010000001000001000001010011000101,000101000110010110100000000000000010,100000110000100000011000101000100000,119,12358ms
010110100001000100101001000000000000,001000011000100000000000010101001010,000000000010000010010110100010010100,100001000100011001000000001000100001,88,360908ms
100111110100100000000000000001000000,011000000000010101001010000000011000,000000001001001010000000110010000101,000000000010000000110101001100100010,137,2455ms
111001011000000000000000000000110001,000000000001100010000011001001000110,000010100110011000010100100000000000,000100000000000101101000010110001000,157,1348ms
111001100110010000000000000000010000,000010000001000000011001101001100000,000000010000101010100000000110000011,000100001000000101000110010000001100,157,102ms
101110001000100001000100000000000100,010000110000000000101010001010000010,000001000000000110000001010100011001,000000000111011000010000100001100000,110,54723ms
001001010000000100000001110000010001,010100000010000011101000000000001100,000000001101001000010010001001100000,100010100000110000000100000110000010,26,1302ms
101100110000100000000001000000000110,010010000001001101001000100010000000,000001000010000000010100001101001001,000000001100010010100010010000110000,129,4389ms
111110001011000000000100000000000000,000000010000100111011000001000010000,000000000100010000100001010010001110,000001100000001000000010100101100001,177,642ms
011011011000000000000000100100100000,000000100001000010001110000000000111,000100000100111100010000011000000000,100000000010000001100001000011011000,110,33666ms
010000011000001000010001000000010011,000100000001110000101000000101000100,000011100110000100000110001000000000,101000000000000011000000110010101000,98,9344ms
100111001001000000001100000010000000,000000010000000000010010110001111000,010000000100011001000000001000000111,001000100010100110100001000100000000,132,13944ms
110101100000000011000000010000100000,000000000000111100000010000001010110,000000000110000000110100101100000001,001010011001000000001001000010001000,144,5606ms
100001111000000001000001101000000000,001000000001010000100100000101100001,010010000000101100001000010000001100,000100000110000010010010000010010010,120,5262ms
101001010100000000010100000001000100,000000000011000010000000101010011010,010000101000000001100011000100100000,000110000000111100001000010000000001,157,220ms
010000000100010000011000100100001001,100000001001000110100110000010000000,000111000010101000000000001000110000,001000110000000001000001010001000110,85,5693ms
110100000000110000010000000100010001,000010001101000000000110010001000010,001000000000000001100001100010101100,000001110010001110001000001000000000,157,8335ms
001001000000010101010011000000000001,010000010101100000000100001110000000,100010100000000010100000010001011000,000100001010001000001000100000100110,125,1317ms
100011110000001000001000000000100010,010100001000100000010000001010010001,000000000011000010100101000100001100,001000000100010101000010110001000000,113,9479ms
100011001000000000001000101001001000,000100010111000001000100000000110000,000000100000100110110001010000000010,011000000000011000000010000110000101,109,16249ms
010011110100000100000001010000000000,100000001010010000110100100000000010,000000000001100011001000000100100101,001100000000001000000010001011011000,66,108852ms
101100101000100000000100100000000010,010000010000001000100001000001111000,000011000011000101010000000010000001,000000000100010010001010011100000100,95,23691ms
111110101001000000100000000000000000,000000010100100101001011001000000000,000001000000010000000000100100110111,000000000010001010010100010011001000,177,831ms
110110010000001000000000000001001100,000000100000100101110010000010000010,001000000010010010000000101100110000,000001001101000000001101010000000001,172,1519ms
111010000100000010000010001000000001,000100010010010000001100110100000000,000001000001000001010001000010110010,000000101000101100100000000001001100,140,2398ms
110010101000010000100100000010000000,001100000011001011010000000100000000,000000000100100100001010100001100010,000001010000000000000001011000011101,157,21769ms
011001111010000000011000000000000000,000010000101000001000111000000001100,100100000000001100100000101000010001,000000000000110010000000010111100010,157,67ms
111101001000000010001000000001000000,000000000101001001000000100010011010,000000000010110100100010011100000000,000010110000000000010101000000100101,150,12377ms
101101110000000000000010001000010000,000010000000010101001100100001100000,010000001011000000100000000100001110,000000000100101010010001010010000001,157,162ms
100100101001100100000000010000001000,000011000000000000001010100110110000,011000000100000011000100000000000111,000000010010011000110001001001000000,121,27259ms
010110001001000000101000010000001000,100000100000000001000110001010000011,001000010000110100000001100001000100,000001000110001010010000000100110000,104,16443ms
110111110000010001000000000000000000,000000000101001000000010110000011100,000000001010000000101101001100000010,001000000000100110010000000011100001,160,972ms
000000100100000001000011110100010000,000001010000100010101100001000000010,110000000010000100000000000011001101,001110001001011000010000000000100000,105,26029ms
001000110110000000011110000000000000,000110000000001001100000010010110000,010000001000010100000000100101001010,100001000001100010000001001000000101,106,3748ms
100010110000101000000000010000100001,010001000001000101000000000100010110,001100000100000000001010101010001000,000000001010010010110101000001000000,97,46745ms
001110111000000001000000001010000000,000000000110011000100101000100000001,110001000000100010000000100000101100,000000000001000100011010010001010010,162,3157ms
101100011000000010000000011100000000,000000100010101001000100000000100101,010010000001000000111000100001000010,000001000100010100000011000010011000,157,77ms
001110110000001010001000100000000000,100000000001010001010100010000011000,010000000010100100000001001110000100,000001001100000000100010000001100011,75,20367ms
001011100100000010001000100001000000,000000010001011100010010010000100000,010000001000000000100001001010010011,100100000010100001000100000100001100,97,32097ms
100110000010001010010000000000100100,001001110001000000000000001110000001,010000000100110100000110100000010000,000000001000000001101001010001001010,104,12096ms
011010111000100000000000000001000010,000001000010010001110010000000001001,100100000001001100001001000000010100,000000000100000010000100111110100000,135,5628ms
110010001000000000000001000001100110,000001000000010101101000110000010000,000000010001001000010010001100001001,001100100110100010000100000010000000,123,39817ms
000000101001010000000000010000111100,001100000010001000000110001101000000,100010010000100100001001100000000001,010001000100000011110000000010000010,57,4552ms
110100011001000001000010000000001000,001000000100111000000000001010000101,000001000010000100100001000101100010,000010100000000010011100110000010000,157,3926ms
101110011000000000001000100000000100,010000100010100110000001000000001001,000001000101001000110100010000010000,000000000000010001000010001111100010,152,22324ms
001111110010100000000000000001000000,110000000100000000100001110010000010,000000001001000100001110001100000001,000000000000011011010000000000111100,99,11751ms
001111011100100000000000000010000000,100000000011000011000001010000110000,010000100000000100010000001101001001,000000000000011000101110100000000110,137,4026ms
000110011000001000000110010100000000,001000000000010000110001100000100110,100000100000000110001000001011000001,010001000111100001000000000000011000,126,6747ms
111101011000000000000000000000001001,000000000010110010000000111000000110,000000100100000100101001000011100000,000010000001001001010110000100010000,144,1308ms
000011011000000111100000000000000001,000000000010101000001110000001110000,001100000000000000000000111110000110,110000100101010000010001000000001000,68,52058ms
010010000000001010100000110010000001,001100101001000100000001000001000100,100001000110000000010100000000110010,000000010000110001001010001100001000,109,1375ms
001110001010000001000100000001000001,110000100000100000110000100100000100,000000000100000110001011010010010000,000001010001011000000000001000101010,79,18447ms
011110000000000000100010001000101000,000000100110101001000100000000010100,000000001000010110000000100111000010,100001010001000000011001010000000001,124,12934ms
101110111000000100000000000000010000,000000000001011000000000101110001010,000001000000100011011101010000000000,010000000110000000100010000001100101,166,2298ms
001100001100110000000000000000001011,100011010000000100100110000000100000,010000000000001001010001100011000100,000000100011000010001000011100010000,55,17450ms
001000000000000010010100100101010100,110010000100000000101010000010000001,000000000010011101000001011000000010,000101111001100000000000000000101000,0,1401ms
100100001000011101100000000010000000,011001100111000000000100000100000000,000000000000100010011000001001100110,000010010000000000000011110000011001,54,3757ms
110000110010000000100000101100000000,000000000000100100000001000011110011,001100001101001011010000000000000000,000011000000010000001110010000001100,157,1056ms
001101001000000000101001100000000100,000010010001101000000110000001010000,010000100100000100010000000110100010,100000000010010011000000011000001001,120,9235ms
110101000001010000000010010000010000,000010001100000000100000100001101001,000000000000101111011100000010000000,001000110010000000000001001100000110,79,15548ms
100111000100000010010000100010000000,000000110011100000000001001000101000,001000000000000001101110000001010100,010000001000011100000000010100000011,177,328ms
001001001001011100000010000000000010,010010000010000010001000101001000100,000000110000100001100000010110010000,100100000100000000010101000000101001,60,3995ms
110011001101000000010000000000000100,001100000000000001000011001100011000,000000100000010000101000110001000011,000000010010101110000100000010100000,157,3485ms
010001001000000000000110100110100000,001010000011001001000001000000000011,000000010000010110011000010001010000,100100100100100000100000001000001100,70,1929ms
110010010000010110000100000000100000,000100101000001000111010000001000000,000001000011100000000001101100000100,001000000100000001000000010010011011,113,15435ms
100011000010000000001001000010110000,000000110000000100000010001001001110,001000001101100000000000110100000001,010100000000011011110100000000000000,122,20373ms
100011010100000000010001001000000001,010000101000101000000100000011000100,001100000001010101000000010000001010,000000000010000010101010100100110000,101,19779ms
001101000100000100000000100000001101,000000001011011000000011001100000000,100010010000000000110000000011100010,010000100000100011001100010000010000,136,2759ms
100101001000001101001000000000001000,001000100010000000000001011000010101,010000010100000010110000000010100010,000010000001110000000110100101000000,146,336ms
100010010010000000110110010000000000,000000000001011101001001000100000010,010000001100000010000000101010101000,001101100000100000000000000001010101,113,78231ms
101011001000000000010000010000010001,000000110010001000001010000001000110,010000000001100001100101000110000000,000100000100010110000000101000101000,157,96ms
110001000000100100100100010100000000,001000010101010010011000000000010000,000110100000000000000001000001101110,000000001010001001000010101010000001,173,4617ms
111101000000000100001010000000000010,000010010001001000010000000101101000,000000100100000011100101010000010000,000000001010110000000000101010000101,157,1449ms
111000011000000100000000000100001010,000001000111110000000000001010000001,000000100000001011010100000000110100,000110000000000000101011110001000000,135,12902ms
110010100000100000000001110010000000,000001000000000001110110000100010001,000000011100001110001000001000100000,001100000011010000000000000001001110,107,85420ms
010011001000000000000000011000011010,000100100011010110100000000000000100,001000000100001000000101100111000000,100000010000100001011010000000100001,95,6853ms
011000101010001000000001000000101000,000101000000100000000100001110000101,100000000001000001111000110001000000,000010010100010110000010000000010010,157,41385ms
001110010101000000111000000000000000,110001001000000000000000010010010110,000000000010011101000100100100000001,000000100000100010000011001001101000,104,28847ms
000010010010001000010000101001000010,100000000000000001101010010000011001,011100101101100000000000000000100000,000001000000010110000101000110000100,106,16225ms
101000100000000010100001010000100100,010011010101000000000100100000000010,000000000010111001001000001100000001,000100001000000100010010000011011000,92,13798ms
011101001000001000000000100100000100,100000100001000101010000000001001010,000000010010110010001100000000010001,000010000100000000100011011010100000,79,6615ms
000011001000100000010000001000000111,010100000001011011000000000010001000,001000000010000100100001010100110000,100000110100000000001110100001000000,45,13571ms
111011001000000000000001100000010000,000000100101100000000000001001100101,000100000000010010111010010010000000,000000010010001101000100000100001010,157,906ms
011100000010000000000000010000001111,000000010000011100110000100001010000,000001100101100010000110000100000000,100010001000000001001001001010100000,96,5944ms
100110010000000001011000000011000000,000000001001011000000000010000100111,010001000100100000000111001000001000,001000100010000110100000100100010000,142,2003ms
100100000000001000010010011110000000,000000011001010010101000000001000001,000000100010000100000100100000111010,011011000100100001000001000000000100,59,1789ms
101010100001100000001001001000000000,000001000000000100000010100000110111,010100011000010000000100000110001000,000000000110001011110000010001000000,157,5352ms
111111010000000000000001000000001000,000000000000011011101110000000100000,000000000011100000000000101110010001,000000101100000100010000010001000110,177,734ms
010111100000000000000001100000010001,100000000010011101010000001000000010,001000001001100000100000010011000100,000000010100000010001110000100101000,114,13032ms
011100100000010000010010000001000001,000011000001000010101101000000001000,100000000100100100000000110000110010,000000011010001001000000001110000100,130,17072ms
011000000001000100110000000000110010,000001101000010000000110001001000001,100010010100000010001000110000000100,000100000010101001000001000110001000,144,434ms
101010011000110010000000000010000000,000000000100000100110010110000100001,010000000001001000001101000000010110,000101100010000001000000001101001000,116,12452ms
111100010000000010001000000001000001,000001100000111000000011001000100000,000010000100000101000000110010000110,000000001011000000110100000100011000,130,4971ms
011000010000010001001010000000100100,100000000100000100110001000111000000,000111101000101000000100000000000001,000000000011000010000000111000011010,76,6305ms
011010100000001000000011010000001000,000001000100000101001000000101100010,000000001010010010110000000010000101,100100010001100000000100101000010000,81,32067ms
011100101100000100000000100000010000,000001000001000011010000000110001100,100010010000011000001100001000000001,000000000010100000100011010001100010,144,5983ms
001010100011000000001010000010100000,010000010000110100000000111001000000,000100000000000010010101000100011010,100001001100001001100000000000000101,46,5019ms
100011011000001000000000010001010000,010000100001000010100001101000000100,000100000000110101010100000100001000,001000000110000000001010000010100011,102,4476ms
000100101000000100100100001000101000,001000000001110000000001110000000101,100011000000000010011010000011000000,010000010110001001000000000100010010,104,4972ms
100000111000010000011100010000000000,001100000010000011000000000010110100,000011000001001100000000101000000011,010000000100100000100011000101001000,85,25668ms
101010001000000000010100000100011000,000100010100000010100000101000100001,010000100010011001000000010001000010,000001000001100100001011000010000100,150,2166ms
011100010001010001000001000000000010,000001001000000000011110000100100001,000010100010000110000000011010000100,100000000100101000100000100001011000,58,37598ms
111010100000000101000010000010000000,000000000000010000111000101000010101,000101001000001010000000010100101000,000000010111100000000101000001000010,157,991ms
110011101001000010000000000010000000,001000010100000000100010010000010011,000100000010001101000100100000101000,000000000000110000011001001101000100,121,5445ms
101010000000000000001101010100100000,000000010110000111000000000001001100,010001101000110000000000001000010001,000100000001001000110010100010000010,140,21467ms
011011001000000000000001001000100001,100100000000010110100100100000000010,000000000101101000000000010111000100,000000110010000001011010000000011000,99,22014ms
000110110100010000000000000000001101,111000000000001000010000010101100000,000001000010000010000111100010000010,000000001001100101101000001000010000,67,5362ms
000000110000000111000001000011000010,101100000010011000001010000000100000,000011000100100000000000001100001101,010000001001000000110100110000010000,0,6703ms
110001001100000000000001000011000100,000000100001000001110110000100100000,000000000000011010001000101000011001,001110010010100100000000010000000010,98,24891ms
110000101000010100000011000000001000,000000000001000000110000110001110001,000011010110000000001100000000000110,001100000000101011000000001110000000,113,3694ms
110111100100000000010001000000000000,001000000000001001001000110000011100,000000001001100010100110000001100000,000000010010010100000000001110000011,177,219ms
100000011000000000001101010010000001,010101100000001000110000001000000100,001000000111000110000000000100110000,000010000000110001000010100001001010,96,39307ms
000011111000000000010000000010011000,000100000100000000100011010101000100,010000000001010110001000000000100011,101000000010101001000100101000000000,47,30058ms
000100111100000100000001000001010000,010000000011000001000010101100000010,001010000000110000111000010000000001,100001000000001010000100000010101100,73,6576ms
111100000011000000001000000100010000,000010001100100111000000001000001000,000001010000001000100001000011000101,000000100000010000010110110000100010,157,1300ms
100100111000110000000100000100000000,010010000000001110100010100000000010,000000000001000000001001010001111001,001001000110000001010000001010000100,88,15231ms
101011010010011000000000100000000000,000000000100000110010010010101010000,000100001001000000000001001000101011,010000100000100001101100000010000100,120,9872ms
111101101000001000100000000000000000,000000000010000100011010000110010010,000000010001110001000100000001100001,000010000100000010000001111000001100,142,462ms
111101010000000000010001000000001000,000000100101101001001000000000010100,000010000000000100000100010111100001,000000001010010010100010101000000010,157,138ms
110000001011000000001101000000000001,001010000100000110000000000110100100,000001010000110001100000011000000010,000100100000001000010010100001011000,107,63095ms
101110101000100000000110000000000000,000001000000000001010001001010100011,000000010100001000101000010000011100,010000000011010110000000100101000000,177,279ms
110000011000000000110000010000100010,000100000000100001001000101001000101,001000000010011010000111000100000000,000011100101000100000000000010011000,141,14391ms
010011101100000000000001000010010000,100000000011000101110000000000101000,000100010000011010000010100100000001,001000000000100000001100011001000110,105,4044ms
101111110000000010000000000000000010,000000001101100100010000100010000100,010000000010000001001011010000100001,000000000000011000100100001101011000,156,3415ms
011001100010000100010000100010000000,100110010000001001001100000000001000,000000000100110000100010001100000101,000000001001000010000001010001110010,105,8374ms
011101100000000001000000000000000111,000000010000010110000001110100010000,000010001001001000110010000011000000,100000000110100000001100001000101000,97,5892ms
111011111000000000000000100000000000,000100000000011010001001000100011000,000000000000000001010010011011000101,000000000111100100100100000000100010,143,2667ms
110100100010010000000101000001000000,000001000000000001100010011100100010,001000011000001010000000100010001001,000010000101100100011000000000010100,124,3654ms
110001100001001001000001100000000000,000100000010010010001000001000101010,000010000100000100010000010111000100,001000011000100000100110000000010001,136,4464ms
001111000000000000001110000001000010,000000000111110000010000000000111000,000000110000000101000001111100000000,110000001000001010100000000010000101,76,10904ms
111111011000000010000000000000000000,000000000000011100001000011001001010,000000100101000001100010000110000100,000000000010100000010101100000110001,177,120ms
011111011000000100000000010000000000,100000100010001000000110000010000101,000000000100000011100000001001110010,000000000001110000011001100100001000,136,80615ms
111110000000001000011000001000000000,000000010100000011100001000010010010,000000101011100100000000010100001000,000001000000010000000110100001100101,156,1125ms
011001010001000000000010000001100100,000100000100110010001001001000000010,000000101000001001110000110010000000,100010000010000100000100000100011001,81,28016ms
001101010000010110000000000000110000,010000000000100000000010111100000110,100010000010001000111001000001000000,000000101101000001000100000010001001,130,9507ms
001011110000011000000000001000000001,100000000100000100000010110000011100,010100001011100000000101000000100000,000000000000000011111000000111000010,61,6487ms
000100110110010011000000000000000100,100010000000001000101001010000001001,000000001001000000010100101010010010,011001000000100100000010000101100000,30,30855ms
001101111000000110000010000000000000,000010000010101001100000111000000000,100000000001000000011000000110110001,010000000100010000000101000001001110,143,17260ms
100010000000000110100001000000011001,011100101100011000010000000000000000,000000000010100000001010101100100010,000001010001000001000100010011000100,70,22173ms
001111010000000001001001010000000000,000000001101100100000110001100000000,110000000000011000100000000011110000,000000100010000010010000100000001111,177,244ms
101011111000000000000000000000110000,010000000000010000110010001000001110,000000000111001000000100100110000001,000100000000100111001001010001000000,157,440ms
101110100000000000001000001011000000,010000001101100000000000000000110101,000000010010001010010011100000000010,000001000000010101100100010100001000,111,45560ms
011010001000000010100001000100000010,000101000001010001011000000010010000,000000110000100100000110000001000101,100000000110001000000000111000101000,83,6723ms
000101011100000000000000010001011000,000000100001000011110110000100000000,010000000010010100001000001010000101,101010000000101000000001100000100010,63,6470ms
010111011100000000000010000100000000,001000100010101100000001000010000100,100000000001000001111000100001010000,000000000000010010000100011000101011,177,560ms
101011011000010000000001000000000100,010000000001000001000110010110000010,000000000000001110010000101001100001,000100100110100000101000000000011000,91,13298ms
110011111000000000000010000001000000,000000000110010010000000010100001011,000100000000101101110100000000100000,001000000001000000001001101010010100,157,454ms
101111001010000000001000000000100000,000000000100010101010001001000000101,000000010001001000000110110001000010,010000100000100010100000000110011000,109,11447ms
101111011000000000000000001000000001,000000100010010001000000110000110010,010000000000100110100101000100001000,000000000101001000011010000011000100,177,133ms
011101101000000010000000000000000110,000010000010011000110001100100000000,100000000001000000001100011010110000,000000010100100101000010000001001001,143,23406ms
100000001100010010110000100010000000,001001100011000000000100001100000010,000010000000100101001000010000010101,010100010000001000000011000001101000,81,1295ms
001100010001010111000000000100000000,100010100000100000000011000000010101,010000001100001000100000000001101010,000001000010000000011100111010000000,121,8254ms
111100101000000001000000000000010001,000001000100000000101100100110000100,000000000010100000000011011001101000,000010010001011110010000000000000010,116,23003ms
010110011001000001000000000010000001,100001000100011000001100000001001000,001000000010000010100000111000000110,000000100000100100010011000100110000,109,11878ms
111001111000000000000000001010000000,000000000110110001011000100000000001,000010000001000000100010010000101110,000100000000001110000101000101010000,157,422ms
100001000010001101000000101000000010,011010100100000000101000000001010000,000000001001100000010001010110000100,000100010000010010000110000000101001,78,1715ms
011110011000000010100000000000000100,000000000101110000001000110001000001,100001100000000001000101001000010010,000000000010001100010010000110101000,177,515ms
010000101001010010101000000000010000,001001000100000000000000011000101101,000100000010100101010000100001000010,100010010000001000000111000110000000,63,2586ms
001001100001000000000101000001001100,000000010010100001110000000010010001,100100000100001100000000001100100010,010010001000010010001010110000000000,99,23950ms
010100001000000110001100010001000000,001011000010000000100000100000011100,000000000001000001000001001110100011,100000110100111000010010000000000000,25,33030ms
000110001000001001001010100000000001,000000110001100010000100000100100100,010001000000010100010001011001000000,101000000110000000100000000010011010,52,7492ms
000100010010000010010001001100000010,100001001000100000000010100010010001,010010100000010000100100010001100000,001000000101001101001000000000001100,97,8635ms
100100110000010000010010010000010000,001001000001001010100000000010100100,010010001110000101000000000100000001,000000000000100000001101101001001010,157,5996ms
111010110010000001000000000000010000,000000000000111010000011100000001100,000001000001000100101000011100100000,000100001100000000010100000011000011,157,1826ms
011101111000000010100000000000000000,000000000111111000000000101000010000,100010000000000001011100010000100010,000000000000000100000011000111001101,157,79ms
100011111001100000000000000000000100,011000000100001100001000010000000011,000000000010010000100000000111111000,000100000000000011010111101000000000,133,45536ms
011100011010000100000000000000010010,000001000001000010001000011100000101,100010100000001000010110000000101000,000000000100110001100001100011000000,138,7525ms
000000000100000001011100100010000011,010011001001000010000000001000010100,001000000010111000100001010001000000,100100110000000100000010000100101000,28,10419ms
001111001000001000110000000001000000,000000000000110100001111000000010001,010000010011000001000000100100001100,100000100100000010000000011010100010,115,11191ms
001010111000000000010100000001000100,100100000100000100001010101000010000,010000000000001010000001010010100011,000001000011110001100000000100001000,62,12280ms
100101110000011001000000001000000000,001010000000100100000000110001010100,010000001010000000100111000100000001,000000000101000010011000000010101010,157,1595ms
110100001000010100001000010000100000,000001000001000000110100001011000100,000000000100101011000010000100011000,001010110010000000000001100000000011,131,10952ms
010000010000000010010101001000010100,100100000010010001001000000010000011,000011101000001000000000100101100000,001000000101100100100010010000001000,58,18293ms
010101001000000100001000000010010010,000010000111000000000110011000001000,000000110000000001110001100000100001,101000000000111010000000000101000100,65,42920ms
001100011100001000100001000000000001,010000100000000001001110101000000010,100000000010100100010000010000110100,000011000001010010000000000111001000,147,105810ms
110010110000011010001000000000000000,000000000010000100000000110010011101,001101000001100000010100001000100000,000000001100000001100011000101000010,137,6963ms
111010101001000100000000000000010000,000001010000000011000000101010100100,000100000110110000000101010000001000,000000000000001000111010000101000011,157,639ms
000011100001000000100000000100100011,001000010000010000001100111001000000,010000001100000011000011000000011000,100100000010101100010000000010000100,91,12625ms
110000010000000110010000001100000010,001000000110001000000011100000100001,000101001000000001001000000001011100,000010100001110000100100010010000000,157,4014ms
110011011000000001000000000000010010,000000000001000000011000111011001000,001100100110001000000010000000100100,000000000000110110100101000100000001,151,1655ms
111100100100001000000000000000100010,000000010011000100000000010001011100,000000000000010000111111100010000000,000011001000100011000000001100000001,131,12687ms
110110111000000000000010000000010000,000000000001001010000001101011100000,001000000000100001111000010000001010,000001000110010100000100000100000101,177,194ms
001110011000100001000010000000010000,010000000000000110101000011110000000,000001100110000000000000100001000111,100000000001011000010101000000101000,72,4954ms
011000011000001000000001100000011000,000000000101000001000110011100000001,000101100010000010101000000001100000,100010000000110100010000000010000110,56,5882ms
110011100000000010010010010000000000,000000011101000000001001000100010001,001000000010110000000000101010100010,000100000000001101100100000001001100,130,3352ms
001010000000000000001111010000110000,000001000000001001000000101010000111,010100011010000010100000000100001000,100000100101110100010000000001000000,123,6786ms
001100101000000001000101011000000000,000001000010101010100000000010000011,000010010001010100000000000001110100,110000000100000000011010100100001000,54,150096ms
100000100011000000100000110000010100,000000000000001001011001001101000010,000101010100110100000000000000001001,011010001000000010000110000010100000,96,19509ms
000001100001000001000101000000110100,100000010100110100001000010000000010,010010000000001000110010000010001001,001100001010000010000000101101000000,35,1912ms
010101110100000000000000010001000001,000000001001001001001100001100000010,100010000010100110100001000000000100,001000000000010000010010100010111000,157,349ms
110110011000000010000010000000001000,000001000000111100010000000101100000,001000000111000000000100010010010001,000000100000000001101001101000000110,177,84ms
001001111000011000000000000011000000,100000000001000100010010011000001001,010010000100100001100100000000100010,000100000010000010001001100100010100,107,8271ms
010100100100000000000000101000010011,000000001000001010100101000001001100,001000010000110001011000010010000000,100011000011000100000010000100100000,72,5502ms
110010000001100001000001010000000010,000001010000000010011000001011100000,001000100000001100100010100100010000,000100001110010000000100000000001101,138,3440ms
010011111100010000000000000000000010,000000000011001001001100000100010100,000100000000000110010011100001000001,101000000000100000100000011010101000,66,14315ms
111010001000010001010000010000000000,000101100010000000000100001001000110,000000000101101110000000000100001001,000000010000000000101011100010110000,157,58064ms
111100111000000000010000000000001000,000011000001001001000100000101100000,000000000110000100100000101000000111,000000000000110010001011010010010000,157,1915ms
000010000010101101010000000000110000,010001000000000000001001001100000111,000100010100010010000010010011000000,101000101001000000100100100000001000,0,2333ms
010101111000100000000000010000010000,000010000001000000001011000001001110,001000000110001001100000001100000001,100000000000010110010100100010100000,121,6978ms
000000111000111000001000000001000001,100000000001000001100011010010001000,001111000100000010000000100000010010,010000000010000100010100001100100100,63,2834ms
100101000000000001001000100001001100,000010001000011010010000000110000010,011000010110000000100010001000010000,000000100001100100000101010000100001,151,537ms
111111000100000001000000000000010000,000000101000010010001000100100100010,000000010010101000100010001001001000,000000000001000100010101010010000101,177,374ms
001000111000100010001000100000100000,010000000000000001010100000111001100,100010000110001100000000011000000001,000101000001010000100011000000010010,136,7704ms
000011010001001000010000100000001010,100000100100000100000011000000110100,000100001010110010000100000011000000,011000000000000001101000011100000001,22,1525ms
000000011000000010010000100100101001,011010000011000000000110001001000000,100000100000001100000001000010010110,000101000100110001101000010000000000,47,51870ms
011010101000000010001000000100000001,000000010000100001010101101000010000,100001000000011000000000000011101010,000100000111000100100010010000000100,157,2826ms
011010010000000100000011010001000000,000001100001001000100000000010100101,000100001000110010011000101000000000,100000000110000001000100000100011010,93,203087ms
110101111000000001001000000000000000,000010000000001010110001000010100001,000000000100000100000100100001011110,001000000011110000000010011100000000,144,6486ms
000100100110000100010100010001000000,000001000001010000001000101100100100,011000000000101010100000000010001010,100010011000000001000011000000010001,71,6394ms
100101111100000000000001000000001000,000010000001100001001100000000110100,010000000010001010000000110011000001,001000000000010100110010001100000010,157,281ms
100011101000000001001000000000100010,001100000000000010000110001101001000,010000010111001000000000100000000101,000000000000110100110001010010010000,157,11734ms
000001110100010001001000000000000110,110000000000000100000111000000101001,001000001010000010010000001011010000,000110000001101000100000110100000000,57,4130ms
100101101000000010000000010010010000,010000000100001000100110000101100000,000010010001100100001001000000000110,001000000010010001010000101000001001,94,2047ms
010101011001010000011000000000000000,101000000110001010000000000001000101,000010000000100001000110011010000010,000000100000000100100001100100111000,53,42066ms
010010001101000000110101000000000000,101000010000001000000000001000101110,000100100010100111000010010000000000,000001000000010000001000100111010001,81,72246ms
001111111000000100000000000010000000,000000000001100011010000011000000011,000000000000001000100101000101011100,110000000110010000001010100000100000,113,46960ms
000001101011000000000110000100100000,000000000100011000000001100000011011,001010000000100110101000000001000100,110100010000000001010000011010000000,39,3044ms
010101101000000001000100000001000010,001000010101000010100000011000000100,000000000010100000011011000100100001,100010000000011100000000100010011000,59,63649ms
111010010000010100000010000100000000,000001000011100000010100001010100000,000000100000001000101001110001010000,000100001100000011000000000000001111,157,5879ms
001010011000000101000010000100000010,110001000010110000001000000001100000,000000100101001000000100101000001001,000100000000000010110001010010010100,53,5535ms
100100100001000101001000000100000010,001001001010110000000000011010000000,010010010100000000110101000000001000,000000000000001010000010100001110101,157,1893ms
011110110000000010000001000000100000,000001000000000101001000010010011100,100000000001101000100010001101000000,000000001110010000010100100000000011,177,426ms
001111100010000000001010000001000000,000000000100110100000101010000001010,110000011000001010000000101000100000,000000000001000001110000000110010101,132,8003ms
101100000001001100000001110000000000,000000000100110001001000000111010000,010010001010000010100000001000000110,000001110000000000010110000000101001,123,27740ms
110110110000000001010000100000000000,000001000110000010000001010001011000,000000001001010000001010000110100010,001000000000101100100100001000000101,152,4056ms
010010110000000010101000010000001000,000001000001001000000000001101010101,001000000010000100010111000000100010,100100001100110001000000100010000000,72,41298ms
111110010000000100000010100000000000,000001000001101000100000000010101010,000000100100010011000000011001010000,000000001010000000011101000100000101,153,2240ms
111010011000100000010000001000000000,000001100001010000000001000100111000,000100000100001111100000010000000100,000000000010000000001110100011000011,157,1978ms
101111010000010000000000010000001000,000000000001000100000101001110010001,000000100000100010011000100001100100,010000001110001001100010000000000010,112,8964ms
001010110000001000000000110000000110,010001001000110010000001000011000000,000100000111000000001100001100001000,100000000000000101110010000000110001,56,3042ms
000111111000011000000000000000000010,000000000010000100101001001010100100,010000000101000000010010110100010000,101000000000100011000100000001001001,117,5014ms
101100001010011010100000000000000000,000010100000100101000010000001001010,000000010101000000000100111010100000,010001000000000000011001000100010101,140,12501ms
001110100000000001011000100000100000,000000010100000000100100001101000011,110000000011000000000011010000011000,000001001000111110000000000010000100,152,25445ms
111011011000000000000000100001000000,000000100100001010010100000000101100,000100000001100101000000000010010011,000000000010010000101011011100000000,157,884ms
101110110000000000000100000000010001,000001000001001010101010100000000010,000000001110000001000000001111000100,010000000000110100010001010000101000,177,526ms
111000010010000000000000001100010001,000001100001010101000000110001000000,000100001000101000101100000000100100,000010000100000010010011000010001010,157,851ms
110101001000001100011000000000000000,001000000100000000100010111001100000,000000010011110000000100000010011000,000010100000000011000001000100000111,144,4688ms
010000110100000100000001000110000010,001011000000001001001000010000010001,100000001010100000010010101000000100,000100000001010010100100000001101000,129,1738ms
101110000001000001000011000000010000,000000101100010000100100100100000010,000001010010001000011000001001000001,010000000000100110000000010010101100,120,3505ms
011111001000000000000001010010000000,000000110100000101001010100000100000,000000000011001010110000001100000010,100000000000110000000100000001011101,141,3936ms
101101010100011000000000000010000000,010000100001000001010011000100010000,000010001000000110100100000000101001,000000000010100000001000111001000110,134,5667ms
011011100000000010001010000000000010,000100000110000001000000000111100001,100000001000001100100001101000010000,000000010001110000010100010000001100,137,17874ms
010111001000010000000000100100000100,100000000010100000010000010000111001,001000110001001011100000001000000000,000000000100000100001111000011000010,119,28003ms
010001110000010010010000000000101000,000100001110000100000110000010000010,000010000000101001001001101000000001,101000000001000000100000010101010100,37,5234ms
011001000000010010000010000010101000,000100001000001100011001000001000100,000000010110000001100000101100010000,100010100001100000000100010000000011,112,1052ms
010110000100000000101001000001100000,000000100000000011000110101010000001,001001011000001100010000000100010000,100000000011110000000000010000001110,139,678ms
001011010101100000000001000000010000,100100000000010001001010001000001001,000000001000001100010100010011000100,010000100010000010100000100100100010,48,6886ms
110010011000010001100000000000001000,000100100101000000000000001000100111,000001000000100100001011100101000000,001000000010001010010100010010010000,131,2013ms
011101010001001000010000000000000010,000000100000110000100010100010101000,100000000110000110001100000000010100,000010001000000001000001011101000001,157,968ms
110001110000000000000000001100010001,000100000110011010101100000000000000,000010001000100101000010010010000010,001000000001000000010001100001101100,146,11717ms
010111000001010100001000001000000000,001000101010000011000000000100101000,100000000100100000010000010001000111,000000010000001000100111100010010000,145,93408ms
000100000010111001000000000011001000,001001001001000000001000001000000111,000000100100000110010011000100100000,110010010000000000100100110000010000,16,11854ms
101101101000000000000000000110001000,010010000100001001010000010000100001,000000000010000100000111101001000010,000000010001110010101000000000010100,143,606ms
110111001000000000000101000001000000,000000100110100000100000000010010101,001000000001000110001000111100000000,000000010000011001010010000000101010,162,670ms
010100110000000010000000100101001000,000000001001000000110100010000110100,000010000000011100000011000010000011,101001000110100001001000001000000000,52,27162ms
010000111000011000000100000000000011,000000000001000011010010001010010100,101011000000100100001000000001001000,000100000110000000100001110100100000,99,7354ms
100111100000001010000000100000001000,000000000110010000001000011010000101,010000001001000100010011000001100000,001000010000100001100100000100010010,127,3222ms
011111111010000000000000000000000000,100000000000101010101010000000100001,000000000101000000010101010000001110,000000000000010101000000101111010000,135,27594ms
000011110000001100010000011000000000,001000000110010000101011000001000000,000100001001000000000000100010101110,110000000000100011000100000100010001,37,65022ms
111111110000000000100000000000000000,000000000110010100000100010010101000,000000001000101000010001000100000111,000000000001000011001010101001010000,177,86ms
010011000101001000000010000110000000,101000001000000010010100001001010000,000000010010000001100000010000101011,000100100000110100001001100000000100,82,12344ms
100110111000100100000000000000000001,000001000000000010101100001001010100,001000000110001000000011010100100000,010000000001010001010000100010001010,177,146ms
011011111000000000100000000000000001,100100000000100101001001100010000000,000000000001001010000100000001011110,000000000110010000010010011100100000,94,42696ms
001001011000000000100010010001000100,100000000010000000001100000100111010,000010100100111100000000001000000001,010100000001000011010001100010000000,56,17696ms
000111100001100000110000001000000000,111000010000000001000001010000010100,000000001110000100001000000101100010,000000000000011010000110100010001001,92,32316ms
101010111000000000000000010001000010,000101000100000000110000100000110100,010000000001101000001011001000000001,000000000010010111000100000110001000,118,25554ms
000000001101011001010010000000001000,000000100010100000001100000100100011,000000010000000110100000010011010100,111111000000000000000001101000000000,30,10139ms
001101011000001010001000000010000000,000000000000100000100100000101111010,010000100100010001010001001000000100,100010000011000100000010110000000001,71,44680ms
111011101100001000000000000000000000,000000010000110000000011010100110000,000100000001000111000000000010001011,000000000010000000111100101001000100,157,180ms
010011011001000000000001000100100000,100100100100000010101000000000000101,001000000010110000000100111000000010,000000000000001101010010000011011000,66,8530ms
011100111001000010100000000000000000,000000000010001001010000011001001001,000010000000110100001110000000010100,100001000100000000000001100110100010,101,5347ms
011110101000000001010000100000000000,000000000000101000001100001010100110,000000010011010000100000010101001000,100001000100000110000011000000010001,127,25975ms
001010001100000100010000011000010000,100000110000100011101000100000000000,000101000000001000000111000010000011,010000000011010000000000000101101100,49,76718ms
010011100100000000000110001000000001,101000000010001001000000010000011100,000000011000000100111000000110100000,000100000001110010000001100001000010,104,711ms
111101111000000000000000100000000000,000000000010010100100001010110010000,000010000100001000011010001000100001,000000000001100011000100000001001110,157,4500ms
000010111000001010000100000010010000,001000000110000000100010000101001100,100000000000100101011000110000100000,010101000001010000000001001000000011,71,4998ms
001000100100110000000100010100001000,000001000011000000000001100010010110,010000010000001010011010000001000001,100110001000000101100000001000100000,61,3591ms
100110101000100000000000000100000101,000000000001001000100010011001110000,000000010110010001011001000000000010,011001000000000110000100100010001000,149,9918ms
010000001000100100000101000001110000,000110000010010000001000001100001001,101000110001000001010000000010000010,000001000100001010100010110000000100,112,3609ms
101100010100000100010000000100010000,000000000000101010001000101000001101,010000101001010000100100010000000010,000011000010000001000011000011100000,157,245ms
001000010100010000010000001100100001,000010100011000010001110100000000000,110101001000001100100000000000000010,000000000000100001000001010011011100,157,4197ms
000101100100100000001000000000101100,010000000001000100000011000001010011,001010001010000010100100000110000000,100000010000011001010000111000000000,99,12105ms
100111011001000000000010001000000000,011000100000000010001100010100000010,000000000110010100000001100011001000,000000000000101001110000000000110101,116,54200ms
100010011000001010000000101001000000,010100000000010100100000010110000100,000000000000100001011111000000101000,001001100111000000000000000000010011,48,18159ms
110100010010100000010000000000010001,000000000000000110000010101111001000,001001000000010001101001000000000110,000010101101001000000100010000100000,144,4395ms
101010010010000000010101000000000010,000101000100001110000000000000111000,010000000000100000100000111101000001,000000101001010001001010000010000100,157,2404ms
101011101000001000000000000100000001,000000010000110011000000100010001100,010000000110000000111010010000010000,000100000001000100000101001001100010,157,224ms
101000110011010010000000000000000001,010100001100000000100000111000000100,000001000000001000001101000010111000,000010000000100101010010000101000010,92,26022ms
000110101011000000000000010000000101,010000000000110000101000100100100010,001001010100001110000010001000000000,100000000000000001010101000011011000,97,29507ms
111001001001110000000000001000000000,000100100010001000000000010001001101,000010000100000010100101000100010010,000000010000000101011010100010100000,157,1171ms
000011000001010000001000010001001001,011000000000000100100010101000010100,100000101100101000010000000000100010,000100010010000011000101000110000000,75,1904ms
100101010000001000100001100000100000,010000100000010110001000001010000100,000000001100000001000010010101011000,001010000011100000010100000000000011,136,2393ms
100000110000000000001100001001010001,010010000100001010000000010100100010,000000001010010101010000100010000100,001101000001100000100011000000001000,61,23946ms
110110101010000000000000000010000100,000000000001100000011010010000110001,001000000000011111000000101000001000,000001010100000000100101000101000010,147,3185ms
010010010001000001000001100011000000,000000100010011000010000001100110000,000101000000000110001000000000001111,101000001100100000100110010000000000,26,9277ms
010101100000000000001000010011100000,000000001001001110000101000000010010,000010010000010001100000001000001101,101000000110100000010010100100000000,94,2892ms
100001011000000100000100110000100000,010000000000011001111011000000000000,000010000111100010000000000011000001,001100100000000000000000001100011110,76,532207ms
100010100100001000011001100000000000,000001011010000110000000001010100000,000100000001000001000100010001010101,011000000000110000100010000100001010,89,6508ms
101010110001000010001010000000000000,000001000000000001100000010001101110,000100000100101100000100001110000000,010000001010010000010001100000010001,142,1427ms
000101001000100001010000010000010010,100000010001000010001000000001101100,011000000100011000000110000110000000,000010100010000100100001101000000001,86,14928ms
111110111000000000000010000000000000,000000000100010001000100100001100101,000000000010101010110000010010010000,000001000001000100001001001100001010,177,489ms
010101000000001010100100000010010000,100000110010100000000001110000001000,001000001101010001000010000101000000,000010000000000100011000001000100111,117,4135ms
101000010000010010100001010010000000,010001101110000001011000000000000000,000100000000001100000000001101001011,000010000001100000000110100000110100,78,17478ms
010001101100000000011001000000001000,000000000000101000100100101011010000,001110000010010001000000010000000011,100000010001000110000010000100100100,102,21957ms
011111000000011000000000011000000000,000000001000000011000011000111001000,000000110010000100011100000000000011,100000000101100000100000100000110100,89,3513ms
111111001000000000000001000000000010,000000010010000101000000101000101100,000000100101011010001010000100000000,000000000000100000110100010011010001,177,215ms
011011000000000000000100100000101010,100000011010000000001011000101000000,000000100001011110010000011000000000,000100000100100001100000000010010101,64,28009ms
011000110001000010000000000100100010,100001001000000001010001001000000101,000000000110001000100110110000001000,000110000000110100001000000011010000,99,31483ms
010100111000000000100001000100000010,100000000010001010000110010011000000,000011000000100000011000101000101000,001000000101010101000000000000010101,109,47785ms
111000110000000000101000010000000100,000010001110011000010000000110000000,000100000000100001000011000001010011,000001000001000110000100101000101000,144,1359ms
101000011011000010001000000010000000,000101100000000000010001100001010100,000000000100011000100110011000100000,010010000000100101000000000100001011,113,307931ms
100001110000001000010110000000100000,001000000101010000100000010110000001,000110000010100011001000000001010000,010000001000000100000001101000001110,120,5791ms
101111100000000100000000010001000000,000000011000000010010001100010000011,000000000100010000100010001000111100,010000000011101001001100000100000000,167,2834ms
000111010000111000001000000000001000,100000000001000010010001010100010001,000000000010000001100000101011100010,011000101100000100000110000000000100,52,52456ms
110110000000000001010110000000001000,000000100100111000001000001100000010,000000011011000000000001000001100101,001001000000000110100000110010010000,137,5463ms
111100110100000100000000001000000000,000001001000000000011000100001000111,000010000001001010100100010000101000,000000000010110001000011000110010000,149,8864ms
011111010001000010000100000000000000,000000001000101100100001011001000000,000000000010010001001000000100110101,100000100100000000010010100010001010,108,122784ms
000001011100101110000000001000000000,101110000000000001000000100100011000,010000000000010000011011010000000101,000000100011000000100100000011100010,27,37477ms
100010001101100100000000100000100000,001000010010011010001000000011000000,000100100000000000010111000000010101,010001000000000001100000011100001010,95,57385ms
011101011001001000000010000000000000,100010000000000110001000100010001100,000000100110010001100000000001010010,000000000000100000010101011100100001,116,22607ms
010010100001000000000101100000110000,001101000000001000010000000011000011,100000010000100011101000001000000100,000000001110010100000010010100001000,93,32195ms
101001101000101000000000000000010001,010110000110010000000000001100000100,000000010001000010100101110000100000,000000000000000101011010000011001010,82,41504ms
011010011010001000000000010000000001,100100000000010111011000000000010000,000001000100000000000111001001001010,000000100001100000100000100110100100,74,10012ms
110011000000010000010000101000000001,000000100100000111100010000010010000,000000000010101000001100010100000110,001100011001000000000001000001101000,96,35835ms
111001010000001000000100001000010000,000100100001100110000000010100000010,000010000000010000111000100010100001,000000001110000001000011000001001100,157,1814ms
101101000010100000000010000010000100,000000010101001100011000001000100000,010000000000010010100101000000010011,000010101000000001000000110101001000,132,3392ms
100101100000000000000100010100100001,010010000100111101001000000000000000,000000000011000000010011001000010110,001000011000000010100000100011001000,96,127745ms
110111010010100000010000000000000000,000000000101000100100010001000011100,000000100000010011000101000011000001,001000001000001000001000110100100010,135,6455ms
101001011101000000000001000100000000,010100000000100010101100000010000100,000000100010011000010000101000000011,000010000000000101000010010001111000,133,938ms
000010100000010000001100110000001100,001000011011100100110000000000000000,010101000000000000000011001101100000,100000000100001011000000000010010011,40,99937ms
000111110000000001000000000010100010,001000000000101010000010111001000000,000000000111010000100001000000011100,110000001000000100011100000100000001,93,10812ms
011101000100010010000000100100000000,000010000000100000110100011010100000,000000010011001000001000000001000111,100000101000000101000011000000011000,99,12104ms
111000101001000000010010000000000010,000000000010101011000000010010101000,000110000000010100001001000001000101,000001010100000000100100101100010000,146,1330ms
001110000010101000001110000000000000,100001001000010110000001000000110000,000000000101000001100000110010001100,010000110000000000010000001101000011,75,120019ms
110001011000001001010000000100000000,001000100000100100000100001000100110,000110000101010000001000000001001001,000000000010000010100011110010010000,160,1416ms
000101101100101001000000000010000000,010010010000000010001010000000001110,101000000011000000010101000001010000,000000000000010100100000111100100001,131,17194ms
010000100011000000000000000101001110,000001001000011001001100000000110000,101000000000000100100011110010000000,000110010100100010010000001000000001,133,16555ms
001011111010000010000000001000000000,000000000000000101000101000111001010,110100000000011000101000000000100001,000000000101100000010010110000010100,157,1381ms
011010110000000000100000100100000010,000100000010011001001110000000000001,000000000001000110010001000011110000,100001001100100000000000011000001100,122,7611ms
110000000000001100000011001011000000,000100000010010000011000100000100101,001011011100100001000100000000000000,000000100001000010100000010100011010,150,1840ms
100100010010000000100010000010000011,011000001100110000001000000100010000,000010100000000110000100010001101000,000001000001001001010001101000000100,73,5361ms
000010101000000010010101000110000000,000100000010010101001000010000100001,100000000001001000100010001001000110,011001010100100000000000100000011000,94,4570ms
100000010001011000100000100000000110,000000101010100100010010001000001000,000011000100000000001001010100010001,011100000000000011000100000011100000,104,2535ms
101100111000000000000100000010010000,000000000000000010001000101100001111,010000000001100001100001010001100000,000011000110011100010010000000000000,131,26237ms
101101001000000100000000110001000000,000000110000000001010111000000010010,000010000011000010100000001010101000,010000000100111000001000000100000101,126,2347ms
011111100000000010001010000000000000,000000010000001101000100001100000110,000000000011100000100000010011001001,100000001100010000010001100000110000,114,31691ms
011000111000000000001000000100001001,000010000010001001000001011000010010,100100000100010100000110000011000000,000001000001100010110000100000100100,157,128ms
111000000111000010000000000100100000,000011000000001100001100001010000010,000100000000000000010011010000011101,000000111000110001100000100001000000,148,2579ms
100001001001000000000001000100011100,000000110010000100101100000000100001,010010000000000011000010011010000010,001100000100111000010000100001000000,125,7588ms
111111101000000000000000010000000000,000000000001100001100101000101000100,000000010010000100010000001010101001,000000000100011010001010100000010010,163,3632ms
010100010000010000100000001010100100,100000000001100111000000100000011000,001001001100000000001010010000000011,000010100010001000010101000101000000,87,4255ms
010101010010000001010001000000100000,000000101000000010101010000011000001,100000000000011100000000101000011010,001010000101100000000100010100000100,106,15078ms
010100101000010001010001000000000100,000001000001100000000000110010011001,001010010000000100001100001001100000,100000000110001010100010000100000010,74,11922ms
111101110001000000000000000100000000,000010000010010000110000100000100110,000000000100000100001101011000011000,000000001000101011000010000011000001,157,76ms
110000100100010000100010010000001000,000000011000000100010100000010010110,000101000000101000001000100101000001,001010000011000011000001001000100000,153,2440ms
101011100010000010000000010000010000,010000000000000100010010000111000101,000000011100111001000000000000101000,000100000001000000101101101000000010,157,7452ms
011110100000000100000001000011000000,000000010001010010111100000000000010,000000001110000000000010101000101100,100001000000101001000000010100010001,114,9735ms
000010110100010100000100101000000000,000000000000101000100011000100010110,001001001010000001011000000010100000,110100000001000010000000010001001001,55,17490ms
111100001000001000011000000000000001,000010000100100000100010100110000100,000001100001010010000101000001000010,000000010010000101000000011000111000,118,2262ms
011001101000000000000000011000001100,000000000001101100101000000110010000,000110010110000000010100000001000010,100000000000010011000011100000100001,104,5360ms
110111111000000000000000000000000001,001000000000100100000010011010110000,000000000001001001110001100001000010,000000000110010010001100000100001100,156,4144ms
011110111000001000000000100000000000,100000000001000100100010001010000110,000001000010110001000000010001100001,000000000100000010011101000100011000,106,75362ms
111000100100100011100000000000000000,000010000000000100000101001011000110,000100000001011000010000110000101000,000001011010000000001010000100010001,157,235ms
011011101010000010010000000000000000,000100000100100000101000100000001101,000000000001000001000110001100110010,100000010000011100000001010011000000,84,63796ms
000111101000011100000000000000000010,001000000000100010111001100000001000,110000010100000000000010000100010101,000000000011000001000100011011100000,177,3135ms
000001010100000001000010101010000001,100000000000111000000101000000111000,010010101011000000001000010100000000,001100000000000110110000000001000110,81,522ms
101001110000001011000000100000000000,010100000001010000011000000000101100,000010001000100000100011000001010010,000000000110000100000100011110000001,117,13540ms
101111000000000010000001001010000000,000000001110001000000000000101011100,010000000001010001100010110000100000,000000110000100100011100000000000011,156,11105ms
100110011000001000010000000100000100,010000000000010011100011010000100000,001001100110100100000000000001010000,000000000001000000001100101010001011,177,5213ms
111011110000000000000000110000000000,000000001000000100000000000111110011,000000000110011010011100001000000000,000100000001100001100011000000001100,133,7613ms
000010001000010000101000000000001111,011000010100100000000010001101000000,100100100011000001010101000000000000,000001000000001110000000110010110000,105,2915ms
010001111000110000000000100000000100,001010000000000100000001000010111010,000000000111000000100100011100000001,100100000000001011011010000001000000,94,51312ms
000001000000010010001010010001100100,110100111000001000000000001000010000,001010000100000000100101100000001010,000000000011100101010000000110000001,35,8997ms
111001000110000000010000010000000001,000100010001000010000001100000100110,000000100000011000001110000100011000,000010001000100101100000001011000000,157,118ms
010110101000010000000000110000100000,100000010010100000100000001011000001,001001000101000001010000000100010010,000000000000001110001111000000001100,121,7502ms
110010111010000100000010000000000000,000000000000011000110000111000100001,000100000001100011000100000001010010,001001000100000000001001000110001100,112,16893ms
010010101000000000000011001100000010,100000000000011001001000010011010000,001000010000000010110100100000001100,000101000111100100000000000000100001,113,190503ms
010010111000000100100000000000000110,001100000000010010000001001100100001,000001000110001000011100010000001000,100000000001100001000010100011010000,75,4990ms
110001111000000001000000000001000100,001000000010011110001000000010000010,000110000001100000010001001000011000,000000000100000000100110110100100001,143,3060ms
101111101000000000000100001000000000,010000010001000001010000110000100001,000000000100001010001000000011001110,000000000010110100100011000100010000,126,17881ms
110001010000000100010000000010001010,000000100010000001101101010000010000,000100001100001000000000101001000101,001010000001110010000010000100100000,121,11003ms
010111010000011000000000000010000010,001000101000100101000000001100000100,100000000010000000100101100001101000,000000000101000010011010010000010001,145,73888ms
001001101000110001000000100000000001,000000000001001000101010001000001110,000010010010000100010100000101010000,110100000100000010000001010010100000,61,8597ms
011001110010010000100000000000100000,100110000100001000000100100000010100,000000000000100110000001001111000010,000000001001000001011010010000001001,95,8432ms
101111111000000000000000010000000000,000000000000000111010100001010110000,010000000111110000001011000000000000,000000000000001000100000100101001111,177,1063ms
110101010100000000010000010000000100,000000001000100010100100101001000001,001010100000000001000000000110110010,000000000011011100001011000000001000,157,421ms
100010101001000000100000010000011000,001000010110000000001001101000000010,010001000000100100000010000101100100,000100000000011011010100000010000001,129,6256ms
010010011001000000000000100000000111,000001000100011100010100000100001000,001000000010100010000001011011000000,100100100000000001101010000000110000,49,3531ms
110110100100000000000000100000001100,001000000000001110100101000010010000,000001001000000001011000001001100001,000000010011110000000010010100000010,156,889ms
100000000101001000001000110000000101,001110100010000010000000000100001010,010001010000000100000101000011010000,000000001000110001110010001000100000,106,61726ms
000001111110000001000010000000000001,100000000000100010100100010110010000,010110000000001000010000001000100110,001000000001010100001001100001001000,105,10330ms
111110011100000000000000000000100000,000000000010010000000100010101010011,000000100000100101111010001000000000,000001000001001010000001100010001100,177,385ms
110100110100000100000000000000001001,000011001000000000101100010000010010,000000000001110000010010001111000000,001000000010001011000001100000100100,157,1136ms
111111100000000000100010000000000000,000000000100000010001100110110000010,000000001010111001000000001000110000,000000010001000100010001000001001101,177,63ms
111011000000000000101000010100000000,000000100000001000000100101010011100,000000010000010110000011000001000011,000100001111100001010000000000100000,151,324ms
001101110000100000000100010000000100,010000000001000011000010100110010000,000010001010001000001000001000100011,100000000100010100110001000001001000,34,3261ms
100111111000000000000000000010010000,001000000101000000100100100000100101,010000000000100000000011001101001010,000000000010011111011000010000000000,177,132ms
000101000000011001100010010000000100,000000100000000010001000100011011010,100000011001100100000001000000100001,011010000110000000010100001100000000,74,14577ms
010111101010000000010000000001000000,001000000100000110000000111000110000,000000000001101000000101000100001011,100000010000010001101010000010000100,93,36287ms
110100111101000000000000000000000010,000001000000000001010000110010110100,001000000010011110000010001000000001,000010000000100000101101000101001000,157,674ms
010110111000000000001001000000000001,000000000101100000010010010010100010,101000000010000011000100100000001100,000001000000011100100000001101010000,153,6217ms
101100100001000000001001000000011000,010010010000111000000000010001000010,000001000010000000010010101010100100,000000001100000111100100000100000001,85,13433ms
000110000010001010001001001000100000,000000001100100101000010010010010000,001001010001000000010100000100000110,110000100000010000100000100001001001,57,9098ms
110011010000100000010001000000000001,000000000101000001100100001010001010,000100001010011000001000110000100000,001000100000000110000010000101010100,114,25158ms
000000010000001000110011000111000000,000001000000010001000000000000111111,010000101001000110001000011000000000,101110000110100000000100100000000000,54,102827ms
101000101000100000000101100001000000,000100010001000010000000000110000111,000001000110001001000000011000011000,010010000000010100111010000000100000,121,22498ms
101101100000000100001000000000010100,000000010110110000010100000010001000,000010000000001011000011000001100001,010000001001000000100000111100000010,88,4650ms
000110100100001000000100000000110010,000001000001000111110000100010000000,001000010000110000000010011001000100,110000001010000000001001000100001001,59,2754ms
011111101100000000000100000000000000,100000000000010101000010000100101001,000000010001100010101000000000010110,000000000010001000010001111011000000,139,5313ms
000011101000000010010101000000001000,110100000001000001101000000000000110,000000000100111000000010110001010000,001000010010000100000000001110100001,31,8557ms
000110111000000000010000010100000010,100000000111000001001011000000010000,001001000000110110100000000001001000,010000000000001000000100101010100101,107,13414ms
110110001000001001010000000000100000,000001000000010100100001000011000101,001000000101000000001110100000011000,000000110010100010000000011100000010,162,893ms
111110110000000100000000100000000000,000001000100000001000001000101110100,000000001010001000011000011000001001,000000000001110010100110000010000010,148,3496ms
011111110000000000010000000001000000,100000001000101001000001000000001101,000000000011010110101000010000010000,000000000100000000000110101110100010,122,32302ms
111100011000000000000000010000110000,000010000010110000011100000010000100,000001100101001100000000101000001000,000000000000000011100011000101000011,140,1810ms
010001000100000000110001000000110010,100100100001011000000000010101000000,000000001010100010000000100010001101,001010010000000101001110001000000000,44,29513ms
111001101000000100100000100000000000,000110010100100000000000000110000101,000000000001011000001011000001001010,000000000010000011010100011000110000,128,239825ms
001001110001100001000000000011000000,000000000100011000100010011000001001,010100001010000000000101000100010010,100010000000000110011000100000100100,105,6296ms
100001100010100001000001010000000001,000100000000010100000100101100000110,001000000101000010101000000001110000,010010011000001000010010000010001000,112,2452ms
001100111100000000100000000001000001,010000000000010000011000011100001100,100000000001101001000001100000100010,000011000010000110000110000010010000,129,941ms
111110100000000001011000000000000000,000001001010011000000000010011000001,000000010101100000000001001100110000,000000000000000110100110100000001110,177,810ms
001010010010000100000111000000010000,000100001100000010010000101000000101,000000100001111000101000000010100000,110001000000000001000000010101001010,40,11897ms
001011000010100010101000001000000000,000100010101000001000010000100000011,000000000000010100010000110011011000,110000101000001000000101000000100100,39,138963ms
101110010000000000110100001000000000,000000100100011010001001000000110000,010000000010100100000010010100001100,000001001001000001000000100011000011,177,1277ms
100110001001001001000110000000000000,001000000100000010000000111001100001,010000110000000000101001000000001110,000001000010110100010000000110010000,177,1602ms
111000111000000001010001000000000000,000100000101001000100110001000000010,000011000010000100001000110010010000,000000000000110010000000000101101101,135,21932ms
110011110000100000100000000000000100,001000000001010000010011110100000000,000100000110001101000000001000100010,000000001000000010001100000011011001,157,1133ms
100000101000100011000010010000000100,001000000000010000010101100010001001,000101000001000000101000001101100000,010010010110001100000000000000010010,94,28481ms
000111001001000000101000000000000110,100000100000010110000010101000100000,000000010100000001010101000111000000,011000000010101000000000010000011001,103,3497ms
101011110000100100100000000000000000,000100001000000010000000001000111101,000000000001010000001101110010000010,010000000110001001010010000101000000,130,6541ms
010110110000000101100000000000100000,100000001000011000000010010010001001,001000000100100010000001001001010100,000001000011000000011100100100000010,119,2767ms
010001010000001000000001001011000010,001000101001000000100000110100010000,000010000100000011010100000000100101,100100000010110100001010000000001000,42,6288ms
110101110000000000001001000000000010,001000001001010010010110000001000000,000010000100000100100000001000011101,000000000010101001000000110110100000,150,8239ms
000100011111000000010000110000000000,010000000000010001001001001000101010,101010100000101000100000000001000001,000001000000000110000110000110010100,157,375ms
001100100000001100000000100011001000,100010000010000001000100001100100010,000001011100100010000001010000000001,010000000001010000111010000000010100,61,5650ms
001000001011110000010000010000000001,010100100000000000000110101000011000,000000010000000111101001000001000100,100011000100001000000000000110100010,0,9389ms
000101110100101000010000000000000010,101000000001000100000010000010110001,000000001000010010000101101001001000,010010000010000001101000010100000100,26,8966ms
011100110000000100001000000000100100,000000000001101001110010101000000000,100001001000000010000000010101000011,000010000110010000000101000010011000,157,5167ms
001111101000000001001000100000000000,010000010001000000010100010000110001,000000000000011100100011001100001000,100000000110100010000000000011000110,102,232809ms
000010011000001100010000100000100010,011100000001100001000000010100010000,000000000110010000100101000001001100,100001100000000010001010001010000001,20,1932ms
110000111000000010000100001000100000,001000000100001001100001010001001000,000100000011000100001000000110010010,000011000000110000010010100000000101,157,4419ms
100001101000000110010000001000100000,001000010100001000100100000101000100,010110000001010001001010000010000000,000000000010100000000001110000011011,142,8295ms
011110010000110000100000010000000000,000001000000000110010010000101000011,000000001100000000001101001010001100,100000100011001001000000100000110000,126,11420ms
100001010000000010100000001000011001,000000000100101000010111010000000100,001110001000000100000000000111100000,010000100011010001001000100000000010,177,4481ms
010111110000000000000001000000100001,100000000000001110110010000000010100,001000000111110001001000100000000000,000000001000000000000100011111001010,121,64285ms
100100011000001101100000000000010000,000010000000110000000001001001101100,000000000011000010000000110110000011,011001100100000000011110000000000000,77,46335ms
101000111011010000000000100000000000,010000000000001100001010001110001000,000110000000000000100001010000110101,000001000100100011010100000001000010,177,5048ms
110100101000000000000101000000011000,000000010100000011000010110110000000,001000000000111100100000000000100110,000011000011000000011000001001000001,143,569ms
010110010000010000000010000010001001,000000000010101000100100000101100010,100001101000000001000000011000010100,001000000101000110011001100000000000,132,33586ms
101010101100000000000000001001001000,000001000010100101010000000110000001,010000010000011010100101100000000000,000100000001000000001010010000110110,157,1148ms
100110110000000100100110000000000000,000000001010101000001000001000101100,010000000100010011000001100001000001,001001000001000000010000010110010010,172,736ms
110111011001000000100000000000000000,000000000000101100000101000010001110,000000100010010000001010101000010001,001000000100000011010000010101100000,159,8071ms
001011001100000001000000100000010100,010100000001000000110000010001001001,100000110000010000000101001110000000,000000000010101110001010000000100010,130,1366ms
111101100100001000000010000000000000,000000001010110101000000000010000101,000010000001000010011100110000000010,000000010000000000100001001101111000,142,7242ms
011010000001000110010000000010010000,100001100000000001001100000101000001,000000010000110000000010110000101010,000100001110001000100001001000000100,29,4746ms
000111000000000000100001100001110000,001000110000010010000010010010000010,110000000010100101000100001000001000,000000001101001000011000000100000101,130,6917ms
110101101100100000000000000000000010,001010010001000100000000000100101100,000000000010001011110011100000000000,000000000000010000001100011011010001,136,105416ms
011001001000000000001001001100000010,100010000011000010010000000001011000,000100010000110000000110110010000000,000000100100001101100000000000100101,105,3187ms
100111101001010000000000000000010000,010000000000001000011100001100100100,000000010100000001000011010010001010,001000000010100110100000100001000001,153,746ms
101101011000001100100000000000000000,000000100100000010011000011001000100,010000000011100000000101000000110010,000010000000010001000010100110001001,143,803ms
001000011000010001010010000100010000,010001100010000010100100010000000001,100100000101000100000000001011100000,000010000000101000001001100000001110,123,3794ms
010001011000000000100100000010000110,000000000010000110010010000101010001,101000100001000001001000100000101000,000110000100111000000001011000000000,138,40771ms
011101110000000000100000001000001000,000000000010000110001110010000010010,000010001100111000000000000011100000,100000000001000001010001100100000101,104,50033ms
000001001001010001001100000000000110,010110000010000010000001001011000000,001000110000000100010010100000110000,100000000100101000100000010100001001,0,759ms
100011100010000010010001000000000100,000000010100110000000110000001010001,011000000001000000001000001110001010,000100001000001101100000110000100000,157,3621ms
100010111000000000001100010000000010,001001000011000010000001001000010100,000000000000101000100010100011101000,010100000100010101010000000100000001,118,8151ms
011110001000000010000010010000000001,000000000011110001101000001001000000,100001110100001000000100000000011000,000000000000000100010001100110100110,160,13344ms
010001100110000100000000001011000000,101000001000000001111100000000100000,000110000000111000000000010000010011,000000010001000010000011100100001100,81,13660ms
000111011000000000000010001000011000,101000100001010100100000010100000000,000000000100100000011100100001100100,010000000010001011000001000010000011,76,9406ms
011100001010000000001010001000010000,000000010000100010010000100101000011,100001000000000100100101010000001100,000010100101011001000000000010100000,157,5597ms
001000101000001000000001010001110000,100100000000000110001100100100001000,010001000100100000100010000010000101,000010010011010001010000001000000010,77,2831ms
000101010100000010000000000100011001,000000001000110001001101011000000000,000000100011001000100000000011000110,111010000000000100010010100000100000,59,138120ms
010100011010100000001000000010010000,000000100000000101110110101000000000,101000000101001010000000010100001000,000011000000010000000001000001100111,157,6498ms
011000100001000001110000000001100000,100000001110010000000001101000001000,000101010000001100001000000000010011,000010000000100010000110010110000100,70,1399ms
000101111000000000000000101010010000,110000000010101010010000000000001010,001000000001000100000111000001000101,000010000100010001101000010100100000,44,3760ms
011011010000000000001010000011000000,000000100001001000100100110000100010,100100001000110001010001001000000000,000000000110000110000000000100011101,157,3504ms
000110010010000011000000011010000000,110000100000011000100000000000101010,001000000001000100010110100001010000,000001001100100000001001000100000101,45,1761ms
001110101000000000000000001000010101,100000000101100010100000010100001000,010000010000001000010111100000000010,000001000010010101001000000011100000,113,24882ms
111000001000110000001000000000001001,000101100010000000110010000110000000,000000010000001101000001100001010010,000010000101000010000100011000100100,84,2739ms
001100000101000000010000011010010000,000011100000011100000101000000000100,100000001000000001100010100100000011,010000010010100010001000000001101000,129,1766ms
010011010011000000001001000000000100,000000001000001100110000010001001010,101100000000100010000010100100000001,000000100100010001000100001010110000,134,1884ms
101001111000010000000100000100000000,010100000000101110000000000010110000,000010000011000001000010011000000011,000000000100000000111001100001001100,96,12953ms
001101100001000001010000100100000000,000000000100110110000010000010010001,000000001000001000101001011000101000,110010010010000000000100000001000110,64,23519ms
101001001000000000100100100001010000,000110010001010010010010000000100000,010000100110100000000000010010000101,000000000000001101001001001100001010,153,8157ms
111010111000000100000000000000001000,000000000001011000010010101001000001,000101000110100010000100010000000100,000000000000000001101001000110110010,157,400ms
111011100100010000000000000100000000,000000001000100001110010000010100100,000000010010001010001000000001011010,000100000001000100000101111000000001,157,67ms
110111101000000000100000010000000000,000000000000001001000000100011101110,001000010000100010001100001100010000,000000000111010100010011000000000001,177,80ms
101000000001101000000001010101000000,000100101100000101000000000010011000,010000010010010010000110001000000001,000011000000000000111000100000100110,97,23886ms
000100001011010000000100000100001001,010010000100001100010010100000000010,101001010000000001100000010001010000,000000100000100010001001001010100100,141,4699ms
111001110001000100001000000000000000,000000001010001001000000110100001001,000000000100010000110001000011100100,000110000000100010000110001000010010,157,1162ms
101000001001000000101000101001000000,000100110010010001000001000100000100,010011000000100110010000010000000001,000000000100001000000110000010111010,135,17893ms
111111111000000000000000000000000000,000000000100000100000101110000001110,000000000010000010011010001001010001,000000000001111001100000000110100000,177,80ms
110001101000010100001000010000000000,000000000000100011110010000101001000,001010010000001000000001100000110001,000100000111000000000100001010000110,138,9232ms
001100110101010000000010000001000000,100001001000101010000000001000101000,010010000010000000010001100010010010,000000000000000101101100010100000101,86,12781ms
011001011000100000000101000000000010,000100000001000010110010000110010000,000000000110010001001000011000000101,100010100000001100000000100001101000,86,12000ms
111011010100000011000000000000000000,000000100000001000001100000001011110,000000001011110000100001100100000000,000100000000000100010010011010100001,157,206ms
001011101000000001000001000100100000,010000000001100010010000101010000100,100100010000001000001000000001011010,000000000110010100100110010000000001,119,8691ms
010100000000111100000000001001000100,001010000100000001100001100010010000,000000010001000000011000000100101011,100001101010000010000110010000000000,17,6372ms
001101101000001000000000010000011000,000000000011100010101000001001100000,110000000100010101000110000000000100,000010010000000000010001100110000011,135,25032ms
110111000000010000101000100000000000,000000000001000110010000000100110110,001000001100001000000110011000001000,000000110010100001000001000011000001,177,992ms
101001000101000010010100000000010000,000010011000000000000000100011001110,000000000000111000101001001100100000,010100100010000101000010010000000001,110,56675ms
