010111011001000000000001000000001000,000000000010100101001010000101100000,001000100100011000010000001000000011,100000000000000010100100110010010100,97,18748ms
111110010000010000000000000101000000,000001000010000110111100000000000100,000000001101000000000001011000110001,000000100000101001000010100010001010,177,121ms
110010100001000001000000101000001000,000000000100001100111010010100000000,000001010000100010000001000010000111,001100001010010000000100000001110000,81,31077ms
011001100000000010000000010000011001,000010010010001000100010001010100000,100000001100000001010100000100000110,000100000001110100001001100001000000,157,874ms
101111011000000000011000000000000000,010000000010000000000110000100011101,000000100101011100100000100010000000,000000000000100011000001011001100010,177,31ms
010100010000000000000100000011110010,001000101001000110010000000100000100,100010000010010001101010001000000000,000001000100101000000001110000001001,150,14955ms
101001110001000100000000001000000010,000000000100011001000100100010001001,000110000010100000110010010100000000,010000001000000010001001000001110100,177,2942ms
001110101000010010100000000000000001,010000010000100001011100000001010000,000001000110001000000000111000001010,100000000001000100000011000110100100,92,11185ms
100111100000000000000010010000101000,010000000010010010100100001110000000,000000010001000001010001100001010010,001000001100101100001000000000000101,119,3600ms
110101110000100000010000000000000010,000000000001011100001000010101000100,000000000010000001100111000000101001,001010001100000010000000101010010000,117,17591ms
110000100100000010010000010000001010,000011000000100001100010000000010101,001000001010000000001100000111100000,000100010001011100000001101000000000,157,1997ms
111101101000000000000000000000010100,000000000000000000111101000000101011,000010010110100001000000101001000000,000000000001011110000010010110000000,157,565ms
001111101000010000010000000010000000,010000010110100001000010000001100000,000000000000001110001001001100000110,100000000001000000100100110000011001,70,29069ms
010101111000001000000000000000100001,100000000001000001000010110011001000,000000000100010100100000001100010110,001010000010100010011101000000000000,94,146392ms
111101110000000000100000000000100000,000010000000010010000011010011010000,000000001010101001001100001000000001,000000000101000100010000100100001110,134,667ms
011010100011010000000001000000100000,000100000000101001000100001010000101,000000001000000100111010100001000010,100001010100000010000000010100011000,85,13574ms
110100101000000100010000100000001000,000000010011000001001100000000110001,000011000000110010000001001010000010,001000000100001000100010010101000100,123,2002ms
000111101000000000100000100000010100,000000010100101100000101000011000000,110000000011010000001010000000100001,001000000000000011010000011100001010,163,1614ms
010011011000000010100000001000100000,001100000000000101011000000010000011,100000100011001000000001010000010100,000000000100110000000110100101001000,126,7540ms
100011110100000000010010100000000000,010100000001010000001000000110010010,001000000000001101000000010001101001,000000001010100010100101001000000100,98,36951ms
001100111010110001000000000000000000,000000000000000010011110011100100000,100000000101000100000000100010001110,010011000000001000100001000001010001,128,71011ms
010100110010001000010010000000100000,000010000100000001001000110100010100,000001000001100110000100001000001010,101000001000010000100001000011000001,30,4830ms
001001010000001000000011110000100000,010100100100000000000100001011000100,100000001000110010000000000100011010,000010000011000101111000000000000001,108,26146ms
001011001000100000000000011001010000,000000100101010000000011100000000110,010000000010001100001100000010100001,100100010000000011110000000100001000,47,1256ms
101011101000000000100110000000000000,000000000100010010000001010100001101,010000010000001000011000100000110010,000100000011100101000000001011000000,157,81ms
100011111000010000100000010000000000,010000000100000000001010100000111010,000100000000001111010001000010000100,001000000011100000000100001101000001,132,570ms
001001000000001001100010000000011100,000000111100100010000001010010000000,010010000001010000001100100000100001,100100000010000100010000001101000010,32,809ms
110110011010000110000000000000000000,000001100001001000100000101100000010,000000000100100000001110010001001100,001000000000010001010001000010110001,177,800ms
011011111000000010100000000000000000,100000000000011100000101010101000000,000000000100100000011000001010010101,000100000011000001000010100000101010,116,15461ms
011010010011000000000110000000000010,100100000000100101000000000110100100,000001100100001000010001000001001001,000000001000010010101000111000010000,82,29253ms
010110100000000110000100000010100000,100000001110001000010000010000001010,000001000000010001001010101001000001,001000010001100000100001000100010100,59,3005ms
101101001000000000100100000100000010,000000000010100110001000011000010100,010000100000011001010001100000100000,000010010101000000000010000011001001,157,888ms
000100010001001000010000011000100010,001000101000100011000000100000001100,100001000110010100000001000100000001,010010000000000000101110000011010000,98,23770ms
101101100000001010000000000000001001,010000000000100000101110011000000100,000010000110010001010000000011000010,000000011001000100000001100100110000,157,2455ms
110011100000100000000000000100010100,001000000010010010001000100011000001,000000001100001100000011010000001010,000100010001000001110100001000100000,143,4075ms
100101101000000000000010101000010000,000010010010010011000100010000001000,011000000000101100001001000000000011,000000000101000000110000000111100100,127,7671ms
110001100000000100010001000110000000,000100010000100010000010010001000110,000010001100011001000100000000010001,001000000011000000101000101000101000,150,76ms
000100000000000000100000111110011000,001001000001100111001010000000000000,110000011000000000000101000001100100,000010100110011000010000000000000011,157,24919ms
110001000011110100000000100000000000,000010000100000000101000000011010101,000100100000000010010110001000101000,001000011000001001000001010100000010,110,6800ms
000101010100010101000001000000010000,101000100011100000100000001000001000,000000000000000010001000110111100010,010010001000001000010110000000000101,34,23682ms
001000001010100011010001000010000000,000001000100000000000010111001100100,010000010000001100101100000100000010,100110100001010000000000000000011001,60,4532ms
001110110000010000000000010000100001,010001000000000001110101000010001000,000000000110001010001010100001010000,100000001001100100000000001100000110,81,35615ms
100001000010100001000010010000100100,010110001100000000011000101000000000,001000100001010100100001000010000001,000000010000001010000100000101011010,79,24968ms
000110000100000000000001101000001110,000000001001101100101000000000100001,011001000000000001010010000111000000,100000110010010010000100010000010000,110,357ms
000110100101000000000100000000110001,001001000010100010100001000010001000,000000011000001100000000111000000110,110000000000010001011010000101000000,31,255ms
100101010000000000000000111100001000,000000000010010100110001000010110000,010000001001000011000010000000000111,001010100100101000001100000001000000,114,18760ms
100110001010001000000100110000000000,001000010000100000110000000100011100,010001100001000100001000000010000011,000000000100010011000011001001100000,155,20940ms
100100100000001001000001010100000001,000001000001110100010000000010110000,001000011110000010100000000000000110,010010000000000000001110101001001000,147,4125ms
110110000110000000100001000000010000,001000101000000010011000001100000010,000001000000001100000100100010101100,000000010001110001000010010001000001,130,3426ms
010111100000000000000010100000100100,100000000110110000100100001010000000,000000011001000110000000000101010010,001000000000001001011001010000001001,132,6102ms
101000010000100100100100000000000101,000100100001001000010001001000110000,010010001000010001000010100100001000,000001000110000010001000010011000010,131,1036ms
000001001000011000110000000100001100,101000000000000111000010100001100000,010010100000100000000000010010010011,000100010111000000001101001000000000,93,7786ms
110000101000000111000100001000000000,000100000110011000000000010100011000,000001010000100000001001100010100100,001010000001000000110010000001000011,89,46153ms
110011110000100000010010000000000000,000000000011000010101100000001011000,000100001000001100000000100110100001,001000000100010001000001011000000110,144,2240ms
110000110010001010000100100000000000,000010000000010001000010011011010000,001100000000100100110001000000100100,000001001101000000001000000100001011,157,1350ms
000011101000000001000110001000000010,101100000000000000001000010101010001,000000000100001110110000000010100100,010000010011110000000001100000001000,56,45880ms
010100101001010000010000000001010000,001000000100100100001110000000100001,100001000000000001000000111010001010,000010010010001010100001000100000100,125,3191ms
000001101000010000010000000101000011,011010000010000110100000100010000000,000100000000001001000101010000111000,100000010101100000001010001000000100,0,3620ms
111100001000000000000000000111000010,000000010111100001000100100000000001,000001000000001010111010011000000000,000010100000010100000001000000111100,157,1528ms
111000000010010000100010000000000110,000110010000000000011000001001010001,000000101100000000000001100110101000,000001000001101111000100010000000000,157,20683ms
011101010000001001000000001000000100,100000000011000100000010010100100001,000010101100100000001100000001000010,000000000000010010110001100010011000,67,8419ms
011011101000000000000000000011010000,000000010000110000100001100100001010,100100000001000111000100010000000100,000000000110001000011010001000100001,157,567ms
100010101000000101000000011100000000,000000010110000010110010000001000100,001001000000100000001100100010101000,010100000001011000000001000000010011,90,5526ms
110111111000000000000000000000000001,001000000000010000110011001100001000,000000000101000111001100010001000000,000000000010101000000000100010110110,156,4997ms
110011000010000000000000010011100000,000100000001011001001001000100010000,001000011100000000010000100000001011,000000100000100110100110001000000100,131,1892ms
111111100000000000000000000000100001,000000010001000011000011100010000010,000000000110011000100100000100011000,000000001000100100011000011001000100,177,130ms
100110101100000000000001010001000000,001001000000110000100100000100010010,000000010010001011011000000000101000,010000000001000100000010101010000101,124,730ms
111111000010000000000010000000100000,000000010001000101000100011000001001,000000001100010010100000000110010100,000000100000101000011001100001000010,177,39ms
000111000000000000000000000101100111,001000001100000011000010010010001000,100000110001001000001101000000010000,010000000010110100110000101000000000,152,113978ms
110100010000010001001000000100100000,000010000001101100000010000001001001,000000100100000010110000111000000100,001001001010000000000101000010010010,157,1170ms
100110011000010000000000001000011000,001000000000001010110101010010000000,010000100111000000000000000100000111,000001000000100101001010100001100000,177,699ms
001111100000000010010000000000110000,000000001001011101100000000100000100,110000000100000000001110110000000001,000000010010100000000001001011001010,177,347ms
011010110000100000100010000100000000,000101000000000000000100110001101001,000000000001010110010001001010000100,100000001110001001001000000000010010,98,45362ms
001010000000110010001000000011000100,000000000001000000000101011100111000,110100100000000000110000100000000011,000001011110001101000010000000000000,136,85973ms
001111110000000010010000000000001000,000000001010010100000001111001000000,010000000001001000101100000100000101,100000000100100001000010000010110010,122,10983ms
110111100100000000000000100001000000,000000000001001011101000001000100010,000000010010000100000000010110011001,001000001000110000010111000000000100,177,868ms
011011000011101000000010000000000000,000000000000010111001000001101000001,100000111000000000100000100010100010,000100000100000000010101010000011100,157,4687ms
011111101000001010000000000000000000,000000010010110100010000010000001100,100000000101000000000001101110100000,000000000000000001101110000001010011,177,365ms
010111101001000000000101000000000000,101000000100000100000000000110010101,000000000010101000010010101000001010,000000010000010011101000010001100000,81,61212ms
010001000000010001001010000010001001,100010001001000000100101010000010000,001100100100101000000000001100000100,000000010010000110010000100001100010,91,5926ms
010011101000000100000000000101010000,001000000001001001000010011000100100,000000010100010000001101000000001011,100100000010100010110000100010000000,117,2501ms
100010111100000001000000001000000100,000000000000010010010101110001100000,011000000000101100101000000010000010,000101000011000000000010000100011001,157,703ms
011010111001000000000100000010000000,000000000000000000001010110000011111,000000000000110110100001000101100000,100101000110001001010000001000000000,85,251844ms
001011111001000000000000001100000000,000100000010100000010111000000100001,000000000100001011101000010001001000,110000000000010100000000100010010110,101,2230ms
111011011000010000000000000000000100,000000000110101000000010100100000011,000000100000000110110100001001010000,000100000001000001001001010010101000,126,2420ms
011110000000010001000000000001001100,000001100100101100000010000010000010,000000010011000000001001001000110001,100000001000000010110100110100000000,86,44708ms
111111011000100000000000000000000000,000000000001001100101000000101110000,000000100010010011000000010010000101,000000000100000000010111101000001010,177,840ms
001001001001010001010000000000001010,110000000100100000001000111000010000,000100110000001100000001000110000100,000010000010000010100110000001100001,58,3092ms
101111010000000010000000000011000000,000000000010000001011010001000011001,000000001100100100000101110000000010,010000100001011000100000000100100100,153,1724ms
110001001000000000001100010000001010,001000000001100110000011000101000000,000110000010000001010000001000110100,000000110100011000100000100010000001,149,1338ms
011100100000010001001000000010001000,000000000011000100110000001100100010,100000010000100010000101100000010100,000011001100001000000010010001000001,109,14205ms
010011010000000000110000000100010100,001000000110010001000000100011100000,000100100001001010001100010000000010,100000001000100100000011001000001001,112,3059ms
110000111000000000100100000000101000,001000000011101000000001110100000000,000111000000000001011010001010000000,000000000100010110000000000001010111,177,5081ms
100011101000000100000000010110000000,000000000101000001011101100000000001,010100000010001000000000000001110110,001000010000110010100010001000001000,136,22955ms
111000110000000000100000100100010000,000000001100110010000010000001100001,000100000001001001011100001010000000,000011000010000100000001010000001110,157,187ms
110010101100010010000000000000100000,000000000010101101100011000010000000,001001000000000000010000101100001011,000100010001000000001100010001010100,157,2177ms
010010110000000100100010001100000000,000000001100000010000001010010000111,101001000000001001010000000001110000,000100000011110000001100100000001000,157,243ms
100100001000101000000110000011000000,001000000100000100100001001100100100,010000010000010011001000110000001000,000011100011000000010000000000010011,89,1543ms
001101011000000100000010100000000001,010000000001101011010000011000000000,000000000100000000101000000100111110,100010100010010000000101000011000000,105,32382ms
111000010000100010001010010000000000,000000000001000100110100000110100001,000101000000011001000001101000010000,000010101110000000000000000001001110,102,78941ms
101010110100000000001000100000000001,000000000010000011100000010010110100,010000001001001000000100000101001010,000101000000110100010011001000000000,157,22889ms
000000011100001010000000100001010010,100100100011100000001001000010000000,000001000000010101010100010100100000,011010000000000000100010001000001101,29,3263ms
001110010001000000010000101000010000,100000001000011001100100010010000000,000001100010100010001011000000100000,010000000100000100000000000101001111,65,39488ms
101000110100000010000010001100000000,000000000011010000100101000000011001,000001001000101100000000110010000010,010110000000000001011000000001100100,89,2420ms
101101000101010100000000100000000000,010000100000000000101001010100100100,000010001000000010010100001010000011,000000010010101001000010000001011000,111,171846ms
101010010000101000010000000001000100,000101101000010000101000000100000001,010000000011000110000010100010001000,000000000100000001000101011000110010,100,3027ms
110101101000010001000000000000010000,000010000000100010000100011000000111,000000000000001100001011100011100000,001000010111000000110000000100001000,109,10251ms
111000001000000100000001011000010000,000000100011011011000000000101000000,000110010000100000010100000000001011,000001000100000000101010100010100100,127,25238ms
100011100110010000000000010000000100,001100000000001001101010000000100010,010000000001000110000101100101000000,000000011000100000010000001010011001,148,247ms
000111100000000000000010110000100010,010000000100010000111001001000010000,100000010011000010000000000101001100,001000001000101101000100000010000001,144,21389ms
010001011100000000101100000000000001,100000000000001011010010001000101000,000110000010010100000000110001000100,001000100001100000000001000110010010,93,14835ms
110111011000000000000000000101000000,000000100110000100000011100010000100,001000000001011010010000001000000011,000000000000100001101100010000111000,177,51ms
010110001010000000000000010001001001,100000000000100010111010000010000010,001001000001000101000100001100010000,000000110100011000000001100000100100,109,6003ms
001111010000100000010000010100000000,010000101001000010000000100001000011,000000000010001101001011001000000100,100000000100010000100100000010111000,82,84746ms
100101110010001100000000000000010000,011000001000010010101001000000000100,000000000001100001010100001100100010,000010000100000000000010110011001001,115,38497ms
100110110100000010001000000010000000,001000000000000001110100001001010100,000001001001001000000001010100001010,010000000010110100000010100000100001,162,488ms
110110101000100010000010000000000000,000000000101000000010000101100110001,001000000000010100101001010001001000,000001010010001001000100000010000110,177,5650ms
110100110000100000000000001010010000,000010000001000010000101100100001100,000000000000010000101010010001100011,001001001110001101010000000000000000,119,175253ms
010010001001010000100000000001001010,000000100000100100001001101110000000,000101000010000000010110010000100100,101000010100001011000000000000010001,51,9801ms
010011001000000010100000000010101000,000000000001011000011011000000010100,100000000110000000000100110100000011,001100110000100101000000001001000000,138,15570ms
110111010000000000010000100100000000,000000001011100110100000001000000010,000000000100001000000110010011011000,001000100000010001001001000000100101,159,6034ms
101100001010100010100000000000000100,000010110001001100001000000000110000,010001000000000000010010110011001000,000000000100010001000101001100000011,154,5972ms
100101000001000001000010000000011010,001000000100100000100101001001100000,010010101000000000011000000010000101,000000010010011110000000110100000000,142,3021ms
100001110000000000000101000001010001,000000000101110010110010000000000100,000010000010001001001000101100001000,011100001000000100000000010010100010,79,57423ms
010111111110000000000000000000000000,000000000000000010010101001100100011,101000000001000100100010110000001000,000000000000111001001000000011010100,177,89ms
000101001000010000000101001000001100,000000010100101001001000000001000011,000010100011000100000000010110100000,111000000000000010110010100000010000,38,4783ms
000100001010100000000001011000000101,001000000000010101110110000000001000,000011110000000010000000000011110000,110000000101001000001000100100000010,50,7810ms
011001001100000011001000010000000000,000100100000010000100000100110011000,100000010011000100000001000000000111,000010000000101000010110001001100000,147,3392ms
111001001011000000000001000000000001,000000000000110011010110000100000100,000000100000000100100000111001010010,000110010100001000001000000010101000,128,9209ms
000010110000000100110000100000100100,000000001010100010000010000101001001,010100000001000001000001011010000010,101001000100011000001100000000010000,44,7777ms
011100101000000000100001100000010000,000001000000001101000010011110000000,100000000101010000001000000000001111,000010010010100010010100000001100000,157,3271ms
100001011100000010001100000000000100,001110000001000000110000000011000001,000000100010110100000001100000001010,010000000000001001000010011100110000,85,1214ms
000111110000000100000000010000100010,000000000110000000001100100101010100,111000000000111010000001000010000000,000000001001000001110010001000001001,177,1464ms
001101010010000111000000000000001000,100010001000000000100101001010000001,010000000101000000010010100100100100,000000100000111000001000010001010010,103,43712ms
111110111000000000000000000000001000,000001000001010011001000100100010000,000000000010001100110100001011000000,000000000100100000000011010000100111,164,2619ms
010101010010000000001110000000001000,000010000001101100000000100011000010,101000000000000010000001010100110001,000000101100010001110000001000000100,139,10412ms
010000110110110000000100100000000000,000101001000000001101001000000110000,101010000001000110000000010010001000,000000000000001000010010001101000111,144,18211ms
101011010000010001000000010001000000,000100001000000110010101100010000000,010000000101001000100000000100111000,000000100010100000001010001000000111,157,1534ms
100010001000010000011000010100001000,000000100010000010000101000011100100,011100010000001001000010000000010001,000001000101100100100000101000000010,144,4106ms
111010111000000001000000000100000000,000001000001010100110000100001100000,000100000000001010000001001000011101,000000000110100000001110010010000010,143,605ms
001111111000000000000000001000010000,000000000000101000111011000001001000,110000000101000010000000110000100001,000000000010010101000100000110000110,177,182ms
011000010000010100000001100100000100,000010000000100000101010001011000001,000000101101000001010000010000010010,100101000010001010000100000000101000,75,9333ms
101110111000000000000000000010000010,010000000001001001000101001000001001,000001000100100000110010000100110000,000000000010010110001000110001000100,177,84ms
100000011000000000101000011001000010,001100000001000000000111100000001001,000000100100000111000000000110100100,010011000010111000010000000000010000,112,23606ms
000110110010010001000010000000100000,000001001100000010001000000001001110,000000000001001000000101111010010000,111000000000100100110000000100000001,42,6385ms
011110010010000001000100000000100000,000001000100010010101000000010001001,100000000000001100010000001001010110,000000101001100000000011110100000000,151,10917ms
110001111000010000000000001100000000,000100000100000100010000110001010001,000000000010101001000000000010101110,001010000001000010101111000000000000,118,39917ms
100110000000001100010000110000001000,000000011001000001001100001000110000,010000100110110000100000000110000000,001001000000000010000011000001000111,177,34ms
110101111000000000100000000000100000,000010000100001010000010010000011100,001000000000010101010000100101000001,000000000011100000001101001010000010,157,63ms
111010110100010000000000001000000000,000100000000100000010000100110101010,000001000011000101000110000001010000,000000001000001010101001010000000101,157,863ms
111110011000000000000000001000000100,000000000010011000011000000111100000,000000100001100100000011010000010010,000001000100000011100100100000001001,151,860ms
100100110010000001000010010000010000,000000000000000000111101000000101110,001010000101110110000000001000000000,010001001000001000000000100111000001,129,167648ms
000011110000000000000000010100101100,010000000010110010000111000000000010,101000001000001001011000000001000001,000100000101000100100000101010010000,157,4820ms
000100011001011000100000000000010010,100011000000000000001110000001100100,001000000110000110000001000100001001,010000100000100001010000111010000000,64,33889ms
011110100000001000100000000100010000,100000000111100000000000001001100100,000001000000000101001001100010001001,000000011000010010010110010000000010,116,8178ms
010111110010000000001100000000000000,000000001001000101100010010001010000,000000000000000010010000001110101110,101000000100111000000001100000000001,100,31967ms
100110100000000000100001100010100000,010000000110001101000000001000000110,000001010000100000010010010101010000,001000001001010010001100000000001001,163,90ms
010101110101000000010000000000000001,000000001000000010000001101011000110,000010000010001100100010010000011000,101000000000110001001100000100100000,107,3099ms
011010101010000001000001010000000000,000101000000010000011110000000101000,100000010101001010000000000010010010,000000000000100100100000101101000101,157,17231ms
101100110100000000010000000010000001,000010001000000010000000001101111000,010001000010110100000000110000000100,000000000001001001101111000000000010,157,3175ms
011001000000000100000100000101001100,000000001001101001000010010010100000,100100100010010000010000100000000011,000010010100000010101001001000010000,140,8375ms
101101011000000000010010010000000000,010010000111001110000000000000100000,000000100000100000000000100101010111,000000000000010001101101001010001000,98,194100ms
011001010010100000010000100000000010,000000001001001000000000001101011100,000110100100010001100000000010000001,100000000000000110001111010000100000,128,29579ms
000000010000000010001101100110000010,100001000001100100000000010000001101,011000101010010001100000000000100000,000110000100001000010010001001010000,95,8175ms
110011011001000001000000000100000000,000000000000001010000011100001100011,000100100010100100010000011000010000,001000000100010000101100000010001100,157,1485ms
000110011000100000000001100000000101,101000100000010000110010000000101000,000000000101000110001100001101000000,010001000010001001000000010010010010,61,11526ms
000010010000100101000101000000001010,001101100000000010001010100000100000,010000001100001000010000010101010000,100000000011010000100000001010000101,23,4556ms
011000110000001000011100001000000000,000010000000010010000001110010000110,100101000010100000000010000001100001,000000001101000101100000000100011000,157,1233ms
101011000000000001000001000001110000,000000010011000010010010100010000001,010000001100110000100100001000001000,000100100000001100001000010100000110,151,1647ms
100101011001000000000001000001000010,001000000110011010010100000000010000,000010100000000100000000111110100000,010000000000100001101010000000001101,144,732ms
011100000000110100000000100000100010,000001001110000010000100010011000000,000000010000000001010001000100011101,100010100001001000101010001000000000,44,10900ms
101110000000000010001000100001001000,010000101010000100000100010000000110,000001000100110001100010001000100000,000000010001001000010001000110010001,138,9048ms
010000101000000100000010010001000011,101100000010010000000100000100101000,000001000001000010011001100000010100,000010010100101001100000001010000000,0,1244ms
011100010010000100010000100001000000,000000000001000000101001010110100010,000010101100100001000000001000000101,100001000000011010000110000000011000,85,13825ms
001000111000000001000011000010100000,100001000100000100100100010001000100,000110000001010010000000001000011010,010000000010101000011000100100000001,56,3133ms
011111011000100000100000000000000000,000000000000000001011010010011001100,000000100111000100000001000100010010,100000000000011010000100101000100001,137,3530ms
111110100000000000000100010000001000,000000000001010110011000100001100000,000001001100000000000011001000010101,000000010010101001100000000110000010,155,857ms
011000100100010000110001010000000000,000010000000001100000000101101100010,000001001000000010001100000010010101,100100010011100001000010000000001000,105,11595ms
110110110000010000000000010010000000,000001000101000000000001001101110000,001000001000100101110010000000000001,000000000010001010001100100000001110,177,783ms
110100100000000000000001101000010100,001000010100010011001100000000100000,000011001000000100100000000011001010,000000000011101000010010010100000001,142,14706ms
010010111000011001000000000000000100,000000000101000000001110010110001000,100100000000000000110000101001110000,001001000010100110000001000000000011,150,7755ms
011111111001000000000000000000000000,100000000000100001110100000010110000,000000000010000010000011100001000111,000000000100011100001000011100001000,117,166417ms
111000101000000000001000010000001010,000001010100100110000101000000100000,000000000001011001100000101001000100,000110000010000000010010000110010001,129,15122ms
111100010000000100001000000001000100,000011000110011000010000000000010010,000000101000000010000110100100001001,000000000001100001100001011010100000,139,4432ms
010110000010010000000001010000001010,000000000000001000111000100110100100,100000110001100010000100001000000001,001001001100000101000010000001010000,121,11910ms
001010011010000000000101000010000100,000100000001010001010000000101000011,000000100100101100100000110000010000,110001000000000010001010001000101000,57,19241ms
011110101000000000000001100000000100,100000010000000010000100010010011010,000000000111010100100000000100100001,000001000000101001011010001001000000,136,68691ms
011101000000100000000010100010001000,000000010100001010010100011000000001,100010000010010000000000000101110100,000000101001000101101001000000000010,157,3524ms
000001100010011000001011000000000010,110010001100000100000000100100001000,000100010001000001010000011010000001,001000000000100010100100000001110100,0,2372ms
011000101000000010000001010010000001,000110010001000000000000001101010010,000001000110110101000000000000101000,100000000000001000111110100000000100,66,116219ms
101100000000100000010001000001010010,000000111000000000001110011000000001,000001000000011100100000000100101100,010010000111000011000000100010000000,157,12449ms
100000010010000000000100010001011010,000001100000001011001011000010000000,011010000001100000110000100000100000,000100001100010100000000001100000101,146,4793ms
111010100100000000001000000000001001,000101001000000000010010011000000110,000000000010110110100000000111000000,000000010001001001000101100000110000,157,2332ms
001100010000000000100010110100000100,000000000011010001011000001010000010,010000000000101100000000000001111001,100011101100000010000101000000000000,54,277750ms
010110111100000000000000000100001000,100000000000011100101100000000010010,000000000010100001010001110001000100,001001000001000010000010001010100001,109,25659ms
101010100101000001000000001000010000,000000000010001100000010100100001011,010000010000100000110100010001100000,000101001000010010001001000010000100,157,1808ms
000110001000001000100000101000010010,011000000000000110000001010101000001,000000000101110000010000000010101100,100001110010000001001110000000000000,62,14384ms
010111001000010000000000000101000100,001000010010001100110110000000000000,100000100001000000001000001000110011,000000000100100011000001110010001000,177,59581ms
001001100000010001001101010000000000,100000000001000010100000000111001010,010000001000101100010010000000010100,000110010110000000000000101000100001,53,14658ms
010001100000001010000001000101000010,000000000110100000101100001000010100,000100011001000100010010100000000001,101010000000010001000000010010101000,67,41789ms
001110001000010010000000000101010000,010000010001000001010000101000100001,000001100100001000100110010000000010,100000000010100100001001000010001100,115,16929ms
011111010001010000000001000000000000,000000000010001110001010001000110000,100000100100100001010100000010000100,000000001000000000100000110101001011,177,1325ms
010001111000000100000000001000001100,101100000100000010011010100000000000,000000000010110000000001010111000010,000010000001001001100100000000110001,58,31377ms
010100100000010000000001100010100100,001000000011001110000110000000000001,100001000000100000100000011100001010,000010011100000001011000000001010000,157,1758ms
111110101000000000101000000000000000,000000000000101110000001100100000011,000000010100010000010000010011010100,000001000011000001000110001000101000,177,30ms
101001101010000000000100010000000001,000000000101100101000000000011110000,000010010000011000001001001000000110,010100000000000010110010100100001000,88,10001ms
111000011010000000000001010000000010,000100000001100010101010100000010000,000010000100010100000100001101001000,000001100000001001010000000010100101,157,4511ms
001110000100100000000110100000000001,100000110000001000110000010101000000,000000001011000100000001001000001110,010001000000010011001000000010110000,47,1160ms
000110010001000000100001001100010000,001000000010001000010100110000101000,110000001000010111000000000000000101,000001100100100000001010000011000010,177,1283ms
110111110000010000001000000000000000,001000001000001010110110000000000001,000000000100100100000001110000011100,000000000011000001000000001111100010,170,7148ms
010000001000001010011101000100000000,100110000101000100000010000000000011,000000110000000001100000111001010000,001001000010110000000000000010101100,21,7768ms
101111101000000000001001000000000000,010000000010010000110100000001000110,000000010100000111000010100010010000,000000000001101000000000011100101001,148,1514ms
111010101000000000100000000100000010,000000000011110000000000001011100001,000100000000000011001111100000010000,000001010100001100010000010000001100,157,146ms
111001100000010000000000010000010001,000000001000001011000000101000100110,000100000101100100110010000010000000,000010010010000000001101000101001000,157,379ms
101110100100000000000000001000001010,010001011001000000110010000000000100,000000000000001001001100110110000001,000000000010110110000001000001110000,138,31994ms
000101111101100000000000000000000001,111010000000001000100011000010000000,000000000010000000000100001100111110,000000000000010111011000110001000000,75,31874ms
001000010001000000000110000110110000,010001000000001011100000001001000010,100100100100110000011000000000000100,000010001010000100000001110000001001,157,1403ms
000010111010000000101100000100000000,000100000000000101010000010001011100,010001000001011010000010000000100001,101000000100100000000001101010000010,87,2720ms
001010101010000000010000100000100100,000000010101000010001100001010000001,110100000000010101000000000100010010,000001000000101000100011010001001000,157,515ms
000111001000000101100010001000000000,100000010101001000000000000101010010,010000000010110000001100100000000101,001000100000000010010001010010101000,84,61123ms
011101101001001000000000000010000000,000010000100000010000101000000011110,100000010000010001011000100000100001,000000000010100100100010011101000000,137,15021ms
011110110000000000110000001000000000,000000001000001000000110100000010111,000001000110010001001000000010101000,100000000001100110000001010101000000,142,937ms
101101110000000000000000100000001010,000000001100100101010010010000000100,000000000011010010001000001101000001,010010000000001000100101000010110000,123,21054ms
101101010001001010000010000000000000,000000000000010100010100101010001100,010010101110000000000000010000000011,000000000000100001101001000101110000,157,461ms
101110011000001000000000000010001000,010000000000000110000011000100000111,000000000111110000001000010000110000,000001100000000001110100101001000000,177,7135ms
100011001000000010100000101000000010,011100000000100001001010000010100000,000000000111001100010100010000000100,000000110000010000000001000101011001,114,19873ms
000001010100110000110000000000011000,011100000000001000000001100011100000,100010100000000101001110000000000100,000000001011000010000000011100000011,95,1710ms
011111110001000000000000000000000010,000000000010100100000000000011111001,000000000000011010111000101000000100,100000001100000001000111010100000000,103,174153ms
011111000000110000000001100000000000,000000101011000000010000000110000101,000000000100000110100110011000100000,100000010000001001001000000001011010,128,19720ms
010100011100000001000000000000011010,000010100001101110000000000101000000,000000000010010000000101111000000101,101001000000000000111010000010100000,43,64020ms
011000001000000000000100111110000000,100000000001001110001000000001001010,000010100110100000010010000000000101,000101010000010001100001000000110000,90,1408ms
101001010000000000000000001100011100,000100000001010000011100110000000001,000000000010101110000000000011100010,010010101100000001100011000000000000,88,488429ms
110010110100000000000101000000100000,000100000001000000100010001100011100,001000001010001010011000000010000001,000001000000110101000000110001000010,143,415ms
000011111000001000100000011000000000,000000000010110001000010000011001001,111000000100000010001000000100110000,000100000001000100010101100000000110,157,935ms
011011001010000100000000010001000000,000100010100001000000010100000100011,100000100000100000110000000110010100,000000000001010011001101001000001000,157,144ms
111001110000001000000010000001000000,000100001000000001011001011000000001,000000000010110110000000100100010010,000010000101000000100100000010101100,139,17848ms
010001110001000000000100000110100000,101100000010101010001001000000000000,000010001000010001010000011001000010,000000000100000100100010100000011101,52,26355ms
001001101000000100000010000010010001,000000000001101001101001000000001010,000000000110000000010100110001100100,110110010000010010000000001100000000,53,27848ms
000001011000001010010000000010110000,000100000011110000001000100000000110,010000000100000001100101010101000000,101010100000000100000010001000001001,81,1277ms
011001110000011011000000000000000000,000000000101000000001011101000010010,000100000010000000110000000011101100,100010001000100100000100010100000001,96,15457ms
010111010000000010100100000010000000,000000000101010101001011000000000100,000000001000001000010000010101011010,101000100010100000000000101000100001,117,17069ms
010101100001000100001010100000000000,000010011000001000100101011000000000,100000000110000001000000000100010111,001000000000110010010000000011101000,144,81521ms
000110111100100001010000000000000000,000000000000001100000101011000010110,010001000010000010000000000111101000,101000000001010000101010100000000001,120,42320ms
011100111000000100000100000000000001,100001000000011000001010001010010000,000010000011100011000001000100000010,000000000100000000110000110001101100,85,10964ms
011110011000000110000000000001000000,000001100001001000010000100010010001,000000000110100000100100001100001010,100000000000010001001011010000100100,142,14335ms
101100101001000000001100000100000000,010000000100100001100000001000101100,000001000000011100010010010000000011,000010010010000010000001100011010000,126,398ms
000101000010110001000000010000010010,100010100000000100000011000110100000,000000001100001010001000001001001001,011000010001000000110100100000000100,0,1333ms
001100101100000001101000100000000000,010011000000011000000001000010001010,000000010000000110000110001100010100,100000000011100000010000010001100001,71,86288ms
110011111001000000000000000001000000,000100000000100100010001000100101010,001000000010001001001100101000010000,000000000100010010100010010010000101,141,1800ms
111001011000000000010000010010000000,000000100010000110001001100000011000,000000000101011000100000001000000111,000110000000100001000110000101100000,157,423ms
100110111001000000000000000000100010,000000000010000101010001110001001000,010001000100111010100000000000010000,001000000000000000001110001110000101,177,2977ms
110101010100000000010000101000000000,001000001000011000101000000100010010,000000000000100001000110010010001101,000010100011000110000001000001100000,139,4846ms
111010011010000000100100000000000000,000000000000101100010001001000110010,000101100100000011000000110000000001,000000000001010000001010000111001100,157,327ms
101010101010001000000100100000000000,000000000000000110001001011001110000,010101010100000000000000000100000111,000000000001110001110010000010001000,157,929ms
001100011000000100000000010001001100,000010000010000010000111000010010001,010000000100011001110000000000100010,100001100001100000001000101100000000,92,3702ms
110001011010001000010000000000001000,000110000000000101000101000011000100,001000100100000010001000110000100010,000000000001110000100010001100010001,144,800ms
001100001101000000001000010000001001,010000010010101000000011101000000000,100011100000000011100000000000010100,000000000000010100010100000111100010,118,13050ms
000000100011100010010000100100001000,011000001000000100001000001001010010,000001000000000001100100010010100101,100110010100011000000011000000000000,10,11160ms
010011000001000000000000111011000000,001100000000001001100001000000010011,000000001010110110001100000000100000,100000110100000000010010000100001100,32,1116ms
110110010000000000101001000000010000,001000001011000100000000000011000110,000000100000111010010000001000001001,000001000100000001000110110100100000,152,16388ms
110111001000000000000010000000000101,000000100111000010001101000000000010,001000000000011001100000001010101000,000000010000100100010000110101010000,165,2115ms
101001000000000000101000100000011001,010000110000000100010000000101100100,000100000011101000000101010010000000,000010001100010011000010001000000010,88,36881ms
100010000000000100000100010010011001,011100000001000010100000000001100010,000001001010010001010011000100000000,000000110100101000001000101000000100,79,15196ms
110001110000000010000000100001001000,000110001000010100000111000000000010,001000000011100001011000010000000100,000000000100001000100000001110110001,117,20169ms
000000001111000010001000100001000001,101010000000100101100000000100000010,000100100000011000000100001000101100,010001010000000000010011010010010000,0,613ms
011100011000000000100000100110000000,000001100010000000000010010000110011,100000000100111110000100000001000000,000010000001000001011001001000001100,157,195ms
110100011000000001100000000101000000,001000000000011100000001101000010010,000010100001000010001000010000101001,000001000110100000010110000010000100,140,204ms
111101010000000000000001000010100000,000000001000011001010000010100010100,000000000101000010101100001000001001,000010100010100100000010100001000010,157,1527ms
000001110100010000100000000010000011,111100000000001001001100000100000000,000000001011000010000001001001100100,000010000000100100010010110000011000,28,372ms
001001011000010100010000000001100000,110010000100100000000100001000001100,000100000000000011000001100110010001,000000100011001000101010010000000010,41,4416ms
011111100000010000000000010000000010,000000000000100110000001100011100100,100000000110001000111110000000000000,000000011001000001000000001100011001,177,1772ms
101101101000000001000000001001000000,010000010001011110010000000100000000,000010000100000000101011000000001011,000000000010100000000100110010110100,136,7393ms
100000100000100010100000100000010101,000000001000000101000011000111001000,001111000101001000000000010000100000,010000010010010000011100001000000010,160,3958ms
001000000010101100001100100000001000,000100101000000011100001000000000101,010011010100010000000010010100000000,100000000001000000010000001011110010,85,7293ms
100001111000000001000001000000100001,001010000010100000000110010010000010,000000000100011110010000001000011000,010100000001000000101000100101000100,95,6152ms
001001110100000100001000000001001000,000000000000000010010000011100110110,100110000001110001100100000000000000,010000001010001000000011100010000001,152,7385ms
001001111000001000000000010000000110,000010000000000110101101000000010001,000000000011110000010000001100101000,110100000100000001000010100011000000,47,8549ms
010110110110000000000000000000010010,001000001000010011001000000000101001,100001000000000100010101100100000100,000000000001101000100010011011000000,177,362ms
100100000001010100000001000100100001,000001100100100011000000111000000000,010010010010001000001110000001000000,001000001000000000110000000010011110,118,269962ms
011101011000000100001100000000000000,000010000001011001000010010000101000,100000100100100010000001001000010010,000000000010000000110000100111000101,148,2329ms
001111000001010000010000000000110000,110000000000001101000000100110000100,000000010000100010101101010000000010,000000101110000000000010001001001001,65,1799ms
110001010001101000001000100000000000,001000000000000100010010010010010110,000010000000000010100001001101101000,000100101110010001000100000000000001,118,68996ms
001011100000010000000000000101110000,000100000010100100110001010000000010,000000000101001010001010101010000000,110000011000000001000100000000001101,83,42613ms
100001101001000100000000000000010011,011100000000011000001000011100000000,000000010010000001100101000011001000,000010000100100010010010100000100100,94,5487ms
110010010000000000010100000001000011,000000100100001010000011100100100000,000101000001000001001000010000011100,001000001010110100100000001010000000,111,6030ms
101000111010000000000010000000101000,000000000100111100010000100001010000,000010000001000011000101001010000001,010101000000000000101000010100000110,70,39399ms
001010010001000000010010100001000001,000100000000100111100000011000001000,010001101100000000000000000010100110,100000000010011000001101000100010000,108,50663ms
101110001100100000000100000100000000,010000000000000001011010011000011000,000000110000001000000001100001100011,000001000011010110100000000010000100,161,306ms
100111000010000001100011000000000000,001000001000001100000000010011001100,010000010000000010010000001100100011,000000100101110000001100100000010000,177,3748ms
101001011001000000010000001010000000,000000000010000100000110110001101000,010000100000111001001000000000010001,000110000100000010100001000100000110,125,3903ms
100010010000000010110000001001000100,001000001000000001000101010100001001,000000100101101000000000100000110010,010101000010010100001010000010000000,95,9147ms
100100101010100000010000000000010001,010000000000000101101000000101101000,001001000100001010000101001000000100,000010010001010000000010110010000010,124,3102ms
010011110001000000000001000010000010,000000001000011001001010000100010100,101000000100100100110000000000101000,000100000010000010000100111001000001,157,85ms
011001101001000010000000010000100000,000000000000000100010111000010011100,000000010010010001001000100100000011,100110000100101000100000001001000000,75,20085ms
100111111000000000001000000000000100,011000000001001000010010000100100001,000000000000010001100100100011010010,000000000110100110000001011000001000,148,15818ms
100111001000010100000000001000000010,000000000100000001000101010101001001,010000100001001000100010100000010100,001000010010100010011000000010100000,141,3375ms
000011100011000000000100010001000001,010000011100010000010000001000101000,000100000000100110100001100110000000,101000000000001001001010000000010110,48,392ms
100101001010000000101000000000101000,010010000100101010000100100000000010,001000000001010001000000011111000000,000000110000000100010011000000010101,132,1238ms
111011101000000000000000100001000000,000100010001000111011010000000000000,000000000110101000100001000010100010,000000000000010000000100011100011101,157,23428ms
110101011110000000000000000010000000,000000000000100110100001000001110010,000000100000010000010010001100001101,001010000001001001001100110000000000,157,1554ms
111011010000100010000000001000000000,000000100100000000010001000011001011,000100001010010001100010000000110000,000000000001001100001100110100000100,151,2092ms
001011000101000100010000010100000000,010100001000001001001010001010000000,100000100000000000100101100001100001,000000010010110010000000000000011110,143,41374ms
010000100101000011010000000010001000,000101001010100000100000010000010100,001000000000011000001101100100000010,100010010000000100000010001001100001,67,3271ms
101000000000000000000011111001010000,000000010100000110011000000000101001,000101001011001000100000000010000010,010010100000110001000100000100000100,106,5893ms
110000010000001000010000010001000011,000000001001100001000100100100001100,001000000100000010001011001000110000,000111100010010100100000000010000000,94,3747ms
001100000100000100100001010010010000,100010100000000001011000100000000011,000000011001100000000110001000100100,010001000010011010000000000101001000,28,7708ms
100011000010000000000000101000011100,000000010000000101100110000010100001,011100101000101010000000010000000000,000000000101010000011001000101000010,144,4920ms
101101111000000000001000000000010000,010010000000101011000100000011000000,000000000010000000010001010100101101,000000000101010100100010101000000010,128,22699ms
111101100000000001000000001001000000,000000010011011000011000000010000100,000000000100100110000110010100000001,000010001000000000100001100000111010,157,10756ms
010101011000000011010000000010000000,100010000010000000101000000101101000,000000100100011100000011110000000000,001000000001100000000100001000010111,91,15342ms
011011100000000000101000000000000101,000000000000111001000100001111000000,000100000110000100010011000000101000,100000011001000010000000110000010010,101,10386ms
011101100000000000010010000000100100,000010000001101000100000110001000010,100000010010000001000001000110001001,000000001100010110001100001000010000,157,1692ms
010000010000001001000100001100001100,001010100100000100000011000010100000,100000000011010010101000000001000010,000101001000100000010000110000010001,102,4271ms
011100001100000000100000000010001100,100001000001100000000001010000110001,000000010010001110010100100000000010,000010100000010001001010001101000000,90,2232ms
011010011000000000000010001000010001,100001100000101000011000100100000000,000000000010010001000000010010101110,000100000101000110100101000001000000,72,18877ms
100111101000000010000110000000000000,000000010001001000011001000000011001,011000000100010001000000110000100010,000000000010100100100000001111000100,171,1718ms
000101011001000100000001001010000000,100010000110010000001000000100010100,000000100000000011110000100001000011,011000000000101000000110010000101000,37,2063ms
000010011000010001100001000110000000,011000000000100010000100011000000101,100000100111000000011010000000100000,000101000000001100000000100001011010,136,41ms
111100101001010000000010000000000000,000000000010100001100000101100000101,000000010000000110011001000010001010,000011000100001000000100010001110000,104,5109ms
100100011000000001110000010000010000,000011000010100110001000000000000011,010000100100010000000000000101101100,001000000001001000000111101010000000,157,1763ms
010101001110000100000000000001000010,100010110000100010001011000000000000,001000000000011001110000000000110100,000000000001000000000100111110001001,102,45766ms
111101001000100010000000000000010000,000000010010000000001010110100001100,000010100100001100100000001001000010,000000000001010001010101000010100001,157,554ms
010110010000000100001000100000001100,101000000010001010100010010000100000,000001101100100000000100001000000011,000000000001010001010001000111010000,67,1789ms
001110111000010001000000000000100000,000000000111100000001000001110010000,000001000000000000100111110000001010,110000000000001110010000000001000101,82,5825ms
100000111000000000010000010001101000,000000000001100111001001000000000110,011100000010000000000010101000010001,000011000100011000100100000110000000,132,1375ms
011001011000000000100110000000000100,000000100001010101001000100000001001,100010000110001000000000000101010010,000100000000100010010001011010100000,157,734ms
000011000110000100000111000000100000,101100000000100000100000011000010010,000000011000010011000000000100001101,010000100001001000011000100011000000,49,11673ms
000100110000001101000110000000000001,000001001001000010000000100101100010,110000000010010000011001011000000000,001010000100100000100000000010011100,93,26615ms
101011110000001000000010000000010000,010100000001000000010001100100001100,000000000000100101100000011011000010,000000001110010010001100000000100001,113,11625ms
010010011000100100100000000001000100,100001000000011000000001101000100010,000000100100000001000100010110011000,001100000011000010011010000000000001,94,6662ms
110101001000000000100010000100001000,000000000100000011000100011010000011,000010000011101100010000000000100100,001000110000010000001001100001010000,143,2427ms
101000101001000011000100000100000000,000001000000010100000010101001100010,010010010010100000011000000010000100,000100000100001000100001010000011001,157,99ms
111111110000000100000000000000000000,000000000010001000111110000100000001,000000000000010010000000100011111010,000000001101100001000001011000000100,162,1405ms
000110101010010100000000000101000000,000000010100100001000110000000101100,101000000000000010010000111010000001,010001000001001000101001000000010010,142,3407ms
000010001111100000000001010000001000,100100000000010000100010100010010010,001000100000000011000000001101100001,010001010000001100011100000000000100,38,18335ms
101100010001000000010001000110000000,010010000000001000100000000001101101,000001001010110001001100010000000000,000000100100000110000010101000010010,122,9900ms
100001001000010000111000100000100000,001000010000000010000101000001001011,010000100001000100000000011010010100,000110000110101001000010000100000000,120,19603ms
100000101000010000011000100011000000,000000000000001111000001000100001101,000110010110000000100010010000100000,011001000001100000000100001000010010,134,1139ms
100100111000100001001000000000000010,011000000010001000100011001010000000,000000000101010000010100010000011100,000011000000000110000000100101100001,105,10206ms
000010101001000010010100001000000010,100100000000010000100000100011000101,001001010010000100001010010000001000,010000000100101001000001000100110000,43,18822ms
011100110010000000100000010000000001,100010001001000001000001001000001010,000000000100000110010100100110010000,000001000000111000001010000001100100,116,4489ms
111100100000000000000001000000101010,000000000101110000100010101001000000,000001000010000110011100000010000100,000010011000001001000000010100010001,132,5710ms
101111000010000000100000010000001000,000000010000100000001010101001100100,000000101000010100010001000010000011,010000000101001011000100000100010000,146,856ms
010001001001010000010000100001010000,000010000000000100101001010100101000,100100010000000010000010001010000011,001000100110101001000100000000000100,108,27843ms
000011001000001000100001100000001001,101100000100000111000100001000000000,000000010010010000010010010001010010,010000100001100000001000000110100100,25,11942ms
101110101000100000000000000100000100,010001010101000001000000001000001001,000000000000010010001111000001110000,000000000010001100110000110010000010,130,104729ms
111110110000000010000010000000000000,000000001001000001110000110100000001,000001000000000100001001001000110110,000000000110111000000100000011001000,141,2202ms
111011100000000000010001000001000000,000000000001101010000000011010100100,000100011100000101000010100100000000,000000000010010000101100000000011011,157,187ms
101011001000000000010000010000110000,000000000100001000100100101100000101,010000100011000011001000000001001000,000100010000110100000011000010000010,120,6722ms
010111000100010000000000000100100100,000000010010001000010000110011000001,001000001001000110101001000000001000,100000100000100001000110001000010010,132,5335ms
101000100010000100000000110001010000,010001000100001000101000000010001001,000010001001100001010011000000100000,000100010000010010000100001100000110,84,2233ms
001000100111100000000100000000101000,000010010000011101010001000000000010,000000001000000000001010001111000101,110101000000000010100000110000010000,45,32837ms
000001111000000110000000000001100100,000000000110011000101010000000011000,110100000000100000000101100000000011,001010000001000001010000011110000000,110,10580ms
010011100001000111000000000000001000,100000010000101000010100000100000011,000000001110010000100001010011000000,001100000000000000001010101000110100,78,60675ms
110101100000000010000000000001010100,001000000000100000010011010100100010,000010001000011000100000100010001001,000000010111000101001100001000000000,135,19296ms
111000100010000001000110000000010000,000000000100010010000000010011101010,000011001000000000110000001100000101,000100010001101100001001100000000000,157,12193ms
100010100000100100000000110110000000,000000001000000010001111000000101100,001101000011000000110000000001000010,010000010100011001000000001000010001,133,103ms
111111111000000000000000000000000000,000000000000001110010010001001010001,000000000011000000001101110100001000,000000000100110001100000000010100110,177,81ms
000001000110001100001010000001010000,100000010001100000110000001100000010,000110000000010011000100110010000000,011000101000000000000001000000101101,20,2195ms
110111101000000110000000000000000000,000000000010011001001000110000011000,000000000100100000110101001000100100,001000010001000000000010000111000011,177,2807ms
110011101000010000000000000000000110,001000010011000000111000000101000000,000000000000001111000111100000000001,000100000100100000000000011010111000,104,6483ms
101001001010000000010000100000010010,010100000000001000000111000100100100,000010000001100010000000010011001001,000000110100010101101000001000000000,86,55748ms
000010100000100001001000000100000111,010001000111000100000000001000011000,101000000000001000110011010001000000,000100011000010010000100100010100000,104,10021ms
101100111010000000100000000000100000,000000000000011111000000000010011001,010011000000000000001100101001000010,000000000101100000010011010100000100,157,3486ms
011111001000000000000000000010000110,000000000001011111100001001000000000,000000100000000000010000010101111001,100000010110100000001110100000000000,138,174549ms
111111101000100000000000000000000000,000000010011000000100000101010010010,000000000100010000010011010001101000,000000000000001111001100000100000101,177,129ms
000100101010001100001000000110000000,101000010001010000010001000000010010,010000000100100010100110100000000100,000011000000000001000000011001101001,95,4001ms
110010001000100010000000010000100010,001000110000010000001000101000011000,000001000101001101010000000110000000,000100000010000000100111000001000101,129,1849ms
111100011001010000000000001000000000,000000000000101010000000100111010010,000000000100000001110111000000001001,000011100010000100001000010000100100,157,1067ms
101111110000000000000000000001000100,000000000100001110000010000010101001,010000000001110000110001110000000000,000000001010000001001100001100010010,177,1031ms
000101101100110000100100000000000000,000000010001000010001011010010001000,101010000010000000000000100101110000,010000000000001101010000001000000111,157,895ms
000000110000000001001000100001011010,001000000100010000110100011000000100,110011001000000000000011000010100000,000100000011101110000000000100000001,142,21663ms
111001111000000000100000000000000001,000010000010010001000001001000101010,000000000001100100010010110001000100,000100000100001010001100000110010000,144,969ms
110110100000000000000010100000010001,000000001000100110000001011000100010,001000010101000000111000000010001000,000001000010011001000100000101000100,177,72ms
001000101000000101101000000100000010,000100000101100000000001010001010100,100011010000001010000010001000000001,010000000010010000010100100010101000,129,232ms
010010000001100011010000001000010000,000001011010010100000011000000001000,100100100100000000001100010110000000,001000000000001000100000100001100111,136,2753ms
001110011001100001010000000000000000,000000000010011010000001000010101001,000001100000000100100110000001010100,110000000100000000001000111100000010,92,12681ms
101010011001000010000000000000001001,000100000010000001101111000010000000,000000000100000100010000011101010100,010001100000111000000000100000100010,129,24160ms
111000111100000000000000000001000001,000001000010000100001010011000010100,000100000000110011110000000000100010,000010000001001000000101100110001000,157,108ms
000111111000000000001000101000000000,110000000001001000110100000000100001,000000000010000101000011000110010010,001000000100110010000000010001001100,76,21534ms
100111010000100000010000001100000000,010000000001001010001000110000100100,001000000100010000100100000011000011,000000101010000101000011000000011000,177,49ms
011011010000000000000000100110000010,100100000000001111000001000001000100,000000101001100000010100001000011000,000000000110010000101010010000100001,91,16549ms
011000000010101001000010001000000001,000000100101000010110000100110000000,100011000000010000001001000001011000,000100011000000100000100010000100110,91,8064ms
111101111000000100000000000000000000,000010000010001000001100101000000011,000000000100010001100011000010011000,000000000001100010010000010101100100,157,415ms
110100111010000000100001000000000000,000010000000000001001000110110100100,000001000000100000010010001001010011,001000000101011110000100000000001000,157,1840ms
001111001000000000011000000110000000,000000000000101100000110000000011110,000000100011000011000001101001000000,110000010100010000100000010000100001,94,3559ms
111010001000001000100000000000100010,000101110000100000000011000100000100,000000000001010001000100101010001001,000000000110000110011000010001010000,115,35149ms
001101101001000000000000001010100000,000000010110010010000000110000000011,000000000000101001001101000001011000,110010000000000100110010000100000100,54,12006ms
100011010001001010000001000000000001,001000000000000001100010011010100010,010000000010100000011100000100001100,000100101100010100000000100001010000,125,4298ms
000111010000010000001000000110000010,000000000011101000100011000000010001,011000000100000001000100110000101000,100000101000000110010000001001000100,114,4585ms
111111010000000000000100010000000000,000000001100110100001010100000000001,000000000011001000110000001100010100,000000100000000011000001000011101010,177,204ms
100000001000110000001100001100000001,001000000011000000010001000011100100,010110110100000000100010000000000010,000001000000001111000000110000011000,177,109ms
010010101000000100000101001000000001,101101000000010000000010000010100010,000000010100000010110000010100011000,000000000011101001001000100001000100,94,14722ms
011000011000000010001000000001100001,000100100110001100000110000000000100,000010000001010001000000001100011010,100001000000100000110001110010000000,78,51972ms
111110000000000001000000000011000100,000001110010100000101110000000000000,000000001101000000010001100100101000,000000000000011110000000011000010011,177,4012ms
100011011000000000010000001000000011,000000100001001001000100100101000100,011000000100000000101010010010001000,000100000010110110000001000000110000,157,186ms
110010000000110100000001000000100100,000001011001001000010100000101000000,000000000010000010100000010010011011,001100100100000001001010101000000000,91,15720ms
100010011111000000000100000000000010,000001100000010011100000011000010000,010100000000101000010000000011000101,001000000000000100001011100100101000,157,3433ms
110000011000110000100010000000000100,001100100100001100001000000100010000,000011000001000011000100110000001000,000000000010000000010001001011100011,89,25797ms
000101110100000000100000000011000100,010000001001001000000101001100010000,100000000010000101000010010000101001,001010000000110010011000100000000010,129,3782ms
111001010000001000000000001010100000,000000001101000101110000010000000100,000010100000110010000001000001000011,000100000010000000001110100100011000,125,4061ms
100000000100000100001010101000100001,001001000000001000010100010010000110,000000001011100011000000000001011000,010110110000010000100001000100000000,76,34447ms
101000011000000000000011010011000000,000100100000000100110100100000000101,000010000100110011000000000100101000,010001000011001000001000001000010010,139,2467ms
011101110100001010000000000000000000,000000000011010000001001001100100010,000010000000100101110000110010000000,100000001000000000000110000001011101,104,79347ms
011001111000000000000000000011100000,100000000001000101000110010000010010,000010000010101000110001000100001000,000100000100010010001000101000000101,116,5013ms
100111110000000001000000010000000001,011000000001100100000001001010001000,000000000100010010110110000101000000,000000001010001000001000100000110110,163,1019ms
001010001010001000100010000000010100,000000010000100001000100101001001010,100001100100010010000000010000100001,010100000001000100011001000110000000,143,305ms
010000111010100001000100000001000000,001001000100000100100000001010010001,100110000000000000011011000000101000,000000000001011010000000110100000110,153,16377ms
001101100000010000000000010000110001,000010001000001001000001001011000100,100000000011100010110100000000000010,010000010100000100001010100100001000,125,4336ms
111011111000000000000000001000000000,000000000101000010010100010000110010,000000000000011000001001000111001001,000100000010100101100010100000000100,142,1711ms
001101110010000000000000000010000101,100000000000011100001110100000100000,010010000100000001010000001101010000,000000001001100010100001010000001010,121,774ms
101010001001000000000000000010011001,000000110000110001000000110100000010,000100000110000110100110001000000000,010001000000001000011001000001100100,143,5444ms
011010000000000100000010001000010011,000100010010000011000000100011001000,000001001000001000100100010100100100,100000100101110000011001000000000000,75,40977ms
100110010000010100000100000100100000,000000000000001000101010001011010001,000001101111000001000000100000000100,011000000000100010010001010000001010,150,2750ms
111010010001100001000000000001000000,000100000010000000001110010100000101,000000001100011010010001001010000000,000001100000000100100000100000111010,157,1518ms
110111000010000000100100000000010000,000000100000110110000000000111000100,001000001000000000011011000000101001,000000010101001001000000111000000010,177,1853ms
110110001100000000000010000000000011,001001000000010000010000101011000100,000000110010101100001100000000010000,000000000001000011100001010100101000,134,9173ms
100101100000001100001100000000001000,010000010101100000000001000100010001,000010000010010010100010010010000010,001000001000000001010000101001100100,97,12487ms
111001000000000100000000100001011000,000100001000001010100101000100000001,000000100000110001001010011000000100,000010010111000000010000000010100010,103,8377ms
010010100100000010010100100010000000,000001001010000001000010010100010010,001100010001001000000001000001000101,100000000000110100101000001000101000,85,11063ms
001010100010000101001000010010000000,000001000001011010010011000100000000,010000010000100000000100100001010110,100100001100000000100000001000101001,37,4957ms
010101101011000000000000011000000000,100010000000000010000110100001000101,001000010000011001001000000100010010,000000000100100100110001000010101000,84,32945ms
111110001001000000010000000100000000,000000100000001000100001101001010010,000001010000110110001000000000000101,000000000110000001000110010010101000,163,450ms
000000101010010000100000111100000000,001001000001100000010000000000011110,110100010100000100001101000000000000,000010000000001011000010000011100001,157,903ms
000101100010000000001001100001000100,100000001100111100000000000000001010,011010000001000010000110000110000000,000000010000000001110000011000110001,69,15002ms
110100000100000100000110000010000001,000010000000011011000001100000010010,001001100001000000000000001101100100,000000011010100000111000010000001000,157,844ms
000010000100000100000100100001100011,001100000011101000011000000100000000,110000011000010010100000011000000000,000001100000000001000011000010011100,140,8093ms
011101001001000000010000000000100010,100000000000101010001000000101001001,000000100010000100100111000010010000,000010010100010001000000111000000100,84,20157ms
011110001000100000000000000100101000,000001100101000100110001000010000000,100000010000011000000110001001000001,000000000010000011001000110000010110,177,4772ms
111111001000001000001000000000000000,000000000100000110000000011101011000,000000100000010001000111000000100110,000000010011100000110000100010000001,149,3372ms
101011111000000001000010000000000000,000000000010001000100001001100011100,010100000100100110010000010001000000,000000000001010000001100100010100011,157,874ms
111011000001010000000000000000010100,000100000110000001100100001011000000,000000011000000100010010110000000011,000000100000101010001001000100101000,117,2591ms
101100011100100000000010000000001000,000000000000010101010100001010000011,010011000011000010001000010000000100,000000100000001000100001100101110000,157,1425ms
111100111000000000000100000000100000,000000000000111101100001000100000010,000011000100000000010010100010010001,000000000011000010001000011001001100,141,5535ms
110000000000011001010010000100000001,000001011010000000000001000011011000,001000100001000000101100010000100010,000110000100100110000000101000000100,135,9118ms
101001100000001010000000010001000100,000110011000010001000000101000000010,000000000010100100001011000000011001,010000000101000000110100000110100000,80,5666ms
011101111000000000000010000010000000,000000000000000011001101101001000010,100010000110100100000000010000101000,000000000001011000110000000100010101,157,193ms
100001100001001100000000000001001001,010000001100000000010110010000010100,001100010000110010100000101000000000,000010000010000001001001000110100010,112,37496ms
101011011010000000000000001010000000,000000000000010011001001010001001100,010100100001100100100000100000100000,000000000100001000010110000100010011,157,695ms
001010110000010000000000010100000110,100101000000001001100010000000100001,000000001001100010010000000011011000,010000000110000100001101101000000000,49,19593ms
010110101100000000001000001100000000,001001000001100000000101010001000010,100000000000011101100000000000110100,000000010010000010010010100010001001,177,279ms
111011001001010000000000100000000000,000000010010000000000000011011010011,000000000100000001011100000100101100,000100100000101110100011000000000000,157,6106ms
110101000010010000100010000000010000,001000101100000110000000000001101000,000010010000001000000001111010000010,000000000001100001011100000100000101,90,40887ms
001100100000101000001110010000000000,010010001111010000000001000000000001,000001000000000100110000101011001000,100000010000000011000000000100110110,26,162047ms
111100110000000010000000100000010000,000011001000100000000010000101100010,000000000110011100010001011000000000,000000000001000001101100000010001101,157,49647ms
001101111001010000000000000000000100,010000000000100001011001110000001000,000000000110000110000010000100010011,100010000000001000100100001011100000,106,13366ms
100010110100000000010000100001100000,000001000011010001000011010000001000,001000001000100000101100001000000101,010100000000001110000000000110010010,113,16617ms
000000000100100010001010000111000001,001101100000000000010001110000000100,110010010010011001000000000000010000,000000001001000100100100001000101010,123,36012ms
110001101000000000010010000000101000,000010010101000001000100001010010000,001000000010011100000000010000000111,000100000000100010101001100101000000,106,7333ms
010000011000001000000110001100000100,000000000000000101001001100001100011,000011000001100010100000010010001000,101100100110010000010000000000010000,77,8120ms
011000111000100000100000000010100000,000100000010000010000110010001001100,100001000000000101000001001100010001,000010000101011000011000100000000010,157,323ms
101111111000000000000100000000000000,000000000101011000010010000001000110,010000000010100101100001000100001000,000000000000000010001000111010110001,177,90ms
010010010000011010011000001000000000,000000100010000001100110010010000001,101000001000100000000001100000101100,000101000101000100000000000101010010,112,80636ms
101010111010000000000000001001000000,010001000100000101000011100000001000,000100000001100000010000000010110101,000000000000011010101100010100000010,94,25235ms
100000110000100000000000000101011100,011010000000010000101010001010000000,000001000110000000010101110000000010,000100001001001111000000000000100001,112,78113ms
111101011001000000000000000000100000,000010000100010000011000101001000010,000000000000101110100101000000010001,000000100010000001000010010110001100,127,3074ms
011110111000000000000000010010000000,000001000000000000101010001100101001,000000000100101110010100000000010100,100000000011010001000001100001000010,105,59554ms
010110011000000000000100011000000001,100000100001001110100000000001000010,000001000000110000001001000100110100,001000000110000001010010100010001000,91,7284ms
000100111001000000010000000001100001,111000000010010000000110001000001000,000010000100001001001001000100000110,000001000000100110100000110010010000,56,4357ms
010001101000010100010110000000000000,000010010000000011000000101110000100,001100000010000000001001000001100011,100000000101101000100000010000011000,85,14119ms
111101000100100001000000010000000000,000000000010000000000101001111000101,000000111000011110000010000000000010,000010000001000000111000100000111000,157,3669ms
101011100000000010000000010010010000,000000001100100000000001100101000011,010000000011001100011010000000001000,000100010000010001100100001000100100,121,8276ms
101001111000010000000000000110000000,000010000101000010001001000001000101,010000000010100000110100000000111000,000100000000001101000010111000000010,157,112ms
100111011000100000000000001000100000,010000100100010100110001000000010000,000000000001001011001000100000001011,001000000010000000000110010111000100,98,14638ms
100100010000110000001000000111000000,000011100010000101000001010000001000,010000001000000010010010100000000111,001000000101001000100100001000110000,118,5143ms
001011010000011010001001000000000000,000100100100000100010000100000001011,010000001000000000100110011100010000,100000000011100001000000000011100100,115,50914ms
001011101000000000000000010011000100,000100000001110100001100000000001010,110000000010001011110000000000100000,000000010100000000000011101100010001,157,135ms
110011010011000000000000000000100001,001100000000000011000010100101000010,000000000000001100101001001010010100,000000101100110000010100010000001000,132,18865ms
101010000000000010000010010100110000,010100100001010000010101100000000000,000000011100000101101000001000000001,000001000010101000000000000011001110,110,204538ms
010100111100000001000000000000101000,100000000010010000100101001001000100,000010000001001100011010000110000000,001001000000100010000000110000010011,103,5294ms
000100100101100000001101000000000001,100000000000011101100000100101000000,001001011010000000010000001000010100,010010000000000010000010010010101010,51,16871ms
010000000000110010000101000100001100,000000000110001000100000110000110001,101011000001000101000000000010000010,000100111000000000011010001001000000,110,67309ms
110010111010000001000001000000000000,001000000000001000010000000101110101,000100000000110010001100000010001010,000001000101000100100010111000000000,119,21093ms
111010000100010000100000000010100000,000001010000000101001001010100000010,000000100000100010010100101001000001,000100001011001000000010000000011100,127,657ms
001101000100010000000000000010110100,010000110000000000101000011001001000,000000001000000101000111100000000011,100010000011101010010000000100000000,24,15548ms
000111011010000011000000000100000000,000000000000010100100010011011010000,011000000001100000000001000000100111,100000100100001000011100100000001000,110,9466ms
001000110000000001001001001000011000,000000001100101000010010000010100100,110011000011000000000100010000000001,000100000000010110100000100101000010,127,2587ms
010001010000000111000000001000001001,100000100001001000001001110000000100,000110000010100000010000000101010010,001000001100010000100110000010100000,86,8750ms
100001010100000101000000001100001000,000010100011000000011000100000100100,010000000000110000100111000000000011,001100001000001010000000010011010000,126,1473ms
100101111100000000000000100000001000,000010000000001011101110001000000000,000000000001100000010000010110100011,011000000010010100000001000001010100,132,29860ms
101110010000001000100000000000100001,000000100000000010000000011110010110,000001001111100000000101000001000000,010000000000010101011010100000001000,177,888ms
101110110000000000100000000000001001,010000001000001100001000010110000100,000000000010010010010100001001110000,000001000101100001000011100000000010,126,8425ms
000011010100000110000011000000010000,011000100000001001000100000000100110,100100000000110000111000100010000000,000000001011000000000000011101001001,106,8532ms
001110100100100100000100100000000000,100000010000000000011000001011000101,010001000010010010100001000000010010,000000001001001001000010010100101000,128,23532ms
110010011001000000001001100000000000,000000100110001001110000000011000000,000001000000100100000010010100010101,001100000000010010000100001000101010,116,7184ms
111001101000000000010100100000000000,000000000010000100001001010000111010,000110000001101000100000001100000001,000000010100010011000010000011000100,177,202ms
010100000101001001001000000000100100,001000100000010000000111000000010011,100010001000000000110000110100001000,000001010010100110000000001011000000,157,610ms
101111100010000000010000001000000000,000000001100001010000001100000101001,000000000001110001100010000001010010,010000010000000100001100010110000100,148,6602ms
110000001000100100000110001100000000,000000010001000000101000100001011010,000101100100001001010000010000000100,001010000010010010000001000010100001,133,9768ms
110100001000100000000100110000000010,001011000000011010101000000000000001,000000100100000001010000001010011100,000000010011000100000011000101100000,110,11128ms
111100000010000000100100000001100000,000000101100000000001010001010000101,000001000000101100010001100000011000,000010010001010011000000010100000010,137,377ms
010011111010100100000000000000000000,000100000101010010000011000000101000,000000000000001001111000010010010010,101000000000000000000100101101000101,88,63952ms
111011110000000000001000000001000000,000100000000101000110100000100110000,000000000011000010000000111010000110,000000001100010101000011000000001001,127,4492ms
001010111100000000000000010000100010,010100000000101010000100001001010000,100000000010000001001011100100000001,000001000001010100110000000010001100,137,1387ms
010100001100100010000001011000000000,000001010000010000010100000010001110,101010100001001000100010000000010000,000000000010000101001000100101100001,157,3339ms
000000111011010000000000100010010000,001100000100000100010000000101100100,000000000000000011000111011000000011,110011000000101000101000000000001000,0,552ms
101100100000010000000100000000101001,000000000011100000011000100010010010,000010011000001100100000010100000100,010001000100000011000011001001000000,128,7645ms
011011011000000000000000000001010001,000000000110000110001001000010001010,100100000001000001110010100000100000,000000100000111000000100011100000100,157,397ms
001100110000000100000000001101000001,100000000110001000101000100010100000,000001001000010000010001010000011010,010010000001100011000110000000000100,46,21970ms
001111011000000100000001001000000000,110000000000000011001000000001001110,000000000101110000010000110010100000,000000100010001000100110000100010001,105,21283ms
110110111000000100000000000000000100,001001000000011000010000000101110000,000000000001100010000100110010000011,000000000110000001101011001000001000,145,43444ms
001101001000000001000001000011000010,100010000010000000001010110100001000,010000100101100110000000001000010000,000000010000011000110100000000100101,83,20287ms
000011011001101000100000000000000001,000100000000000000000110110010101100,110000100010000111000000000100010000,001000000100010000011001001001000010,140,9446ms
001000011000001010000000010010100010,100101000010100001011000000100000000,000000000100000100100100101001011000,010010100001010000000011000000000101,46,3229ms
011011110100000000000000001000100000,000100000000000010001001000100001111,100000001000101101110100000000000000,000000000011010000000010110011010000,157,1314ms
101000001000000001001001110000000010,000010110110010000000000000011010000,010000000001001000010110000100100100,000101000000100110100000001000001001,116,7557ms
010101000100100001010000001000000100,100000010000000000100010100000111001,000010100000011010000100010101000000,001000001011000100001001000010000010,64,10067ms
011010001000000010100001000001010000,000100000100000101000110110010000000,100000000001011000011000000100100100,000001110010100000000000001000001011,157,674ms
110011001101000000000000101000000000,000000110010000010000101010010000100,001100000000111001110000000000000001,000000000000000100001010000101111010,157,351ms
001011011000010000000100000000001010,110000100000000100010001000100100100,000100000111000000001000110001010000,000000000000101011100010001010000001,47,7825ms
001011110000000000001000000000100110,110100000010101000000010000001001000,000000001001000010010101101000000001,000000000100010101100000010110010000,27,20312ms
101111001000000000000001000100000010,000000000101000011001010100000010001,010000010010001100000000011000001100,000000100000110000110100000011100000,156,1937ms
