111111100000000010000100000000000000,000000000010000000101000110101100010,000000011100010000000011001000010001,000000000001101101010000000010001100,160,1051ms
100111100000000001100001000001000000,011000000000100100000000001000011101,000000001110011010001000010000100000,000000010001000000010110100110000010,152,7283ms
111001001100100010000000000000000010,000010010000000000100001110001100001,000100000000001100010100001100010100,000000100011010001001010000010001000,142,19126ms
001110000010100000000011100000000010,000001001000000111100000001001000100,100000100100001000000100000110100001,010000010001010000011000010000011000,150,3807ms
000011100110001000001000000100001000,000000011000110000000001010011000100,010100000001000001110000100000110000,101000000000000110000110001000000011,105,645ms
101101011000000100000000000000100001,000010100000100000001111000000011000,010000000101000010010000011100000100,000000000010011001100000100011000010,157,144ms
010000010110000000100001001100010000,100110000000001001000100110000000100,001000001001000000000010000011101010,000001100000110110011000000000000001,93,7436ms
110001011001100000000001000000010000,000100000100001000111000101000000010,001000000000000101000010000111100100,000010100010010010000100010000001001,157,4265ms
101001110000100001000100000000010000,000110000001000110010000100001100000,010000001110000000000000011110001000,000000000000011000101011000000000111,157,156ms
010111101000000000010100000000010000,000000000010110001100010000110100000,100000010101001000001001000001001000,001000000000000110000000111000000111,177,298ms
111011101000000000000000010000100000,000000010010001100100000101010000010,000100000000010011001100000001000101,000000000101100000010011000100011000,130,4499ms
100010100010010000001001000000000110,011100001000001101000100000001000000,000000010101100000100000101010000001,000001000000000010010010010100111000,86,8526ms
101111000001100000001000000000100000,000000100000000110100001010100001010,000000001110000001010010000011010000,010000010000011000000100101000000101,161,555ms
001110100000000001000100010100100000,000000010000100000011001100000010011,110000001100010000000010000011001000,000001000011001110100000001000000100,177,210ms
101101001001000001000000000000101000,000000000000000100110111001001010000,010010000010010010001000010010000010,000000110100101000000000100100000101,140,9064ms
100101101000001001000100000000000001,000000010001100000010010110000011000,011010000100000010001000000110000010,000000000010010100100001001001100100,157,139ms
110010011010000000000101100000000000,000000000000001011100000010100101001,000001000101100100011000001000000010,001100100000010000000010000011010100,129,33158ms
010100101011001000000000000011000000,000010000000000100001010101000110100,100001000100100001010100000000001010,001000010000010010100001010100000001,149,1191ms
110101001000000010001000000000100001,001000000011101001010100000000010000,000000100100010100100001110000000100,000010010000000000000010001111001010,157,21654ms
100001010000000001000100101000011000,001000001001010100100010000001100000,000100000110100010010001000000000011,010010100000001000001000010110000100,70,3345ms
000100111010000000100001000011000000,111000000001010000001000010000011000,000001000100000100000110101000000101,000010000000101011010000000100100010,52,666ms
111100000000110010010100000000000000,000011000000000000101001100001100010,000000100111000000000010010110010000,000000011000001101000000001000001101,157,2255ms
010111010010100000000010010000000000,000000101000000100001000101001001100,100000000101001010110000000010100000,001000000000010001000101000100010011,177,701ms
011100011001010000000000001000010000,000000000100101100110001110000000000,000011000010000011000100000100001010,100000100000000000001010000011100101,74,96331ms
111100011000000100000000000000100001,000000000000000001110000011010001110,000000100011101010000000100100010000,000011000100010000001111000001000000,144,6473ms
000000100000110010010000110011000000,010011000100000000100010000000001011,000100000000001100001101000100010100,101000011011000001000000001000100000,0,308ms
100011011101000000000010000000000100,000000000000110100110000111001000000,010100100000000001001001000010001010,001000000010001010000100000100110001,143,2849ms
100000111000001011000000001000000010,000010000001100000000001100011010100,011101000010000000010010010000001000,000000000100010100101100000100100001,133,6192ms
111010101000001001000000000000000001,000000010011010000111001100000000000,000100000100000110000110000001011000,000001000000100000000000011110100110,139,11038ms
000011101000100010000000010000100100,001000000110001000011010100000001000,110100000001010000100001000101000000,000000010000000101000100001010010011,148,1296ms
100100001100000000001010100000000101,000000100010000000100001010111010000,001010010000100101010000001000001000,010001000001011010000100000000100010,118,5366ms
000001000110000101000000001000110100,111000010000100000010001000100000010,000110101000010010001000010000001000,000000000001001000100110100011000001,49,11604ms
111010000010010000010100000000001000,000001000001000101001011010010000000,000000100100101010000000001001000011,000100011000000000100000100100110100,136,24378ms
001100111000000000100100100000000001,010000000010011000011000000000010110,000001000101100100000011000101000000,100010000000000011000000011010101000,85,1702ms
101011001100100000000000000100000001,000000010000001101110001011000000000,010000100011000010001000000000100110,000100000000010000000110100011011000,157,4170ms
010101000000001001010000011100000000,000000110001100000000000000001101011,100010000110000110100100000000000100,001000001000010000001011100010010000,157,5007ms
011111111000000000000000000010000000,000000000000000011000011011101000010,100000000001111000001100000000010001,000000000110000100110000100000101100,177,152ms
111110000000010000011000000000001000,000000011000100011000000000001010110,000001100101000000000100001100100001,000000000010001100100011110010000000,177,3091ms
000101100000100010000100001100000001,000000000000000001111000110010001010,001000001111010100000001000000010000,110010010000001000000010000001100100,65,36694ms
110100100000000100000010000100000011,000010011000010001100101100000000000,000001000010000010011000010011001000,001000000101101000000000001000110100,117,49600ms
000100000110000011000001000011000001,001000000001100100010000000000111010,110001110000000000000000011100000100,000010001000011000101110100000000000,157,33780ms
111011011010000000000000100000000000,000100000001000100001001011100000100,000000000100010000100100000010111001,000000100000101011010010000001000010,157,364ms
110111101000000000000000000010000100,001000000100111001000001100001000000,000000000011000100000010011100001001,000000010000000010111100000000110010,177,436ms
011100110000010001000000000000100100,100010000001000100100110001000000010,000001000010101010001001000000010001,000000001100000000010000110111001000,71,9849ms
011011010011000010000000000001000000,000000100000000100101001000010101100,000100000000110000010000101000010011,100000001100001001000110010100000000,82,36106ms
110010001000000010010010010000001000,001000100110001100000000001101000000,000101010000110001100000000000100001,000000000001000000001101100010010110,129,24774ms
100001111100001000100000000000000001,000000000011010001000001000101100100,010110000000100000000100010010010010,001000000000000110011010101000001000,166,1067ms
100110110111000000000000000000010000,010000001000001001000100011100000001,001000000000000110101011000001000010,000001000000110000010000100010101100,150,1579ms
111110101000000000000000000000001010,000001010000000000101001100101100000,000000000001111001010000001010000100,000000000110000110000110010000010001,156,4649ms
101110111000000100000000000001000000,010001000000100001101000100010000001,000000000010011000010110001000100010,000000000101000010000001010100011100,125,33007ms
011010000000010000001000010000001110,000001011001100000100100100000010000,100100000110000100010001000010100000,000000100000001011000010001101000001,134,2384ms
011100001000100010000100000001000001,000011010010000000010000101000000110,000000100001011100101000010000010000,100000000100000001000011000110101000,65,12167ms
100001101000000000000010000001001101,010000000011100001000100000100010010,001100000000010010110000011010000000,000010010100001100001001100000100000,136,12263ms
000010111100010000000001000000000101,101000000001001100000110100010000000,010001000000000001010000010100110010,000100000010100010101000001001001000,86,6730ms
110010010001001101000000000000010000,000101000010000000000100011000101001,000000100000010010101011100000000100,001000001100100000010000000111000010,115,18702ms
101100000000000000001000000101101001,010001100100010111000000000000000100,000010000001100000000111000010010010,000000011010001000110000111000000000,69,165764ms
101110100000010000100000010010000000,010000001100000000001100100000011100,000001000010000101010000001001000011,000000010001101010000011000100100000,153,1531ms
001111010000000100000000000100010001,000000100000100011010010101000000100,100000000001011000101000000010100010,010000001110000000000101010001001000,163,9164ms
100010010000010011000010000001001000,001001101000000000000100000000110101,010100000100101000011001001000000000,000000000011000100100000110110000010,89,134030ms
101001111001000000000000100000000010,010100000000001110010000000000011100,000000000100000000001011001110100001,000010000010110001100100010001000000,132,3829ms
101101010000101100000100000000000000,010010101001000000000010000001000101,000000000110000001101001000110010000,000000000000010010010000111000101010,128,43915ms
000110010001101000010010100000000000,011000100000000000000101010100000110,100001001100000001101000000000100001,000000000010010110000000001011011000,143,31860ms
001001001110100000000100000000000110,100000000000011101110000010000100000,000110100001000010001001000001010000,010000010000000000000010101110001001,55,24293ms
000110110000000000100100010010000001,101000000000001010000001001101100000,000000001001000101010010000000001110,010001000110110000001000100000010000,59,5494ms
110011001000000000000100010001000001,000000100000010001001001000110100010,000100010110000100100010101000000000,001000000001101010010000000000011100,157,2826ms
111010100000000000000000000101100001,000100011100100010000000001010001000,000000000000011000101100110000010100,000001000011000101010011000000000010,153,11068ms
011010011000000000001000010000011000,000101000100011000100001000100000001,100000100001000000000100100011100100,000000000010100111010010001000000010,157,6420ms
001011111000001000000000000000011000,100100000000110000100101001000100000,000000000110000010011000010011000001,010000000001000101000010100100000110,89,24428ms
011100100000000000001111000000100000,000001010100010000010000100010010100,100010000001000001100000010101001000,000000001010101110000000001000000011,157,309ms
011000110000010101000000100000001000,000000000001001000100100000111000110,000011000100000000011011000000110000,100100001010100010000000011000000001,89,28265ms
110010000000010001110000000101000000,001001011010100000000100000010010000,000000100101000100001010000000100011,000100000000001010000001111000001100,135,362ms
001111011000100000100000000000000001,100000100000011000000011001000010010,010000000110000010011000100001000100,000000000001000101000100010110101000,131,8452ms
110111010001000000000000001010000000,000000101110000100001011000000001000,000000000000000001100100110101010100,001000000000111010010000000000100011,177,875ms
101011011000000001000001000000001000,010100100000110000100100000000100100,000000000011000010011010000111000000,000000000100001100000000111000010011,115,6205ms
101000001000010101000001001000001000,000100000010001010010010000010110000,010000000100100000001100110100000001,000011110001000000100000000001000110,111,1713ms
010101101100000000000000000000010101,100000000011110000001000101000100000,000000010000000001000111000101001010,001010000000001110110000010010000000,112,28864ms
111011001000001000000000000100000100,000100110000000100010101001000000001,000000000010000010001010010001011010,000000000101110001100000100010100000,142,90172ms
101011000001001000100000001000000010,000000000110010101011000110000000000,010000100000000010000010000011011001,000100011000100000000101000100100100,141,27930ms
000110100100000000001000001000000111,100001001000000111010100100000000000,000000000000101000100000010110111000,011000010011010000000011000001000000,60,72045ms
001010010101000001000000101100000000,010001100010101010001000000000000010,100000000000000000110111000001001100,000100001000010100000000010010110001,128,8771ms
001010110100011000000010010000000000,010100000011000010000001001010000001,100001001000000001001100000000011100,000000000000100100110000100101100010,115,11885ms
110001001100001010000100100000000000,000000010010000000110011001100000001,000000100001000101001000010010101000,001110000000110000000000000001010110,113,64710ms
001110010000001000010000001000010001,000000000010010111101000000100100000,010001101000100000000001000010001100,100000000101000000000110110001000010,75,35994ms
001101010001011000000001001000000000,100000001100000101100000000100000011,010000100000100000010010000011010100,000010000010000010001100110000101000,81,22101ms
001010101000010000100001010000000001,100000010010001000010000001000110010,000100000000100111000010000011001000,010001000101000000001100100100000100,41,8986ms
110110100000100000000000001001001000,000000010110001011000011010000000000,001000000001000000111000000010110100,000001001000010100000100100100000011,177,634ms
101001010100000001101000010000000000,000100001000110000000001100010001010,000010000011001000010010000001100001,010000100000000110000100001100010100,157,431ms
000111101000000000001010000100001000,010000010001010001110000001000100000,001000000000001100000000110011010100,100000000110100010000101000000000011,75,28248ms
101010011010000000000100001010000000,010000000000010000101001100000011010,000001000100000101000010010101100000,000100100001101010010000000000000101,157,563ms
110001110000000000010000010100100000,000000001000010000100110100010001010,000010000100001110001001001000000001,001100000011100001000000000001010100,142,17481ms
100001001000000000101010000110100000,001100000010000001000100001000000111,010000110000011100010001000000010000,000010000101100010000000110001001000,157,849ms
101111100000000000010000000000010100,010000000000000010100010000011001011,000000001000111001001100101000000000,000000010111000100000001010100100000,147,7385ms
101100100010100001000001000000000010,000011000100000000100010000010110001,000000010000001100010100101100000100,010000001001010010001000010001001000,122,4784ms
011001100100000000000001100000100001,000010000001000000100110010101000010,000000010010011101010000001000000100,100100001000100010001000000010011000,61,7952ms
111000001110000100000000001100000000,000000000001100000110000100011000101,000001000000001000001101010000011010,000110110000010011000010000000100000,142,1328ms
010011100000000100001000000000011010,101000000000000001010110000011100000,000100000011110000000001100100000001,000000011100001010100000011000000100,61,11856ms
000100011100000100000001001000100100,100000000010000001101100000010010001,001000100001010010000010010001000010,010011000000101000010000100100001000,24,783ms
010111100000000001000000001010000010,000000001110011000000010000101000001,001000000001000100100100110000011000,100000010000100010011001000000100100,93,18669ms
110111000100000000100100000000000010,000000100010000010000010100011001001,000000000000100100001001011000110100,001000011001011001010000000100000000,163,3682ms
100101001010000100010001000000010000,010000100000000000000100111001000110,001000000100011010100000000110000001,000010010001100001001010000000101000,140,651ms
001101110100000000000000000011010000,000000000010001001100000101100000011,010000000000110100001111010000000000,100010001001000010010000000000101100,96,19559ms
100111010000000000001000001010001000,011000000010010110100000000000000101,000000001100001000010001100100010010,000000100001100001000110010001100000,153,512ms
010110001010101100000000000010000000,101001000000000001011001100100000000,000000010001010000100100001001001001,000000100100000010000010010000110110,77,23572ms
111011100000001000000000100100000000,000100010010000000000010001000111010,000000000001010101111001000000000001,000000001100100010000100010011000100,157,1528ms
011000101000011000010000000100001000,000100010010100001001100010000000010,100010000100000010000001001001110000,000001000001000100100010100010000101,150,2547ms
100111110000000000010100000000010000,001000001000010101100000001001000001,010000000100001010001000100000101010,000000000011100000000011010110000100,154,8571ms
110111110000100010000000000000000000,000000001001010100000001101000000110,001000000000000000101100000110111000,000000000110001001010010010001000001,177,1982ms
011101111000000000001000000100000000,000010000011000010010001000001001001,100000000000000001100100110010010100,000000000100111100000010001000100010,157,174ms
111010010010010000100000000001000000,000100001000100100000001111100000000,000000000100001010011000000010101001,000001100001000001000110000000010110,157,720ms
001100100001000011100000010000000001,000010000000000000001100101010011100,110000011000110100000010000000000010,000001000110001000010001000101100000,124,37607ms
010001100000010000000100001100000101,001010000000000111100000100001100000,000100001011100000001000010010000010,100000010100001000010011000000011000,55,1514ms
010011010000000000000000111000000011,000000000001011100011100000010100000,101000001100000011100001000000010000,000100100010100000000010000101001100,143,7976ms
000111100101001000000100000000001000,100000010010100000001000001010000011,010000001000010011000010000001010100,001000000000000100110001110100100000,92,12064ms
100101000000100000010000000100111000,010000100010000010000010100001000011,000000010101011000101001000000000100,001010001000000101000100011010000000,123,7870ms
111000110000010000000010000010001000,000010001110000000000000010101100001,000101000000101001100001001000000100,000000000001000110011100100000010010,129,10831ms
101101000010010000001000001000000010,000010010000000001000101100110100000,010000000101000000110000000000011101,000000101000101110000010010001000000,144,416ms
111101001100000000000001000100000000,000000110001001110010010000010000000,000010000000000001001100001001101100,000000000010110000100000110000010011,151,300ms
010101011100000010000000100100000000,100000000001011000011001000000001010,000000100010000101100000001011000100,001010000000100000000110010000110001,112,2514ms
111101110000000000100000100000000000,000010000101100000000100001110100000,000000000010011000011000010000001110,000000001000000111000011000001010001,157,280ms
101110010000010000000010001000000001,000000001000101001110000000110000100,000001100110000010000001100001001000,010000000001000100001100010000110010,152,1287ms
010001101000000000000000000000011111,100100000110000110000001000101000000,001000000001100000110010110010000000,000010010000011001001100001000100000,85,31531ms
101011010010100000000000000010000100,010000100100001000101101000000001000,000100000001010111000010100000010000,000000001000000000010000011101100011,102,88228ms
101010001000011000000000000110000100,000000100000000110110010001000001010,010001000001100000001100100000110000,000100010110000001000001010001000001,144,1183ms
010111000000000010100000000100010001,001000010010000100000100010001001010,100000101001101000000001000010000100,000000000100010001011010101000100000,162,1906ms
111010110001000000000001100000000000,000101001100000000100010001000000011,000000000010111100000000000000111100,000000000000000011011100010111000000,115,84729ms
010111001100000001101000000000000000,000000100011000000000000010001100111,001000000000010010010010100100011000,100000010000101100000101001010000000,142,5922ms
010011111000000010000000000000001100,001000000001100001001000000110100010,000000000100010000110010100001010001,100100000010001100000101011000000000,97,103160ms
101011111000000000001001000000000000,000100000000011100110000000001100001,010000000101000010000010001010000110,000000000010100001000100110100011000,144,1948ms
010100000010000100001000000011000110,101000001000100001000000010100100001,000011100001000010100001001000010000,000000010100011000010110100000001000,48,26998ms
000011010100000101000000000110000010,010000000000101010100000000001100101,001100101000010000001000001000011000,100000000011000000010111110000000000,96,38387ms
011101100010000001000100001000000000,000000010100110000110000000001010010,000010001001000000001010100010000101,100000000000001110000001010100101000,83,8825ms
010011011000000000000010000100101000,000100100000001001110001000011000000,100000000110010100001100110000000000,001000000001100010000000001000010111,146,7446ms
010011110000000000000011000000000011,100000000010000000110100010100010100,000100001100101000000000101001001000,001000000001010111001000000010100000,44,4335ms
111011000000000000000000011000110000,000100000011001011000000000011001000,000000110100000100011011100000000000,000000001000110000100100000100000111,157,17984ms
110100010000000000000101100101000000,001000000111000100100000010000001100,000010100000110010011000000010000010,000001001000001001000010001000110001,142,140ms
101111001000000001000000000000010010,000000110000000010000011001010101000,010000000010000100101100100100000100,000000000101111000010000010001000001,177,165ms
100010101101000100000010100000000000,010000010010100010010001000000110000,001101000000010001000100010100001000,000000000000001000101000001011000111,122,21581ms
100100101000000000000100001010110000,010010000001000110010001010000000100,001000010100011000000010000101000001,000001000010100001101000100000001010,126,6285ms
100101010000100001000000010011000000,010000100000000000010110001000010110,001000001110001000001000100100001000,000010000001010110100001000000100001,128,1503ms
001000100100010000000100011001010000,100001001011100001000001000000001000,000010000000001110100010100010000100,010100010000000000011000000100100011,16,4451ms
001011011000000010000000100000010001,010100000001000000101000011000100100,100000000100001001000001000110001010,000000100010110100010110000001000000,143,9593ms
100110000001101000001010000100000000,001000000010010101000001010010100000,010000110100000010000000101000011000,000001001000000000110100000001000111,156,4613ms
010011000010000001000000100010100100,100000010100110010100000000001001000,000100100000001100011010000100000010,001000001001000000000101011000010001,68,4331ms
101001101001000010000000000101000000,000000010010000100010101010010000100,000010000100011000001010100000001001,010100000000100001100000001000110010,138,1148ms
101111110000001000000000000100000000,000000000100000011111000000001000011,000000000010110000000110011010100000,010000001001000100000001100000011100,136,9224ms
000000111100010000001000000110001000,000000000000000111100100101001000001,010001000010101000010001000000100010,101110000001000000000010010000010100,68,3997ms
111010111000010000000000000000100000,000100000100100001100000000011000110,000000000010001000001100110100011000,000001000001000110010011001000000001,157,4083ms
101000100100000000100000101001000100,010010000010010010000011000010000010,000101001001000001000000000000111001,000000010000101100011100010100000000,128,5120ms
100011010010001000000010010000010000,010000100000100100101000000010001010,001100000001010001000000101100100000,000000001100000010010101000001000101,111,1591ms
000110101000110000000100100000010000,000001000001001000110000011000000011,100000010010000001000010000001101100,011000000100000110001001000110000000,88,7037ms
001001111000001000000000100010010000,000000000010110000101010010100001000,100010000000000100010001001001000101,010100000101000011000100000000100010,103,15321ms
010100011000000110000000000010100010,000010100011000001100001100000000001,101000000100010000001100001001000100,000001000000101000010010010100011000,140,13463ms
100111101000000000000000100110000000,010000000100110010000000010001101000,001000000010000100100111001000000001,000000010001001001011000000000010110,177,36ms
001111110101100000000000000000000000,000000000000010000001111000101010001,110000000000000100110000100000101100,000000001010001011000000011010000010,177,496ms
011101001000000000000001110001000000,000010000010001000000010000110001011,000000110000010001101100000000100100,100000000101100110010000001000010000,83,41465ms
011001111000000010100000000001000000,000000000001011001001100010100000001,100110000100100100000010000000001100,000000000010000000010001101010110010,177,143ms
110011010000000100000000100000000011,000100100001000000001010010010100100,000000001000110001110100000001010000,001000000110001010000001001100001000,143,1468ms
010001000100000010000001000010011001,000000110000001000101010001001100000,000010000010000101000100010100000110,101100001001110000010000100000000000,33,18351ms
101000011001010001010001000000000000,000101000000001000001000101001101000,010000000010000110000000010110000110,000010100100100000100110000000010001,157,4402ms
001010001100000000000100100011100000,000001000000001101001011001000010000,000100100001000010110000000100000011,110000010010110000000000010000001100,86,2052ms
001001010010001000000010100100000100,000010000000110000100000011001100001,100000000100000001001001000010011010,010100101001000110010100000000000000,103,29537ms
011011110100000000100000100000000000,000000001000111000000100000100110001,000000000000000001001011011001001010,100100000011000110010000000010000100,109,12477ms
101110000000001000000000001000101010,000000000101100110010000000011000001,000001110000010000001001100000010100,010000001010000001100110010100000000,102,18468ms
011000100100100000000010100000100100,000011001001000011001000001010000000,100100010000000000010000010100011010,000000000010011100100101000001000001,157,8897ms
111100100010000000010000000000011000,000000011000100000000101101000100001,000011000101010001000010010000000010,000000000000001110101000000111000100,157,575ms
000101000000010000000011001010100100,100010001011000010001000000100010000,001000000100100100000100100001001001,010000110000001001110000010000000010,21,3706ms
111101111010000000000000000000000000,000000000000000101001000101100110001,000000000000101010100011000011000100,000010000101010000010100010000001010,142,1090ms
100011100001000000000100100000010010,000000001000011100011000000010001001,000100010000000000100001011001100100,011000000110100011000010000100000000,99,15046ms
000001110000001101000001100010000000,000110001011010000000100000000110000,101000000100100000000010010100000110,010000000000000010111000001001001001,104,1841ms
110101000100010000010000100000000100,000000000000100101001110010001010000,000000101000001000100000000010101011,001010010011000010000001001100000000,136,1290ms
011010100000111000100000000001000000,000100010000000010001000001100000111,000001000001000101010100100010010000,100000001110000000000011010000101000,72,8452ms
011110101000000100100000000100000000,000000000000110011011000000010000110,100000010001000000000001110000101001,000001000110001000000110001001010000,177,72ms
000011110000001101000000000001010000,010100000000000010110100110000000001,000000000111110000001000000010100100,101000001000000000000011001100001010,34,76442ms
110011100000010000000001000101000000,000000010001000110001110010010000000,000100001010000001000000101000110100,001000000100101000110000000000001011,136,455ms
100001011001100000000010001000100000,001010000010000010001000010001010100,010100100100000001000101000000001010,000000000000011100110000100110000001,125,2471ms
010110010001000000000000010001000110,000000000010010000011111100000100000,100000000100001110000000001100001001,001001101000100001100000000010010000,156,19334ms
011110111010000000000000000100000000,100000000100011010100000000011000010,000001000000000100001110011000100100,000000000001100001010001100000011001,118,6716ms
111001101100000000000000100000100000,000100000000111010100000010100000001,000010010001000000000111000001000110,000000000010000101011000001010011000,136,4653ms
110000010001000001100101000000100000,001011100110000000000000010000000110,000100001000100100011010000110000000,000000000000011010000000101001011001,111,557ms
010110111001000000000001000000000010,000000000100100000000000001110110101,101001000010000000000110110000001000,000000000000011111111000000001000000,177,1299ms
000111111000000000100001000001000000,010000000100011011010000010000001000,001000000011000000001000100010010110,100000000000100100000110001100100001,84,9826ms
001011001000110000000000000000011100,100000000101000000000110101010100000,010100010000000010110001000100000010,000000100010001101001000010001000001,106,27311ms
000000010010100001101000010001100000,000111000001000000000101000000010110,001000101000011010010010000010000000,110000000100000100000000101100001001,46,2262ms
110000111000000001010010000000001000,000010000010010100001001001010010000,001001000100100010000100110000000100,000100000001001000100000000101100011,138,2438ms
000010110000001001000000100010001100,111000000011010000001000000100000010,000100000000000110000011000001110001,000001001100100000110100011000000000,0,507ms
111000100000010000010101000001000000,000001000000000100100010100110001001,000100000101100011000000010000100100,000010011010001000001000001000010010,131,7560ms
000111000000001010011010010000000000,001000010100000000000001101000101100,000000100000010001100100000010010011,110000001011100100000000000101000000,45,13066ms
001010011000000100100110000100000000,000001000000000001011000111000000110,000100100110000010000001000001010001,110000000001111000000000000010101000,96,23936ms
110000000000001110001100001000001000,000101100000010000000010010101000001,001000010010100000100001100010100000,000010001101000001010000000000010110,111,7548ms
010000100000000000011100001100110000,000100000000101000100001000001001011,000001010010000011000010010010000100,101010001101010100000000100000000000,29,34200ms
110000001000000011000010100100000100,001001100001010000100000011001000000,000100010000000100010001000010001011,000010000110101000001100000000110000,102,9488ms
110011011000000100000100100000000000,000000000000000010011010010100011100,000100100101100001000001000001000001,001000000010011000100000001010100010,157,2730ms
010001011000010100010000000010010000,100000000100001000100101110000001000,001000100001100010001000000000000111,000110000010000001000010001101100000,41,7296ms
011110010000001000000000000000010011,100000100010000010000110010001001000,000000001001000100111001000010100000,000001000100110001000000101100000100,103,11021ms
010001001001000110000011000000000100,000100000000110000000000111100010010,100000010000001001001100000000101001,001010100110000000110000000011000000,71,2214ms
110001100011100000000000000100100000,000000011000001100100001110000000100,000010000100000001000100000011011001,001100000000010010011010001000000010,157,580ms
011010110000010000101000000001000000,000100000011000010000101000000011010,000001001100001001000000100100100100,100000000000100100010010011010000001,113,2523ms
001101001010000001000000000010000011,010000100001000000011000000001011100,000010000100101100000110000100100000,100000010000010010100001111000000000,94,87165ms
000111001100000010100010000000000010,100000000000110001001001001000001100,010000000010001100010000010101010000,001000110001000000000100100010100001,112,8048ms
101010101000001001010000100000000000,000100010010000000000000010101110001,000001000000100010001101000000001110,010000000101010100100010001010000000,105,23925ms
011001101000000000000000001100010001,000110000100000100100111100000000000,100000000001011001011000010000100000,000000010010100010000000000011001110,149,223889ms
101111010000000010000000010000000010,000000000010000000101001100011011000,010000100000010100010100001100000001,000000001101101001000010000000100100,157,4626ms
000011111011000000000100000000100000,010100000100000000100011011001000000,100000000000011010001000000110001001,001000000000100101010000100000010110,112,15722ms
100000110001000010000001001001000010,010001001000000100010100010010000001,001010000100010001000010000100100100,000100000010101000101000100000011000,97,4731ms
111001111000100000000000000000000001,000000000011010000001010101100100000,000110000100000000100101010010000010,000000000000001111010000000001011100,177,129ms
011010101100000000000011000000100000,000000000011011110000100000101000000,100000010000100001011000010010001000,000101000000000000100000101000010111,142,15776ms
010001010100010000100000000101010000,100100001010000100010001000000000110,001010100001001000001000001010001000,000000000000100011000110110000100001,112,653ms
111001011000100000001001000000000000,000110100101000010000010100001000000,000000000010011101010000010000010001,000000000000000000100100001110101110,118,190493ms
001100101100110000000000010000000010,000000000001001000010001100110010001,100010000000000011101110001000000000,010001010010000100000000000001101100,119,269297ms
101001001000000100100000101000000100,000000010000101000011011000010100000,010000100100000011000100000100001010,000110000011010000000000010001010001,151,1604ms
101100111010000000001000000000001000,000011000000000101000010110100000100,000000000101111010110000000001000000,010000000000000000000101001010110011,157,1310ms
010000110000000000101000111000001000,001010000110000010010000000110010000,000001000000111101000000000000100110,100100001001000000000111000001000001,51,54394ms
011010111000000010000100000000000001,000000000000101101100001001010000100,100100000001000000010010010100110000,000001000110010000001000100001001010,157,290ms
100001100110100000000000000101000100,000000000001011100100001110000001000,001010001000000010010100000010010001,010100010000000001001010001000100010,132,17460ms
010110000000001000010100000100001001,001000000011000110001011000010000000,100001011100000001100000000000000110,000000100000110000000000111001110000,177,157ms
010010011000000010000000010100000110,000001000110001001000000101010100000,000000100000010100011001000001001001,101100000001100000100110000000010000,65,5510ms
100101011000000000000000001000110001,000010100110000100010011000000000100,001000000000100000101100000111000010,010000000001011011000000110000001000,157,2466ms
000010001010000100001101000010000100,001001000000000000010010111100100000,110000000001100011000000000000011010,000100110100011000100000000001000001,66,28250ms
010000011001100101100000000000000001,100110100100010000010100000000001000,000000000010001010000010110010000110,001001000000000000001001001101110000,23,34519ms
110100011001000000000100000010010000,000011100000000010100010010000000011,000000000100011100010000100100101000,001000000010100001001001001001000100,157,789ms
100110111010100100000000000000000000,000000000000010010001010110000010011,011001000001000000110001000011000000,000000000100001001000100001100101100,177,711ms
111101011000000000000000000001001000,000000100000000110000000011100010101,000000000101111000000101000010100000,000010000010000001111010100000000010,144,3037ms
100110001000000110000000001100000001,000000010000001000001110100001010010,011000000111110001000000000010000000,000001100000000000110001010000101100,177,1083ms
000001001000111000011010000000000100,100100100110000000100000001000010001,011010000001000000000001100011001000,000000010000000111000100010100100010,62,3854ms
010000101000001110000000001100000100,101001000000000000000111100000110000,000000010110100000101000010010000010,000110000001010001010000000001001001,83,8809ms
110101011100010000000000100000000000,000010100001000000010001010001000011,000000000010100100001110000010001100,001000000000001011100000001100110000,157,2851ms
001101000000100000000010100101000100,100000010110000011001100000000100000,010000001001010100100001000000010001,000010100000001000010000011010001010,92,7782ms
000100010110110001000000000101000000,000000000001001100010010010000101010,111001000000000000001101000000010001,000010101000000010100000101010000100,157,9566ms
110010111001000000001000000000000001,000001000000001001110001010001000010,000100000010110010000010001010010000,001000000100000100000100100100101100,119,3349ms
100100111000000010100000001000000100,000010000001010000010100000010110001,011000000000100101000001110001000000,000001000110001000001010000100001010,136,2170ms
001111111000000000011000000000000000,000000000100001110000011111000000000,110000000001010001000000000001011100,000000000010100000100100000110100011,177,845ms
100000001101000010000000100010000101,010100000010001000000111000100001000,001001100000000000110000011000110000,000010010000110101001000000001000010,132,11977ms
000110111100001000001000100000000000,001001000001100000100010001011000000,100000000010010000000000010000111101,010000000000000111010101000100000010,142,5252ms
011101110000000110000000000000100000,100000000110100000000010000000010111,000010000001011000011100000011000000,000000001000000001100001111100001000,79,10530ms
001110111000000000000000000000010110,110000000001101000000000001101100000,000000000110000001000111110000000001,000001000000010110111000000010001000,77,457ms
010110011000010000000010000001000001,000000000001001101000100011000110000,101001000010100000110000000000001010,000000100100000010001001100110000100,177,194ms
100101100000100000001010000000100001,010000000011000001100000000101001100,000000010000001110010001110000000010,001010001100010000000100001010010000,62,6020ms
100010001010101001101000000000000000,011100000000000000010101000110010000,000001000101010100000010000001001010,000000110000000010000000111000100101,114,38043ms
111001110000000001000001010000000000,000000000110100100001000001000010110,000100000001010000000010100101001001,000010001000001010110100000010100000,135,8421ms
011101101000000000001000001001000000,000000000010010000000011100000011110,100000000100001100110000000010100001,000010010001100011000100010100000000,157,1947ms
110011110000000000001100000001000000,001000001100100000110000101100000000,000000000010010011000010000010101001,000100000001001100000001010000010110,110,14331ms
101011110000000000000000100100100000,000000000001010101110110000001000000,010100001100000000000001010000011010,000000000010101010001000001010000101,157,288ms
111100010000000001001010001000000000,000000001110010100010001100000000010,000010100000000010100100000110011000,000001000001101000000000010001100101,157,384ms
110111111000000000000000000000010000,000000000100100001011000010000100101,001000000011000010000000001111001000,000000000000011100100111100000000010,177,71ms
110011000001000000000001000101010000,001000001100010010100000011000100000,000100100000100001011010000000001100,000000010010001100000100100010000011,113,7273ms
011010001000011010000000001000000001,000000110100100000010101010000000100,100000000011000000001010100010010010,000101000000000101100000000101101000,133,22419ms
100100010001000100010000010000001010,000000001110100001100101000010000000,001001100000010000000010101100100000,010010000000001010001000000001010101,108,8688ms
011011111000000000000000000001010000,100000000010000010010010000100101001,000000000100011000100101101000000010,000100000001100101001000010010000100,90,45990ms
000000000111001000000100000010011010,000100101000000100100010101000000001,101001000000000001011001010001000000,010010010000110010000000000100100100,82,130754ms
111110011000000000000100000000001000,000001000100000011010010001001000001,000000100000100100000001010010100110,000000000011011000101000100100010000,140,4288ms
010111110000000000010000001000000100,100000001101000001100100000010001000,000000000010000100000010110100010011,001000000000111010001001000001100000,112,11894ms
100111001001000010000000010000001000,000000100000101001011000001101000000,001000000000000100100110100010000011,010000010110010000000001000000110100,137,7261ms
101101100000001000000000101000000100,000000001000010110010010000000110001,000000010001000001101000000110001010,010010000110100000000101010001000000,157,1079ms
100110101011000000100000000000100000,000000000100100001001100011100000010,011001000000011100000000100000001100,000000010000000010010011000011010001,147,5313ms
100100011100000001000100100100000000,010000000001100000110001000000001011,000011000010001000000010010010100100,001000100000010110001000001001010000,140,115ms
000010101001001010010000000000010001,010001000000000100000011101101000000,000100010100000001001100010010100000,101000000010110000100000000000001110,24,1098ms
010010111000001100100000000000000010,101000000010000001010000110000011000,000100000000010010000101000110100001,000001000101100000001010001001000100,82,6138ms
100000011010010000101001001000000000,010000100000001010000010100010001001,001110000100000001010000010001010000,000001000001100100000100000100100110,150,3050ms
001100011000000000001000100000011100,010010000000010100000101000111000000,000000000111001010100000011000000001,100001100000100001010010000000100010,45,1725ms
101000010000100000101010001000000001,000101001000000100000000110001110000,010000000001000000010101000110001100,000010100110011011000000000000000010,131,29006ms
000110000000010010001111000100000000,100000010001000001000000010000101101,010000001100100000100000100010010010,001001100010001100010000001001000000,100,15814ms
111100001010000000000000000110001000,000000100000010000000111110001000001,000000010000000111101000000000100110,000011000101101000010000001000010000,157,909ms
011000011000101000000100010001000000,000100000100000110111000000010000010,000000000001010001000001101000011100,100011100010000000000010000100100001,38,8321ms
110100000100100010000100000100000100,001000010010010001101001000000000010,000000100001000100010000111001000001,000011001000001000000010000010111000,121,13635ms
001001101000000000100001100110000000,100110000010000000000000001000011011,010000010000010111001000010000100000,000000000101101000010110000001000100,96,8628ms
000001011100100000001100001000000001,000000100000011011100000000011010000,000110000011000000000000010100001110,111000000000000100010011100000100000,62,11870ms
000001010010001110100000000000000011,101010000001000000000000001101001100,010000100100000000011010010000110000,000100001000110001000101100010000000,61,9673ms
001100010010011100000100000000010000,000000000100000000110010100001100011,000001001001100010000001001010001000,110010100000000001001000010100000100,15,5144ms
110111100011010000000000000000000000,001000000000001001100000010010010110,000000011100000110000010100000001001,000000000000100000011101001101100000,177,121ms
000011001000010000100001000110001000,010100000100101001011000000000000010,101000010011000010000110000000100000,000000100000000100000000111001010101,136,3354ms
010100110010001010000011000000000000,100010001000000100100100010000001100,000000000000110001011000000011100010,001001000101000000000000101100010001,53,31910ms
100011000100000010000000000010001101,000000011001110001000001010100000000,011100000010001100111000000000000000,000000100000000000000110101001110010,157,2238ms
100110011000100000000000001001001000,000000000001010001100110110000000100,000001000110000110011001000000100000,011000100000001000000000000110010011,113,124955ms
101011101010000000010000000000000001,000100010000011000001100001010000010,010000000100100100000001110101000000,000000000001000011100010000000111100,157,70ms
011000001000000111001000110000000000,000100010010010000010100001001000100,100011000001000000000001000010010011,000000100100101000100010000100101000,113,20585ms
001111000000000101011010000000000000,000000010100010010000000011011001000,110000001001100000000001000100010010,000000100010001000100100100000100101,163,2894ms
111000011010000000001000000100001000,000100000000000001010000101001110001,000001000000110110000101010000000100,000010100101001000100010000010000010,139,2594ms
111111011100000000000000000000000000,000000000000001010100000010111000110,000000100011110101000100000000001000,000000000000000000011011101000110001,177,60ms
001100110000000001010110000100000000,100000001001100010000000110001000100,000000000000000100001001001000111011,010011000110011000100000000010000000,45,21298ms
011001000000010001100000000001010001,000110000001000100000010011110000000,000000111010000010011100000000000100,100000000100101000000001100000101010,62,4198ms
000001101011100100011000000000000000,000100010000000000100011000001110001,111000000000000000000100101100001010,000010000100011011000000010010000100,140,57875ms
010011001000100001000000000111000000,000000000011000010001001011000100010,100100110100000000100000000000010101,001000000000011100010110100000001000,157,133ms
011011101000010100000000000000100000,000000000001001000001010010011010010,100100010000100001100000001000001001,000000000110000010010101100100000100,145,10977ms
011111000100000000010001000000000001,000000100011000100001000001010000110,000000010000000001100110110001010000,100000001000111010000000000100101000,125,17273ms
111110010100000000000000000100000001,000001100000100100010000001000011100,000000001011011000101000010000000010,000000000000000011000111100011100000,177,148ms
001001100000000011110000001000001000,100010000100011000000010110010000000,000000011011000000001001000001000110,010100000000100100000100000100110001,44,11889ms
100100110000010001010000000100000001,000001001010000100100000011000010010,000000000100101000000111000011100000,011010000001000010001000100000001100,113,3253ms
000010100100000110000000000000100111,000000011000000001101001101000010000,011001000000100000010100010110000000,100100000011011000000010000001001000,91,53181ms
110001101000100001000000000000100100,000110000100000010011010100000000001,000000010011000100000100010101000010,001000000000011000100001001010011000,136,6443ms
110110001000000000000000101100100000,001000110001001000001000010000000110,000001000110010000110000000001010001,000000000000100111000111000010001000,156,2134ms
111001000001000001100000001001000000,000100110100000010000001100010100000,000010001010011000011000000100010000,000000000000100100000110010000001111,144,223ms
101001011000000101000000100100000000,000000000110111010001100000000010000,010010000001000000000001011010100001,000100100000000000110010000001001110,132,22169ms
000000101001110000000001100100010000,100000010110000010100000010011000000,011010000000001001001000001000001010,000101000000000100010110000000100101,52,1281ms
111001010000000000010101000000000001,000100000100101000100000001000011100,000010000001010101001000000011100000,000000101010000010000010110100000010,114,6428ms
100101110010000000000100000000000101,000000000101011000001000010100100010,000010001000000011100010101010000000,011000000000100100010001000001011000,106,4369ms
010010001000100010100000100100000010,000100100001001001010110000000001000,100000000000010100001001011000010100,001001010110000000000000000011100001,103,53483ms
110100111000000000000000000001110000,000000000100110000101101101000000000,001001000010001101010000010100000000,000010000001000010000010000010001111,157,3288ms
001011110000010100000000001000001000,100000000010000000000000000111100111,000000001001101001100110000000010000,010100000100000010011001110000000000,55,250277ms
100001110000000100000000110000010001,000110000100000001101010000010001000,000000001001001000010001001100000110,011000000010110010000100000001100000,98,1888ms
100011110100010000100000000000000010,010000001001100001001100010001000000,000100000000001100000000101110010100,001000000010000010010011000000101001,133,1256ms
111111101000000000000000000000000001,000000010011000100000000011100100100,000000000100000000011110100001001010,000000000000111011100001000010010000,156,1758ms
010111011000010000000010000000001000,000000000100000001100101110110000000,001000100000101100001000000000100011,100000000011000010010000001001010100,70,19874ms
110110011000000000000000000100110000,000000000010101001100110001000000010,000001100100000100010001010001001000,001000000001010010001000100010000101,177,243ms
011111100000001000000000010000000001,100000010001000000101100001000011000,000000000010010110000010000101100100,000000001100100001010001100010000010,115,86321ms
001111100011000000100000010000000000,010000001000000100011010000010010001,100000010000100010000100100100000110,000000000100011001000001001001101000,159,7713ms
110101010100000000000000000011000001,001000000000001001101000000000111100,000000100001010100010100111000000000,000010001010100010000011000100000010,136,3969ms
101101101001000000000000000001000010,000000000000010010100001100000111001,010000000100100001000010001110000100,000010010010001100011100010000000000,157,3048ms
101000110000010000000000010110000100,000110000100001001110010000000100000,000001001010100100001000101000001000,010000000001000010000101000001010011,113,14724ms
010011101000001000000100010000100000,000000010001000010000010100001010101,001000000100000100011001001010000010,100100000010110001100000000100001000,79,5133ms
010000001100100010001000001010000001,000001110010000000000100000100101010,001100000001001101000010100001000000,100010000000010000110001010000010100,46,12945ms
000001111000010001010100000100000000,111010000000001000000000101000001001,000000000001100100101000000001100110,000100000110000010000011010010010000,33,9391ms
010010000110000000100000100010110000,000001011000010011000100000100001000,101100000001000100001000001001000001,000000100000101000010011010000000110,142,108ms
101010110000000000000100001000100100,010000000101000000011001010100010000,000001001010010001100010100000000001,000100000000101110000000000011001010,136,12611ms
110010110100000000000001000100000010,000001000010001100011000000001011000,001000001000010011100000001000100100,000100000001100000000110110010000001,157,30ms
000111011010000000001000011000000000,001000100100100100000001100100010000,000000000000010010100100000010101101,110000000001001001010010000001000010,84,17499ms
011001001000000101000000001010100000,000000110100010000101010000100000010,000100000001101000010001010000000101,100010000010000010000100100001011000,56,2585ms
011111110000000000000001000000000001,000000000100000011101100101000001000,100000000010011000010010000101000100,000000001001100100000000010010110010,177,551ms
101101111000000000100000000000000010,010000000000010100010101001001010000,000000000001000001001010110010100001,000010000110101010000000000100001100,136,2584ms
001101111010000000000000000000001010,010010000100100100000010100100100000,000000000001010010000001011001010001,100000000000001001111100000010000100,53,17187ms
001010100000010000000010100100000101,000100001001101000110000000010010000,110001000000000001001101001001000000,000000010110000110000000010000101010,125,10015ms
011100101000000001100100000000000100,000010000111011010010001000000000000,000001010000100100000000110100011000,100000000000000000001010001011100011,88,204164ms
101100010110001000000000000010010000,010011000000000011000100101001000000,000000000000010100111000010100100010,000000101001100000000011000000001101,143,2607ms
001001011001000000100100000000100100,110000000100101010001000100000000001,000010000000000100010011000110011000,000100100010010001000000011001000010,81,5840ms
001100000001000010001000000000011011,100001000000000000100011110001100000,010010110100000001010000001100000000,000000001010111100000100000010000100,93,19290ms
000111010100110000001000000000000001,000000100011000011000011000010000100,000000000000000100110100110000110010,111000001000001000000000001101001000,71,39718ms
110110010000010000001000001000010000,000000000000001100000101110001001100,001000000011000011000010000110000001,000001101100100000110000000000100010,177,392ms
000010010100001000001000011001100000,101100000001010010100000000000011000,010001000000000100000011100100000011,000000101010100001010100000010000100,45,782ms
101101110110100000000000000000000000,000010000000011100011000001110000000,000000000000000011100111100001001000,010000001001000000000000010000110111,140,1440ms
100011001000000010000100001010000100,000000000010101001010010100100001000,000000110100000000001000010001010011,011100000001010100100001000000100000,81,6937ms
010100001000100100001000000100000101,001000100101000000000001000010011010,100010000010010000100110110000000000,000001010000001011010000001001100000,138,30484ms
101011100010000001000000000001010000,000100000100001010000000101010101000,010000011001000000010011000000000011,000000000000110100101100010100000100,134,6454ms
110000110000000001000101001000001000,000011000100100000001010000000110001,000000001011001000110000010110000000,001100000000010110000000100001000110,157,175ms
110101110000001000000000000000010001,001000000011100000000001110101000000,000000001000000011110010000010100010,000010000100010100001100001000001100,146,613ms
010010010100000000100000100100100100,000001100001011000011000000010001000,000000001000100110000100011000010001,101100000010000001000011000001000010,73,1325ms
101110001011000000000100000000000001,000001110000011101000000010000010000,000000000100100010100010101011000000,010000000000000000011001000100101110,177,15695ms
111111010000000000000100010000000000,000000000100011101101001000000100000,000000001011100000010000000001000111,000000100000000010000010101110011000,152,2782ms
010100100010000100100000000110010000,000010000000101010010100010000000011,100000011100010000001010000000101000,001001000001000001000001101001000100,157,81ms
000110001000001010100101100000000000,101000100000100100000000010100001010,000000010101010000001000001010000101,010001000010000001010010000001110000,66,21758ms
001000000001000001010010000010110010,010010010000001100001000001001000100,100100001110010000100000010000000001,000001100000100010000101100100001000,138,1028ms
100001000011000000000100011100100000,010010010100000000001001000011000010,000000000000111111000000000000011100,001100101000000000110010100000000001,56,30447ms
111011111000001000000000000000000000,000000000000100110001010000011010100,000100000110000000010000110100000011,000000000001010001100101001000101000,157,82ms
001011010000000000101001010000001000,000000100001011100010010000100010000,010100001010000010000000001010100100,100000000100100001000100100001000011,108,19270ms
000100101000000001001000000100010011,100010010000101110000000000000100100,000000000001000000110101001011001000,011001000110010000000010110000000000,0,72029ms
011011100000001010000100000000001000,000000001100010100000000100010100110,100000010000100001011000001101000000,000100000011000000100011010000010001,157,170ms
110110000000011110000000000000000001,001000100100000000001010000000111100,000000000011000000110001110100000010,000001011000100001000100001011000000,177,2722ms
100011111001010000000001000000000000,010000000010001111000110000000000001,001000000000100000110000011001001100,000100000100000000001000100110110010,157,3923ms
011011011000000000001000001000010000,000100000000011100110001000001001000,100000000101100010000010000010000011,000000100010000001000100110100100100,148,7507ms
001011101000000010100010001000000000,000000000000001101011000100000010101,010100010101000000000101000100001000,100000000010110000000000010011100010,117,14616ms
100100000100000011100000000100010001,000010010010101000010001010001000000,000001101001000000001010101000000100,011000000000010100000100000010101010,122,11459ms
001000110000001000110001000010000001,000000000000110110001000000101101000,000001000110000000000110100000010110,110110001001000001000000011000000000,62,40137ms
011110000100010000100010000000000010,000001101000000100000100100100010001,000000000001101001011000010000001100,100000010010000010000001001011100000,113,8561ms
011101000000100000000001010000100010,100000000010010010001100000001000101,000000101101001001010000001010000000,000010010000000100100010100100011000,73,9671ms
011111101000000000100000000000100000,000000010100101110000010010010000000,000000000001000001001100101001000110,100000000010010000010001000100011001,119,20336ms
101111011101000000000000000000000000,010000000000001000110101011000001000,000000000000100000001010000111010011,000000100010010111000000100000100100,170,11819ms
100111111000000000000001000010000000,000000000100010100100100000100011010,010000000011000010000000011001100100,001000000000101001011010100000000001,162,520ms
010001110000011000000010000000001100,001000001111100000001001000010000000,100010000000000100100000110101100000,000100000000000011010100001000010011,146,2187ms
110101101000000000000100001010000000,001000000011100000000000010000010111,000000000000011010111000100000101000,000010010100000101000011000101000000,157,1308ms
001101011000000000000010000111000000,000000000001000001100001000000110111,100000100010101010011000010000000000,010010000100010100000100101000001000,133,17929ms
111110110000000000001000000001000000,000001001010000101000011000110000000,000000000101101010000000101000010100,000000000000010000110100010000101011,147,5128ms
000010000000000001110100100001110000,000101100000110110000001000000000010,111000010011001000000000000000001001,000000001100000000001010011110000100,129,28842ms
011100000100001000010000001010001000,100000011000010001101000000100000100,000010000001000010000101110000000011,000001100010100100000010000001110000,47,1145ms
111001100000000010000010000001000100,000010011000000000101000110010100000,000000000010101100000101000100011000,000100000101010001010000001000000011,119,67561ms
110011111000000000000000010000001000,000100000100001001000000001111100000,001000000000000110111110000000000001,000000000011110000000001100000010110,157,254ms
101110011000100000000010010000000000,000000000000000101011000100100110001,000000100000011010100100001010000010,010001000111000000000001000001001100,156,10268ms
010010101010101000001000000000000010,101001000000000000010101000100001100,000100010000010000000010011011100000,000000000101000111100000100000010001,43,39852ms
010110101100000000010000000001001000,000000000000000010001111001010110000,001001010011110000000000010100000000,100000000000001101100000100000000111,119,18578ms
010101100000010000000001000000101010,000000011010001100011000010010000000,000000000101000011100100001001010000,101010000000100000000010100100000101,73,18421ms
111000101000001010000000000000000110,000110010011000100100000000001010000,000001000100110000010011101000000000,000000000000000001001100010110101001,144,27423ms
110000101000100010011000100000000000,000001000010000000100000011010001110,001010000100010101000110000000010000,000100010001001000000001000101100001,150,12697ms
100011101000000000000001100001000010,010000010000011010110010000000000100,001000000010100001000100010100101000,000100000101000100001000001010010001,103,20290ms
111000010000010000000001001000011000,000111001000000000000100100011000001,000000000100100110110000010100100000,000000100011001001001010000000000110,137,17727ms
001110001010000000011100000000010000,010000010001001011000000010001001000,000001000000100100000000100110000111,100000100100010000100011001000100000,72,32200ms
100000100001010001001010000010000010,000010011000100000000101010000010100,000001000110001000000000101100100001,011100000000000110110000000001001000,93,307ms
010101010001000001000000000010010100,101000000110010000010000010001000001,000000101000001000001101101000000010,000010000000100110100010000100101000,56,17620ms
101010100001000001000011001000000000,000000001110100000001100000010001001,010100000000001110000000100101000100,000001010000010000110000010000110010,128,6368ms
011010010000000100001100001000100000,000100100000100010000010000011000101,000001000110000000100000100100011010,100000001001011001010001010000000000,108,77690ms
100000101000010010000000000111000100,000010010101101000000001000000100001,011000000000000100110010100000011000,000101000010000001001100011000000010,157,7751ms
101111101000000001010000000000000000,010000000000010110000101100000010100,000000010111001000100010000011000000,000000000000100000001000011100101011,177,98ms
000000011110010100110000000000100000,000101000000000010000010001100010110,011000100000101000001100000010000001,100010000001000001000001110001001000,100,7247ms
001000010011000000000001010010110000,000000000000111101000010101000000010,100100100000000010111000000000001001,010011001100000000000100000101000100,88,5764ms
101100101000010000010000000100000100,000000000000000110100010010001101010,000000010100101000001101100000000001,010011000011000001000000001010010000,125,7761ms
000100100010000100001000000100011100,011000000000000001010011001000100010,000010001101010010000000000011000001,100001010000101000100100110000000000,33,132835ms
001010111000001000000000001010100000,000100000101100010000000000101001001,010000000010000000100110100000010110,100001000000010101011001010000000000,60,87971ms
110100110001100000000100010000000000,000010000110000001010001000000001110,000000001000010010000010100011110000,001001000000001100101000001100000001,105,7903ms
001000011011100000000010100000000001,100100100100000100010100001010000000,010001000000001000000001010101001010,000010000000010011101000000000110100,52,4376ms
101010010000001000000010100010100000,000100000100000101001101000100000001,000001101000100010100000001001000010,010000000011010000010000010000011100,107,1908ms
001110101000000000001000001010000100,100000000001110011100001100000000000,010001010010000000000110000000011010,000000000100001100010000010101100001,91,66880ms
110000100000000101001010000010001000,000000000011111000000101100000000100,001110010100000000000000001001110000,000001001000000010110000010100000011,161,1025ms
000100001000001000101000101000010100,010000010100010100010010000100001000,100000000010100011000100010000000011,001011100001000000000001000011100000,58,20920ms
000101111000001001000000000010010000,000000000100000010011000010001001110,100010000001010000100101000100000001,011000000010100100000010101000100000,126,9748ms
010111111000000000000000000001000001,001000000000111010000010010000010010,000000000011000101000000001010101100,100000000100000000111101100100000000,111,35469ms
100110010000001001000010100100000000,010001001010100100100000000010010000,001000100000010000000101000001101010,000000000101000010011000011000000101,110,8603ms
110010101000100000010010000010000000,000001000001000000000000110101001110,000100010100000011101000001000100000,001000000010011100000101000000010001,157,773ms
111011010000010001000010000000000000,000000001000101000000001011010100100,000100100110000010101000000000011000,000000000001000100010100100101000011,157,203ms
110001000001010000000010011000000100,001110000010000101101001000000000000,000000011100101000000100100000010001,000000100000000010010000000111101010,94,68039ms
101001000100000000100000011001010000,000000001000100111000010000100100001,010110010010000000011000000000001100,000000100001011000000101100010000010,177,90ms
001101101000000100100000010000001000,010010010001010000001000100000000110,100000000100101001000001000010110000,000000000010000010010110001101000001,137,12562ms
001000101100100010000001000000010001,010000010000010100110010101000000000,100000000011001000000000010110001010,000111000000000001001100000001100100,114,58957ms
101001100000100000000001000111000000,000100010101010000000000100000010101,010000001000000110010110001000000010,000010000010001001101000010000101000,154,1123ms
111011110000000000000000000001000100,000000000100100110100000100100010010,000100001000010001000010011010100000,000000000011001000011101000000001001,144,514ms
001110110000000000000100101000000010,000000000000111101001010000000100100,010001001110000000000001010101000000,100000000001000010110000000010011001,115,4336ms
011111010000000010010000000100000000,000000001001011000000010010011000010,100000000110100000100001000000111000,000000100000000101001100101000000101,177,210ms
001111101000100000000001000000000001,000000000111010010000100001001000100,000000010000001000100010010110010010,110000000000000101011000100000101000,113,6463ms
110100001000000010100000000010000101,000000110000001001000011010001000010,001011000000000100001000100100011000,000000000111110000010100001000100000,157,214ms
000010011010110000010001000100000000,000000100000000101100000110000010101,100101000100000000000000001010101010,011000000001001010001110000001000000,139,2281ms
010110110000000001100010000010000000,100000001000010000001001100101001000,001000000011101000010100001000010000,000001000100000110000000010000100111,88,17281ms
010010100010000001000101001000000100,001100000101011100000000010000000010,000001000000000010000010100010111001,100000011000100000111000000101000000,28,6084ms
110100101000000001000001000000010010,000000010000100010011000001001100100,001001000011000100100000010100001000,000010000100011000000110100010000001,150,484ms
000101101000000010000000100101100000,111000000010001101001000000010000000,000010000000000000100110011000011010,000000010101110000010001000000000101,67,10988ms
101000111001000001101000000000000000,000000000010101100010100000001010001,010100000100010000000001011100100000,000011000000000010000010100010001110,157,129ms
111000000000001010001001010000000100,000100000010010100000100100000101001,000010011000000000110010000100010010,000001100101100001000000001011000000,157,1066ms
010101111000100000000000100000000010,101000000000000100101001010010010000,000010000110000011000010000001000101,000000000001011000010100001100101000,75,31507ms
111100110100100100000000000000000000,000001000001000010101001000010100001,000000001000011000010010001001001010,000010000010000001000100110100010100,150,477ms
010010110010101010000000000000000010,100100001000000100100000001011000001,001001000100010000001011000000110000,000000000001000001010100110100001100,102,42572ms
011001011000100000000001000001010000,000000000001010000110000101100101000,100100000000000100001100010010000011,000010100110001011000010000000000100,142,25562ms
010000111000000000000000011000010101,001010000010001010000101000000001010,000000000001100101011010100000100000,100101000100010000100000000111000000,40,2618ms
010100111001001000100000000000000001,101010000000000000000000110100110100,000000000100000010011111000001001000,000001000010110101000000001010000010,71,28638ms
101100001000110000000000000001010001,000010010010001001000100100000001010,010000100000000100100010011010100000,000001000101000010011001000100000100,144,1905ms
001011000010000101000100000010000001,100100001000010000101010000000011000,000000110001000010010001001100000010,010000000100101000000000110001100100,55,2262ms
101110101110000100000000000000000000,000000000001010000010101000011000110,000000000000101011100010010000100001,010001010000000000001000101100011000,150,175906ms
111110001000000000000000000000101001,000000100110000000000101001011010000,000000000001101110011000010000000010,000001010000010001100010100100000100,137,13740ms
111101000000000000000110000000100010,000010000010000001010001100101010000,000000101000011100001000010010000100,000000010101100010100000001000001001,129,1388ms
000001100000000001100100100011000100,000000000110000100001011011000100000,010100000000111010010000000000010010,101010011001000000000000000100001001,40,21112ms
011001110000000000000000110110000000,100000000000010010000011001000110001,000000001111100101000000000000000110,000110000000001000111100000001001000,116,2770ms
011000000000000001000010100110010010,100000001100001000111000000001100000,000100110001110010000000000000001001,000011000010000100000101011000000100,77,11453ms
010000000000001010001000100110100010,100001000110100101000000000000001001,000010110001010000010001011000000000,001100001000000000100110000001010100,36,59710ms
101000000000010000001000000010011011,010110010010000000110000001000000100,000000001001000110000101010001100000,000001100100101001000010100100000000,34,3066ms
000000110010010000001001000101001000,011011000001000101100000100000000000,100000001100101010010000000000110000,000100000000000000000110011010000111,83,77671ms
110101111000000000100000010000000000,001000000010000010001011000001010010,000000000101110001000000000010100101,000010000000001100010100101100001000,143,2550ms
100010110000010000100001110000000000,001000001100001010010000000000100011,010100000010100100000000000111010000,000001000001000001001110001000001100,157,4707ms
000101001010010101000100000100000000,110000110000000000101011000000000100,001000000000101010010000001000110010,000010000101000000000000110011001001,35,9899ms
101010000000100010000001001100000010,000000001111001001000000110000000100,010101010000010000011100000000000001,000000100000000100100010000011111000,143,5542ms
011110001100001000000000000010000001,000001000001010000011100101001000000,100000010010100001100000000100011000,000000100000000110000011010000100110,177,418ms
110111001000010000010000000000100000,000000010111000000000100001001011000,000000100000101001100001010000000011,001000000000000110001010100110000100,150,1042ms
000111110000000001010010000000000010,000000001011011000000000011000010100,100000000100100100000000100001101001,011000000000000010101101000110000000,128,12258ms
111110111000000001000000000000000000,000000000001000110011000110000100100,000000000000111000000011001101000010,000001000110000000100100000010011001,163,1821ms
011111011000000100000000000000000001,000000000100110001000000111010100000,100000000001001010100000000101001010,000000100010000000011111000000010100,177,271ms
011001010000010000000010101000000100,000010000110001011100001000010000000,000000000001000100000100010101111000,100100101000100000011000000000000011,64,35195ms
110111011100000100000000000000000000,000000000001000011000010000110110010,001000000000111000011000100001000001,000000100010000000100101011000001100,172,665ms
000101110010100000000000100010000100,001000001100001110001010000100000000,010010000001000001100100001000011000,100000000000010000010001010001100011,75,7169ms
111101100000000000000000000100000110,000000001000101010100010001000110000,000000000011010000000101110001000001,000010010100000101011000000010001000,143,1653ms
110000011010000000000010100000001010,000000100100101010101001000000100000,001000000000000001000000010111010101,000111000001010100010100001000000000,104,51449ms
011100010000011000000010001100000000,000001000000100000110001100000111000,100010000100000110001000010001000001,000000101011000001000100000010000110,144,3303ms
011110011000000000000010000010001000,100001100010000000000000101100100010,000000000101010010000100010001000101,000000000000101101111001000000010000,98,95060ms
101110110001000000000000011000000000,000001001100010000000101100000100001,010000000010001001010000000100001110,000000000000100110101010000011010000,161,2353ms
111010001000000010000001010010000000,000001100010000000100000101000111000,000000010001010000001010000101000110,000100000100101101010100000000000001,137,6706ms
100101111000000010000000010000100000,001000000001100000100011001100001000,010010000000010100010100100001000100,000000000110001001001000000010010011,129,4101ms
001100001001000001001000000100010001,000000110100000010000100010010100010,010001000000001100110010001000001000,100010000010110000000001100001000100,95,4164ms
001110011000101000000010100000000000,010000000010010001101100000010010000,100000100101000010000000010100001100,000001000000000100010001001001100011,177,1995ms
010100010000000011100000000001100100,001000000101000000011001000100000011,000001100000111000000000101010010000,100010001010000100000110010000001000,56,1140ms
101100110010000100000110000000000000,000001000100011010000000001010100001,000010000000100000111001100000001100,010000001001000001000000010101010010,157,3902ms
111111000000001000000000010000010000,000000000101100000000111001000001100,000000101010000000001000000101100011,000000010000010111110000100010000000,177,1587ms
101010111000000000000000100100010000,000100000000001010010110000010000011,010001000000110001001000010001100000,000000000111000100100001001000001100,146,1209ms
100111011000000100000001000000010000,010000000001011001001000001000100001,000000000100100010010110100010001000,001000100010000000100000010101000110,132,11173ms
111101101000000000000010000001000000,000010000011010000001000100100001100,000000010000000011010101011000000001,000000000100101100100000000010110010,109,4264ms
000000001000101010011110000000010000,000010010000000101100001011100000000,000100100110010000000000100011001000,111001000001000000000000000000100111,19,19615ms
110001111010000010000000100000000000,000100000000100101111000000010000100,000010000001010000000110001101001000,001000000100001000000001010000110011,132,3922ms
100000010110100010000000010001000010,001001001000000100000011000100100100,010000100001001000101100001000001000,000110000000010001010000100010010001,114,13140ms
111101010000000000010000010000000100,000010001001010100000100100000000011,000000000110001000001000000101111000,000000100000100011100011001010000000,157,1759ms
110110110000000000000000000100100010,000001001001001100110001010000000000,000000000110000001001010001010000101,001000000000110010000100100001011000,177,10959ms
111111001000000000000000000000100010,000000010000001110010000111000000100,000000100000010001100011000110001000,000000000111100000001100000001010001,177,75ms
111100101000100000000000000000010010,000000000110010010001000001010100100,000010010000000000000001110101001001,000001000001001101110110000000000000,157,15153ms
110011101110000010000000000000000000,000000000000001001100110001100101000,000100000001100100010001100010000001,001000010000010000001000010001010110,157,1022ms
011100111001000010000000001000000000,100000000010011000110100000010000001,000011000000000100001001010000011010,000000000100100001000010100101100100,79,30827ms
011000010010111000000100000001000000,000000100000000000010011010100100110,000000001101000100100000101010001000,100111000000000011001000000000010001,77,51166ms
011011000001010000010000000001010000,100000101000100000001010100000100010,000100010010001110000101000000001000,000000000100000001100000011110000101,55,8477ms
011101011101000001000000000000000000,000010000000010110011000100010000001,000000000000101000100001011100100100,100000100010000000000110000001011010,113,18780ms
010101110000100000000100000010000010,001010000001000101001000010101000000,100000001100010010000001000000101001,000000000010001000110010101000010100,126,11240ms
010101001000001000010010100000000001,100000000001000110001001000110010000,001000110110000001000000000001100010,000010000000110000100100011000001100,116,20107ms
010001111010010000000000000010100000,001000000001000110001001010000000110,000010000100100000000100101101000001,100100000000001001110010000000011000,122,1168ms
101100011000000000000000000010101100,010001000100000000101100100100010000,000000000001001110010011011000000000,000010100010110001000000000001000011,114,125508ms
000011000110001001100000100000100000,101100001000010010000110001000000000,000000010000100000000001010011010101,010000100001000100011000000100001010,27,26998ms
011011001100011000000000000000010000,000100100010000100000100100001000110,100000010000100001110010010000000001,000000000001000010001001001110101000,157,4291ms
111110100001000001000000000000010000,000001000000010000101010101010100000,000000010010101010000000000101000011,000000001100000100010101010000001100,177,4531ms
001010000000001100101000001100000100,000101001001000000000000110010100010,110000000100000011010000000001010001,000000110010110000000111000000001000,143,1216ms
111111110000000000000000010000000000,000000000001000000110100000011010011,000000001010110100001010000000100100,000000000100001011000001101100001000,163,1093ms
000011011010000000000100001010100000,101000000000010010111000010100000000,010100100100100000000000100000001101,000000000001001101000011000001010010,80,5767ms
000100110110000100000000100000010001,001001000000000010011001000110000100,110010001001011000000110000000000000,000000000000100001100000011001101010,157,9933ms
001011100110100001000000100000000000,100000000000000100010000010100110101,000000000000011000101100000011001010,010100011001000010000011001000000000,70,145268ms
110110101000000000000010000000001100,000000000000000111101001100010100000,001000000100100000010000011101000001,000001010011011000000100000000010010,177,273ms
110101100010100010000000000000010000,001000011000000000100011001000101000,000000000000000101011000010110000101,000010000101011000000100100001000010,135,72796ms
001000111000000100110010100000000000,110100000000100000000001010100001100,000001000011010010000000001011010000,000010000100001001001100000000100011,70,21132ms
110010100000100000000000001011100000,000000000101001010101001100000000100,000100010000010100010110000100001000,001001001010000001000000010000010011,144,1978ms
111100111000000100100000000000000000,000011000010001010010100000100000100,000000000100110000000001001011110000,000000000001000001001010110000001011,157,761ms
011000111000000000010100010001000000,000010000011001100000000000010110001,100001000100000001000011000100000110,000100000000110010101000101000001000,150,8339ms
000101011000001001011000100000000000,000000000000010010000110010011000011,101000000110100000100001000000101000,010010100001000100000000001100010100,128,22603ms
011110110000000000100100000000001000,000001000101101010010000000000000110,000000000010000001001011000011010001,100000001000010100000000111100100000,130,24573ms
001000001110100000001101000100000000,100010000001000101010010000000100001,010100100000011010000000000001001100,000001010000000000100000111010010010,89,46744ms
100000000100000000011001000011011000,001010000000110101000010110000000000,000100010010000010000100001000000111,010001101001001000100000000100100000,58,4369ms
100111000000100010000010010000001000,010000100000000101100001001000000011,001000011110011000000000000101000000,000000000001000000011100100010110100,156,5803ms
101111111000000000000000000100000000,000000000001000010011010100000001101,010000000010111001000100001000100000,000000000100000100100001010011010010,177,69ms
001001000101100000100000000001100100,100000100010000110000000001000001011,010000010000010000011001110000010000,000110001000001001000110000110000000,78,7153ms
000101010010000000000000100000100111,100010000000000011000110001110000000,001000100000011000011001000001010000,010000001101100100100000010000001000,16,2969ms
100010111000000010110000000000100000,011000000001010000000001000101000011,000101000110000000001000111000000100,000000000000101101000110000010011000,129,3580ms
111000111001000000100000010000000000,000110000010010100010000100001000010,000001000100001001001001001010000001,000000000000100010000110000100111100,157,521ms
100100100100000011000000001100010000,000010000001010000111000100010000100,010000001010000100000110010001100000,001001010000101000000001000000001011,141,1561ms
111010011001000000000000100000000001,000100100010100000100011000010100000,000001000100010010001000001101010000,000000000000001101010100010000001110,157,1796ms
111111111000000000000000000000000000,000000000101001010100000110001001000,000000000000110000011101000000100110,000000000010000101000010001110010001,177,74ms
000110011000000100010000100010000010,100000000010010010001000010101100000,001000100000100001000100001000011001,010001000101001000100011000000000100,42,5716ms
100110100001000100001010000000000001,010001010100000000000000001001011100,001000000000110001000101100010100000,000000001010001010110000010100000010,85,7035ms
011110100000000000000000101010000100,000000001001100000111110000000100000,000000010010010010000001010001001010,100001000100001101000000000100010001,103,16256ms
100010011000000000100000100101000001,000000000000111000010001001000001110,011000100010000110001100010000000000,000101000101000001000010000010110000,150,9738ms
110110111000000000000100100000000000,000001000010001000100001001000011100,001000000100110110000000000110100000,000000000001000001011010010001000011,177,1185ms
110001010100011000001000000010000000,000100100000100000010101000000101100,001000000000000111000010011001000001,000010001011000000100000100100010010,133,1302ms
001101100000010000001000010000100010,100000000011000011010000000010001001,000000010100101000100011001000000100,010010001000000100000100100101010000,73,13716ms
001001110010000000100000100000000110,100110001001010100001000000001000000,000000000100001010010011000110001000,010000000000100001000100011000110001,92,4990ms
011101010000000110000101000000000000,000000100010100001010000100100100100,100000001101000000101010000000000011,000010000000011000000000011011011000,157,385ms
001111001000000000010110000001000000,010000000001110000100000001000010011,100000010000001011000000110010001000,000000100110000100001001000100100100,145,1401ms
011111001010000000110000000000000000,100000000001000011000001001100010100,000000100100110100000000010001001010,000000010000001000001110100010100001,137,1500ms
100010000000000000000011100001011001,001101101100000001000100001000000000,010000010011001100000000010000000110,000000000000110010111000000110100000,65,64913ms
010110100000010000000110000100000001,000000001011100010000001001001100000,001000000100001001111000000010001000,100001010000000100000000110000010110,142,716ms
101000101000000001001000000010010010,000010010000000010000110010100001100,000100000001111100100001000000000001,010001000110000000010000101001100000,118,5045ms
