build/simulation
110010000000110001001001000000000100,000101110100001000100100000010000000,000000001010000100010010100000001011,001000000001000010000000011101110000,81,2772ms
101111100000100001000000001000000000,000000000000000010010000110001011101,000000010101011100001100000000100000,010000001010000000100011000110000010,177,5041ms
000100011001001101000000000010000001,100010000000000000011000001000111100,010001100010000000000011110001000000,001000000100110010100100000100000010,71,49151ms
110001000010001000000100000100101000,000110001001010100010000010000000001,001000010100100000001011001001000000,000000100000000011100000100010010110,140,3804ms
001010011001100000100010000000001000,100100100000000010001000011010100000,000001000100011100010100100000000001,010000000010000001000001000101010110,65,14585ms
011100010001100000000010000001100000,100000000110010000000001011010010000,000000100000000111101100100000000001,000011001000001000010000000100001110,57,18037ms
111100010010000000000010010000010000,000000001001110000000100100100001010,000001000100001110011001000001000000,000010100000000001100000001010100101,141,2344ms
100111101000000100100000000000000001,000000000010101000010011000100101000,000000010001010000000100101000010110,011000000100000011001000010011000000,122,3388ms
000001111100010000000000010001100000,000000000001101111000010100000000010,111100000010000000100001000000010001,000010000000000000011100001110001100,151,1659ms
101000011000000011110001000000000000,010000100010010000000010000000100111,000010000101100100000100000100011000,000101000000001000001000111011000000,136,7545ms
100100011000001000000000000100100011,000000000100000011010001011010000100,000011100011100000000010100000010000,011000000000010100101100000001001000,119,14189ms
001001110101000000010000000100000010,100010000000001000001100111000000100,010100000000100010000001000010101001,000000001010010101100010000001010000,103,6009ms
110100011010000000000000100001100000,001010100001100000110100000000010000,000000000100001110001000010100000110,000001000000010001000011001010001001,136,16587ms
110001101010000000000001010000010000,000100000100000011100000000111000001,000000000001010000011010001000101010,001010010000101100000100100000000100,96,22937ms
000100100100100110000001000001001000,001000010011001000001000000000100011,100000001000010001010000100110000100,010011000000000000100110011000010000,85,20791ms
110000000011000000010100000001101000,001110110000000110000000100000000001,000000000100001001100000011000010110,000001001000110000001011000110000000,101,568ms
001001011000000010010000000001101000,010000000100111001100001000000000100,100010100001000000000100010100000011,000100000010000100001010101010010000,119,5755ms
100101001001000010000000010001010000,000000000000110001100010001010100010,010010000110001000010100000000001001,001000110000000100001001100100000100,123,6197ms
100010111000100000100010000000010000,000000000000001000011001000011001110,010100000001010011000000110000100000,001001000110000100000100001100000001,115,7651ms
100001001001000000001101000000100010,000000010010001101000010001000010001,011110000000100010000000110000000100,000000100100010000110000000111001000,132,4465ms
100110110100001000000000100010000000,000001000001000100001001001000101100,011000000010010001000100010100010000,000000001000100010110010000001000011,177,77ms
111011010000000010001000100000000000,000000001100000001010101001000010010,000100000001010000100010000111001000,000000100010101100000000010000100101,157,241ms
010001001100001000100001000000001010,000110110000100000001000000000010101,100000000011000010000100100101100000,001000000000010101010010011010000000,133,3323ms
010111000010111000010000000000000000,100000000000000011001100111000000010,001000000101000000100011000000111000,000000111000000100000000000111000101,136,177771ms
000011100000000100001000001001001100,100000001110000000010010110000000001,000000010001010000100101000110100000,011100000000101011000000000000010010,31,4667ms
100111111000100000001000000000000000,001000000000001100010100010000001110,000000000101000011100010000001010001,010000000010010000000001101110100000,177,461ms
101011001000010001000000000101000000,010100000000000000001001001010010101,000000010011001010100000000000101010,000000100100100100010110110000000000,119,63048ms
000100101000000010011000000101000100,110000000010100000100101000000100001,001011000001001001000000001010001000,000000010100010100000010110000010010,61,2818ms
001101101001000000110000000001000000,000000000000111001000110100000001001,100000010010000110000000011010000010,010010000100000000001001000100110100,119,2130ms
000000111100000001100000011010000000,000001000010010010000111100000001000,011100000001101000000000000001100010,100010000000000100011000000100010101,98,70869ms
000101101100000100010000000000101000,000000000000100011001011110001000000,110010010000001000100100000000010010,001000000011010000000000001110000101,157,871ms
111101100000000000001100000010000000,000010001000100000110000010001010010,000000000100011111000010000000001100,000000010011000000000001101100100001,119,4762ms
110011101001000000000000110000000000,001100000100101000000010000110000001,000000010000010000101101001001000100,000000000010000111010000000000111010,157,4568ms
011110011000100000010000000100000000,100001000000011000100000100001001001,000000100101000000000111001000000110,000000000010000111001000010010110000,118,12157ms
100111010000000010000100000100000001,011000100000000000000010110010000110,000000000000011001101001001001010000,000000001111100100010000000000101000,138,16601ms
001101001000000100000001000110000001,010000100100100010010010010001000000,100010000000001001101000100000010100,000000010011010000000100001000101010,154,1281ms
111001101000000011000000000001000000,000010000010111000000001010100000010,000100010101000100010000000000111000,000000000000000000101110101010000101,157,5352ms
000110100010001001000010000001000010,000001011000000110001001000100100000,001000000000100000000100110010011001,110000000101010000110000001000000100,44,2631ms
110001001000010000001010100000000100,000000010101000010010001010000010001,000010000000100100100000000110101010,001100100010001001000100001001000000,125,12039ms
100110000000100000100000001100010100,000000011000010100000101000000001011,001000000100000010011010100011000000,010001100011001001000000010000100000,162,1311ms
000100111000000000000001100000001101,001001000011000100000100001000110000,010000000000001011011010000100000010,100010000100110000100000010011000000,63,2021ms
001011111000100000000000010000000001,000100000100000001001010001111000000,110000000010001100010001000000001100,000000000001010010100100100000110010,157,1000ms
100011101010000000100011000000000000,010000000001001001001000100101000001,001000000000010000010000001010101110,000100010100100110000100010000010000,128,1850ms
110100110000010000000000001000000011,000000001100001011000100100000010100,000011000001000000100010000110101000,001000000010100100011001010001000000,157,545ms
010101010000000100100011000000000010,000000100110110011000000000010010000,001010000001001000010100001000100001,100000001000000000001000110101001100,87,98374ms
101110010000100000000001000000101000,000000101110001011100100000000000000,000001000001010000001000000111000101,010000000000000100010010111000010010,177,14745ms
001100110010000000000100000001001010,010010000000011100000010010010000001,000000001000000011000001101000110100,100001000101100000111000000100000000,20,1756ms
110100010000100001000000100000101000,000000000100001100000001011001010010,001010100000010000010110000000000101,000001001011000010101000000110000000,122,2518ms
111110001010000010000000000000000001,000001000100101001100000001100010000,000000110001000100010000010001000110,000000000000010000001111100010101000,142,3892ms
011011011000010000000110000000000000,100000000101000000000001111100010000,000000000010001111100000000010001010,000100100000100000011000000001100101,89,38740ms
101101100000010000000010000010000100,000000001000000010100000010101111000,000010000110101100001000001000000010,010000010001000001010101100000000001,136,21349ms
110001110000000000001100010000000001,000110000010010100000001100100000010,000000001000100011000010000010101100,001000000101001000110000001001010000,109,5693ms
111010011000000010100000001000000000,000100000010101001000100010000100100,000000100100000100011001000001011000,000001000001010000000010100110000011,157,164ms
110011001100000000000010000100000010,000000100010101000101000000001010001,001000000000000011010101000010001100,000100010001010100000000111000100000,157,214ms
111100110000010000000000000100000001,000010001100101000010000110000100000,000000000001000001000111001001001100,000001000010000110101000000010010010,123,20936ms
111111010000000000000000100001000000,000000001010001011000001000010000110,000000100000010000111010010000011000,000000000101100100000100001100100001,177,233ms
110101101000000001000000001000010000,000000010100000100011101000000100010,001000000011010000000010010100000101,000010000000101010100000100011001000,142,1318ms
011010011011000000000000100000000001,000000000100000111000101001100000010,000001000000111000110010000001001000,100100100000000000001000010010110100,82,46019ms
100000011001000000000001011000000101,000100100100100010010000100010000010,001010000010010001001000000101001000,010001000000001100100110000000110000,111,1860ms
001011011000011100000000100000000000,010100000001100001000010010000010001,100000000010000000100001001001001110,000000100100000010011100000110100000,112,17690ms
100100010000100000000101000010001010,000000001111000110010000000100100000,000011100000000000100010001001010100,011000000000011001001000110000000001,115,6126ms
110011111001000010000000000000000000,000000000000110000100010001011110000,000000000100000000011000110100001110,001100000010001101000101000000000001,157,919ms
101100001000000011001100001000000000,000001000000110100000010100001001010,010010010000001000110000010000010001,000000100111000000000001000110100100,157,615ms
100101110000000000000000000010110001,000010000101000100000110101000000010,001000000010001010010001000100001100,010000001000110001101000010001000000,157,3795ms
011111011000000000000001000000010000,000000100110100000001000100000001110,000000000001001111010110000000100000,100000000000010000100000011111000001,99,31054ms
000111101000000000000011100010000000,000000000000100000101100010001010101,110000000001000110010000001000001010,001000010110011001000000000100100000,133,28144ms
011110111000000000000100000000000010,000000000010010010001010001000101100,100000000001000001010000110110010000,000001000100101100100001000001000001,177,434ms
010001000100000000101100001100000001,000100000010100100010001010010100000,001010110001010001000000000000001010,100000001000001010000010100001010100,122,3084ms
000111111000000000010000010000000100,011000000001000000100011000101100000,000000000110001101001100001000000010,100000000000110010000000100010011001,68,26127ms
011010111000000001100000000000001000,000100000001000110000000011001000011,000000000010111000001101100010000000,100001000100000000010010000100110100,90,9264ms
011111010100000000000000000000000101,000000100000001110001011000100010000,000000000011000001010000100001101010,100000001000110000100100011010000000,111,40481ms
100010110000100000000100100000000101,001001000000001000001001010001010010,000100000000010100100010000110101000,010000001111000011010000001000000000,112,28454ms
011110101000000000110000000000100000,000001000011110101000000100000001000,100000000100001010001010000001000110,000000010000000000000101011110010001,177,344ms
001101111000000001010000010000000000,000010000110101000000011100000000001,010000000001010000000000001101011010,100000000000000110101100000010100100,78,36692ms
100000010001000010001000010000100011,001011000010000101000001000001001000,010100101000010000010000101000000100,000000000100101000100110000110010000,102,14553ms
010010011100000011010000000010000000,001000100001000100100001100001001000,000100000010001000001110001100100000,100001000000110000000000010000010111,92,2916ms
001110001110000000100000100100000000,000000100000010100010001001011001000,110001010001001010000000010000000001,000000000000100001001110000000110110,177,95ms
010000100100100010001000100000000110,001000001010010100000001000100110000,000001000001001000100100011010001000,100110010000000001010010000001000001,44,2996ms
011001100000000000000000101000011100,100010000010110100000000010000000011,000100000001001000101010000011100000,000000011100000011010101000100000000,92,8004ms
101111110000100000000000000000001000,000000000001000110001101000010000101,000000001000011000100010010101010000,010000000110000001010000101000100010,177,150ms
000111000000000000000010011000010011,001000100000000110010000100100101000,000000011001100001100101000000000100,110000000110011000001000000011000000,63,5166ms
110000010100001001001000001100000000,000011000011100000000001000000001011,001000100000010100110010100000000100,000100001000000010000100010011110000,157,1311ms
010000011100001000000010110000100000,100000000010000101000001000011001010,001100100001110000101000000000010000,000011000000000010010100001100000101,74,35420ms
010111111000000000010010000000000000,001000000001001000000100100100100110,100000000000010111100001010010000000,000000000110100000001000001001011001,177,916ms
010000000100100010000001100001010100,000100110001000000011100000000001001,100010000000010100100000011100000010,001001001010001001000010000010100000,125,280ms
100011011001000000010100000000000001,010100100000011000001000101100000000,001000000010000110000001010011010000,000000000100100001100010000000101110,78,24467ms
010011101000000000000000101000010001,001000000010000111110000000010100000,000000000100000000001111010100001010,100100010001111000000000000001000100,74,8428ms
100001100010001100000000110000100000,000000011001010000101000001010001000,000010000000100001000111000001000110,011100000100000010010000000100010001,42,2430ms
110010011000000000100000001100000001,001000100000100110000100010000011000,000101000011000001000010100010000100,000000000100011000011001000001100010,151,450ms
111011101000100000000000000100000000,000000010110000001100000001001010010,000000000001011000010001110010000100,000100000000000110001110000000101001,144,298ms
110110100001000000000001010100000000,000000000110101000000000000010100111,000000010000000111111000001000001000,001001001000010000000110100001010000,177,2913ms
101111010000100000000000000100100000,010000000110000000000100000001010111,000000101001010100100000001010001000,000000000000001011011011110000000000,177,947ms
001011110101000100000000000100000000,110000000000000010100110001000100010,000100000010000001010001010000011001,000000001000111000001000100011000100,104,1297ms
111100000000000100000100100000100100,000000101100010001001010001010000000,000010000010001010110000000100001001,000001010001100000000001010001010010,144,669ms
110100100000010011100000000000000100,000011001000000000010100000011100001,000000010111000100000011100000010000,001000000000101000001000011100001010,157,7761ms
101011010001000000000000001000110000,000000000110000000001001110000001011,010000000000111010000110000110000000,000100101000000101110000000001000100,143,124ms
100100110100000010000001010001000000,001000000000011100001010000000101100,000001000001100001000100100110010000,010010001010000000110000001000000011,104,861ms
111001111000000000100001000000000000,000010000000001010000100000010011011,000100000001010100000010011101000000,000000000110100001011000100000100100,157,152ms
111010000001001000000000010100001000,000000100010100011000001000001100001,000001000100000100101100100000010100,000100011000010000010010001010000010,157,968ms
001110110100000000000010001001000000,010001001001100010101000000000000100,100000000010001101000000000100101001,000000000000010000010101110010010010,177,23332ms
101011100010000000000100001000001000,010100010000000010001000110000110000,000000001100011101100000000010000010,000000000001100000010011000101000101,114,13576ms
010010001000000010100001000010100010,000000100000011100011110001000000000,001101010101100000000000000000010001,100000000010000001000000110101001100,95,69330ms
010010101000001100001000010000100000,000001010100010000100101100000000100,100100000011000001010000000100011000,001000000000100010000010001011000011,157,4390ms
111110011000000000010000000010000000,000000100100001011001000110001000000,000001000011000000100000001000111100,000000000000110100000111000100000011,177,68ms
100001110000000100100001000010010000,010110000100001001000100010000000010,001000001011100000000010001000101000,000000000000010010011000100101000101,97,6860ms
000100000110000001000001001011000010,000000110001000100000110010000101000,110000001000010010000000100000010101,001011000000101000111000000100000000,104,1342ms
111110110000000000000010000000000010,000000001011000110110001000000100000,000001000100000000000000110111001100,000000000000111001001100001000010001,177,59ms
101000100000001001100001100100000000,000100001010000010001000010000010101,010000010100100100000000001010100010,000011000001010000010110000001001000,157,147ms
111100111000000000010000000000100000,000010000111010010000100000010000010,000000000000100101101010000000010101,000001000000001000000001111101001000,157,406ms
000101110010010010001000000000010000,001000000100100100100110001000001000,010000001000001001000001000101000011,100010000001000000010000110010100100,59,21869ms
000111011000001100110000000000000000,101000000001010010000011100000000010,010000100000000001000000001110010101,000000000110100000001100010001101000,129,5933ms
101101110000000001100000000000000001,000000000010011110000001000001010100,000000000101000000011110100100000010,010010001000100000000000011010101000,129,4249ms
101110111100000000100000000000000000,000001000000110100010011000000000101,010000000000000000000100111101110000,000000000011001011001000000010001010,177,25ms
100100000010101000100100100000010000,010010100100010000000011000011000000,000001011001000100001000000000100110,001000000000000011010000011100001001,91,1103ms
001111000100001010100000000000000010,110000111001000001000000000110000000,000000000010100000011000001000111001,000000000000010100000111110001000100,78,24138ms
001111101000000101000000001000000000,010000000001100010011100100000001000,100000000000011000100001000101010001,000000010110000000000010010010100110,171,1884ms
101101001100000000000000001000100010,000000110000000100010110000110000100,010010000010100001001001010001000000,000000000001011010100000100000011001,133,1490ms
011001111100000000000000000001000010,100000000000110001000000000000111101,000110000010001100110001100000000000,000000000001000010001110011110000000,137,15727ms
011111110000000000000000100010000000,000000000001001001001001010100001001,100000001010000100110100000000000110,000000000100110010000010001001110000,177,71ms
101001100000000000001100100000100001,000010011000100101100000000010010000,000000000101011000000010001001000110,010100000010000010010001010100001000,88,1863ms
001100100001000000110001000000100010,100011001100110010000000000001000000,000000010010000101001100010110000000,010000000000001000000010101000011101,56,7368ms
100111011000110000000000000000100000,000000000101000000011010000101000110,011000100000000000100100110010010000,000000000010001111000001001000001001,177,571ms
011010001100100000100100000001000000,100100110001001001000010001000000000,000001000000010010000001110010100100,000000000010000100011000000100011011,65,16679ms
110100101000011000000000010000001000,000000010001100101000001001010000010,000001000010000000011000100100100101,001010000100000010100110000001010000,132,3169ms
000111100010000001000000000000101010,001000000000100110011000100101000000,010000011100010000100100001010000000,100000000001001000000011010000010101,107,6116ms
010101111000000001000101000000000000,001000000100101100001000001001100000,000010000010010010000000000110010101,100000000001000000110010110000001010,89,39958ms
111010001000000000000101001000100000,000001000011001010000000010110000001,000000000100100001001010100000001110,000100110000010100110000000001010000,115,9481ms
001110011010000101000000000100000000,010000000000100000010001011011000010,000000000100001010001100100000001101,100001100001010000100010000000110000,106,13586ms
100010001011101000000000000000000101,000000100000000101000001000111001010,010101010000010010000110000000100000,001000000100000000111000111000010000,157,5299ms
101101010100000000000000000100001010,010000000010100000010010111000000100,000010100000011001000001000010100001,000000001001000110101100000001010000,157,417ms
100000110000011001001001001000000000,001000000101100000000100100001000110,010100000010000100000010010010001001,000011001000000010110000000100110000,95,4751ms
011101011001000000000010000001000000,000000100100010010011000101000000010,100000000000100101000100000110011000,000010000010001000100001010000100101,157,575ms
000000101011000100000100010000001001,000100000100000000110000000101010110,101010000000000011000010100010100000,010001010000111000001001001000000000,51,7429ms
101111111100000000000000000000000000,000000000010010011000000101111000000,000000000000000100100101010000110011,010000000001101000011010000000001100,177,158ms
001001111000000000010000100000011000,100000000010000000100100001100100101,010110000100011100000010000001000000,000000000001100011001001010010000010,102,27126ms
110001011111100000000000000000000000,000000000000001010101010001000011010,000010100000010000010000110100000101,001100000000000101000101000011100000,157,133ms
101010001000011001000100000010000000,000001010100100000000000001101001010,010100000000000010010011000000100101,000000100011000100101000110000010000,112,13624ms
000100110001000000011001001000000100,101000000010101110000010000000001000,010000000100000001100100100000100011,000011001000010000000000010111010000,61,12325ms
001010001000011000000101000010001000,000000010010100000110000010000100110,010100000101000110001000001100000000,100001100000000001000010100001010001,80,1223ms
110101111000000000000110000000000000,000000000100111110000000010000010001,000010000000000001011001101100000100,001000000011000000100000000011101010,144,63ms
100110100000000101000001000001010000,011000000010010000001100000010001010,000000011101100000010010000000100001,000001000000001010100000111100000100,122,399ms
110001010000100100000000010010010000,000010000000001000110001100100100100,000000101100000011001000001001000010,001100000011010000000110000000001001,111,2354ms
010010111000000000000000000111000001,000100000010101011100010000000100000,000001000100000000001101001000011100,101000000001010100010000110000000010,99,6821ms
101000101000000001000000000100000111,010001000010001100000011000011000000,000000010100100000101000011000110000,000110000001010010010100100000001000,133,3029ms
010111101000011000000000000000010000,000000000011000000010001001110000101,101000010000000001001000010001101000,000000000100100110100110100000000010,162,3483ms
110111100000001100000000001000000000,001000000010110000000011000000010101,000000010001000011010100000100101000,000000001100000000101000110011000010,152,1265ms
001000110001001000100001000010100000,000110000110000000001000100000010110,010000001000110111000010000000000001,100001000000000000010100011101001000,66,4044ms
101001000000000110001000101010000000,010000010011001000000100000101100000,000100001100010000000010010000001011,000010100000100001110001000000010100,79,2981ms
000001100100000010000100101011000000,011100010000000001010001000100001000,000000000010110000000010010000110011,100010001001001100101000000000000100,0,432ms
010110010100101000001000000000000100,000000000010000001000011011100100010,001001001000000100110000000011010000,100000100001010010000100100000001001,126,3470ms
001011001000100011000010000100000000,000000000110000000000001110001001110,010100100000010000111000000000100001,100000010001001100000100001010010000,99,2957ms
100111100000100001101000000000000000,010000000001000010000001011100101000,000000010010011100000100100001000001,001000001100000000010010000010010110,141,785ms
001001010000001001000100101001000000,110010000010000100000010010000100100,000100001001000000110001000000011001,000000100100110010001000000110000010,44,4954ms
010011001010000001000100000001000001,100100000100001000100000000010011100,000000000001010110001001001100000010,001000110000100000010010110000100000,45,5306ms
001000011000001000100000110000100001,000111000000010100000000001101000010,110000100000100010000001000000011100,000000000111000001011110000010000000,111,13105ms
001011100000000001010000100100000001,000100000001010110001011000010000000,010000001010100000000000001001011100,100000010100001000100100010000100010,78,6499ms
111011110001000000000000000000100000,000100000000011110101000000101000000,000000001100000001010000001010011100,000000000010100000000111110000000011,157,1015ms
010101000000101000000000001001100100,100000101000000000110001010100000010,000010010111010000001100000010000000,001000000000000111000010100000011001,61,5301ms
101101101000100000000100000000000010,000000010000001100010000101100010100,000010000010010001100001010011000000,010000000101000010001010000000101001,130,937ms
100110010011000001000000000100010000,000000001000110010100000010000001110,010000100000001000010011101000100000,001001000100000100001100000011000001,156,2350ms
110111111000000010000000000000000000,000000000001110001001100000001001001,001000000100000100000010011100100010,000000000010001000110001100010010100,177,67ms
101110011000000100100010000000000000,000000000100101000000000110110000110,000000100001010010000100000001110001,010001000010000001011001001000001000,141,7679ms
110011010010100100000010000000000000,001000001001001000110000001010000010,000100100100000010001000110101000000,000000000000010001000101000000111101,157,1057ms
101110100000000000100110000000000001,000001000000001000010001010110010100,000000011100000011001000001001100000,010000000011110100000000100000001010,158,743ms
011011100000000000100000010000000011,000000001001010110000010001101000000,000000010100000001010101100000100100,100100000010101000001000000010011000,95,8627ms
101000000010000000010011000100010010,000100010100101100001000000010000100,000000101001000010100000101001001000,010011000000010001000100010000100001,103,1030ms
011001000001000000000011001101000000,100000010110100000000100000000010101,000000101000010101000000100010001010,000110000000001010111000010000100000,67,7836ms
001110100000010000000100000101000100,000000011001001000010000001000100011,000001000010100111000010010010000000,110000000100000000101001100000011000,79,3540ms
011001010000100010100000000001000010,000010101000000001000001010000111000,000000000101001000011110000010000100,100100000010010100000000101100000001,84,8918ms
111000011110001000000000000000001000,000000100000010100101000111001000000,000101000000000011010000000110100001,000010000001100000000111000000010110,157,302ms
100110011100000000000000100000100100,011001000000001110000101001000000000,000000000011010000010010010111000000,000000100000100001101000000000011011,124,10892ms
010100111010010000010000000000001000,001001000101000000000110000001000110,000000000000101101001000101000010001,100010000000000010100001010110100000,32,4259ms
101001001000110010001000000010000000,000100110000000001100100100100010000,000010000010001000010000000001101101,010000000101000100000011011000000010,80,14069ms
011111101100000000000000100000000000,000000000010000010010001000111010100,100000010001000100100110000000100001,000000000000111001001000011000001010,177,104ms
101100111010000100000000000001000000,000010000000100010000101100100010100,010000000100010001001010011000000001,000001000001001000110000000010101010,157,418ms
101010000010000000100110000100010000,010001000100101000000001010001000001,000100101001010001000000000000001110,000000010000000110011000101010100000,125,2276ms
001110111000000110000000000000100000,010001000000111000100000010000000101,000000000100000000010000101111011000,100000000011000001001111000000000010,109,20685ms
001010110101000000000001000100000100,000101000010100000000000110010011000,000000001000001011111010000001000000,110000000000010100000100001000100011,84,2165ms
111110100100000000001010000000000000,000001010010010010000000001100000101,000000000001100100100100110001100000,000000001000001001010001000010011010,177,400ms
101010111000000000000000001100000001,010101000000100100011100000000000010,000000000101001011100000000001110000,000000000010010000000011110010001100,125,20724ms
111000010101000000010000001010000000,000100100000000101000001100100001001,000001001000001010000110010001100000,000010000010110000101000000000010110,119,353ms
010010010010100010000100000000000011,100100100000000100100000110100001000,000001001001011001000001000010100000,001000000100000000011010001001010100,26,3433ms
000110101000101000000100010100000000,000000000110010111010000000000000110,010000010001000000000010101001100001,101001000000000000101001000010011000,69,6248ms
001110000010010100000000000011000010,100000100000001000100100100100011000,010001010000000001001001011000000100,000000001101100010010010000000100001,108,17061ms
011101000010000100011000001000000000,100000000000001000100010010101100100,000010010100010000000001000000011011,000000101001100011000100100010000000,108,4650ms
010111010010100000000001100000000000,000000000000000100011100011011100000,101000101000001011000010000000000001,000000000101010000100000000100011110,150,9762ms
000010100010001000011100000001010000,100100011000000010100001001000000010,001000000101100100000000000010100101,010001000000010001000010110100001000,26,5497ms
011100001000000000000000100100101010,000000000010100011110010010000000100,000001000101011100000001000001010000,100010110000000000001100001010000001,80,30364ms
101110101000000000000001000000010100,010001000101000000000000001101100001,000000010000001101011100110000000000,000000000010110010100010000010001010,132,43903ms
011011010000101000000000000010000100,000100001010000010000001001001001001,100000000100000000110000100100110010,000000100001010101001110010000000000,157,3336ms
011000010011001001000000000010100000,000100100100000000001001110000001001,100010001000100010000110001000000010,000001000000010100110000000101010100,144,2438ms
100000000011011010000000101000000001,010010000000000001101101000110000000,001101100000000100010010000000011000,000000011100100000000000010001100110,93,6525ms
011100110001000001001000010000000000,100000000000100100000010000010010111,000001001110011000100000100100000000,000010000000000010010101001001101000,121,7419ms
000110011000000100000000000100010101,001000100010100001100001000000100010,000000000100010000011010110001001000,110001000001001010000100001010000000,85,18647ms
010100000000010000110000000010010101,000000001011000001001010100100000010,000000010100001110000000001001101000,101011100000100000000101010000000000,44,7327ms
001101011010000000100000000001100000,010000000101000110011001000010000000,100010100000000000000110011000011000,000000000000111001000000100100000111,140,1304ms
011110010000010000000001000000010001,000000000001001100010100100010100010,100000001010000011100010001001000000,000001100100100000001000010100001100,177,2088ms
101101000000000010010000000000110001,000000000001000001000110001101001100,010010101100001000100000000010000010,000000010010110100001001110000000000,138,8231ms
010000101000010010001001000000100001,000100000001000000010110000100001110,101011010000001101000000001000000000,000000000110100000100000110011010000,131,4807ms
000011000010001000100001001001001000,100100000000010101000010000000100011,000000011001100010000000110100000100,011000100100000000011100000010010000,24,231ms
000110010001000000000000000010011101,101000101100001010000100000001000000,010000000010000000100011111000100000,000001000000110101011000000100000010,35,39669ms
110101110001000000001000000100000000,001000000000100101000010110000001001,000010000010011010110100000000000010,000000001100000000000001001011110100,157,53ms
111001010001000010001100000000000000,000010001000100000010010010010001100,000100000110000100100001001100000010,000000100000011001000000100001110001,157,222ms
111000101001010000000000000000010100,000100000010000001100110010000001001,000011000000101110000000100001000010,000000010100000000011001001110100000,121,1736ms
110000100000000001100000010000000111,001101010001100000000000101100000000,000010000100000010000111000011001000,000000001010011100011000000000110000,99,1231ms
000011110000110001000000000000000011,110000000000000000100010001011001100,001000001001000010001100100100100000,000100000110001100010001010000010000,51,27637ms
100010100000000110000000000100101100,000000011010101000010000010001000001,011001000001000000100100001010000010,000100000100010001001011100000010000,157,1430ms
011110000001000010000000100010000001,000000010010000100110010010000100100,100001000100011000000000001000011010,000000101000100001001101000101000000,164,845ms
110000111000000000000101000000100010,000010000100010000010000110101000001,001001000000101000101000001010001000,000100000011000111000010000000010100,143,1112ms
000101111000000001001000000000101000,011010000101000110000000100000000010,100000000010000000110010001110010000,000000000000111000000101010001000101,118,7169ms
001111010001001000000000010000000010,100000101010000000011110001000000000,000000000000110101000000100101101000,010000000100000010100001000010010101,72,30212ms
000101100000000001010001000011000010,010000000000011000100110000100010100,100000001110100000000000110000001001,001010010001000110001000001000100000,84,2203ms
011001001000000010000000100100100010,000100000001011000000101000010000101,000000100110000001110010010000001000,100010010000100100001000001001010000,119,2015ms
111010100000000100001000100000000001,000100001110001000000000001100110000,000001000000010011110010010010000000,000000010001100000000101000001001110,157,1626ms
011111111000000000000000000000100000,000000000111001000110000001100000001,000000000000010101000100010001001110,100000000000100010001011100010010000,112,55327ms
110000110000010000000000101000100010,000010001100100010000000010001010100,000101000011001100101000000010000000,001000000000000001010111000100001001,136,5116ms
000000110010110010010000000101000000,110110000000000000000100101000001001,000001000101001000001010000010010010,001000001000000101100001010000100100,34,2223ms
100001111000000100100010001000000000,000100000111010000010000000001100010,001000000000001011000001100000011001,010010000000100000001100010110000100,109,2409ms
011100101010000100000000000000101000,000000000000011000111000001100000110,000010000100100010000110100001000001,100001010001000001000001010010010000,87,9725ms
001011000000000110101000000100000010,010000100010001000000010001000101001,000000011101010001000101100000000000,100100000000100000010000010011010100,87,2454ms
100110001100000000010001000010000001,000000010001101001000100000000101100,001001000000010110100000001000010010,010000100010000000001010110101000000,163,254ms
010000111100000011001000000100000000,001000000000111000000001110010000001,100001000011000000000110001000000110,000110000000000100110000000001111000,143,470ms
101100100000100000100010010000100000,010000000000001010010000101100010100,000010000100010000000100000011001011,000001011011000101001001000000000000,136,13782ms
111011111000000000000000010000000000,000000000000011000100110100100010100,000000000011100010001001000000101001,000100000100000101010000001011000010,142,723ms
001111110000000100000000000011000000,000000000001100000001001101000110001,110000000010000010000010000100001110,000000001100011001110100010000000000,177,2039ms
110110101000000000000100000000010100,001000010000101000110010010000000001,000000000100000000001001100101101010,000001000011010111000000001010000000,177,5315ms
111111011000001000000000000000000000,000000000100010001000001000001011110,000000100000000110010100011010100000,000000000011100000101010100100000001,163,2056ms
011000110000000000001000001100001001,100000001011101100000010000000100000,000110000000010001110001100010000000,000001000100000010000100010001010110,136,4157ms
000001010010000000100001101100000010,010000001001001001001000010010001000,100000100000010000010100000001100101,001110000100100110000010000000010000,95,5342ms
000111001001010000010001000001000000,000000100000001101001000111010000000,110000010110100000000010000000100001,001000000000000010100100000100011110,177,2164ms
010000010000110000001000000101010001,001100101010001000100000000010000100,000000000100000100000101011000101010,100011000001000011010010100000000000,19,14459ms
100011010110000100000000011000000000,011000101000100000001100100000000100,000100000000011001000000000111010001,000000000001000010110011000000101010,109,50808ms
010100101010001000000010000000011000,000000000000010110000101000011000101,001010000101000001101000001100000000,100001010000100000010000110000100010,122,3987ms
111101110000000000000000000010100000,000000000000010110000011100101010000,000000000101001000011000011000001100,000010001010100001100100000000000011,137,1632ms
011101101000000100010010000000000000,000000010100100001001000001101100000,100000000000011010100000000000011011,000010000011000000000101110010000100,157,341ms
011101110000000100000000000001000100,000000001110001010101000000100000010,100010000000110000000000111000101000,000000000001000001010111000010010001,136,7333ms
000001000000101110100010000000000110,100010100000010000010000001001101000,010000001010000001000100110100000001,001100010101000000001001000010010000,39,1040ms
011101001000000010100001000001000000,000010010100100000011000001100001000,000000100000001101000010100010010001,100000000011010000000100010000100110,77,7695ms
101100101101000000000000100000001000,010000000000001011000100010010000110,000001010010110100001000001000100000,000010000000000000110011000101010001,157,5704ms
011010101000100000000000010000100100,100001010000000101010000100000001010,000100000011001000000101000101000001,000000000100010010101010001010010000,88,11294ms
001001100010000001000110010010000000,100100000101001000010001000100000001,000010000000110110001000000000100110,010000011000000000100000101001011000,12,4811ms
011100000101001010000000001000000010,000010101010010000000110010000000001,100000010000100000101000000000111100,000001000000000101010001100111000000,157,1435ms
101001110000000011000000000001000010,010100000110000100000011000100001000,000010001000111000000000100000110100,000000000001000000111100011010000001,94,16658ms
111000110100000000000000001000010100,000001000011010010000000110000101000,000010000000100101010100000110000010,000100001000001000101011000001000001,157,83ms
110111011010000000000000000000001000,000000000000001101101100000100100100,000000100100000010010000110001010010,001000000001110000000011001010000001,167,2658ms
111110010000100000100000000100000000,000000001000011010001010100010000010,000001000000000101010101000000101100,000000100111000000000000011001010001,177,35ms
100000101000101010000001001010000000,001011000010010001010000000101000000,000000000000000100101110010000101010,010100010101000000000000100000010101,57,5983ms
011101100000000100001000001000000100,100000001010000000100010010000101001,000010010001001001000001100100010000,000000000100110010010100000011000010,72,5133ms
111111001000000001000000000001000000,000000010000000010101101011000010000,000000100100000100010000100110001010,000000000011111000000010000000100101,177,52ms
010110000000000100010000000001000111,000001010001000000100001001010011000,101000001010101010000000000100100000,000000100100010001001110110000000000,177,19744ms
101001111110000000000001000000000000,000000000001010100011000000010011010,000010000000100000100110100001000101,010100000000001011000000011100100000,157,865ms
001010010000001100000011100000010000,000000100101000001000100011011000000,100101001000000000101000000100001100,010000000010110010010000000000100011,157,634ms
111000100010000010000000111000000000,000110000001010001000110000010000100,000001011000000000100001000001011001,000000000100101100011000000100100010,157,1592ms
001010000100001000000010010001001010,000001001010000100000000100110100100,000100110000010010110100000000000001,110000000001100001001001001000010000,62,13136ms
010101100010000000100100000001000010,000010010001100001000000010100101000,001000001000000110001011001000000100,100000000100011000010000100010010001,76,12108ms
101011110000001000000000100010000000,000100000100110010010000010001001000,010000001010000101001000001100000001,000000000001000000100111000000110110,143,699ms
000011010100000010000010100000110000,001000000010000000001001001110000101,100100101000001001110000000000001000,010000000001110100000100010001000010,134,643ms
011010010001000000000000100100001001,000100101000001000000001011001100000,100000000100000011110000000010000110,000001000010110100001110000000010000,157,709ms
111101011000001000000000000000000010,000000000011000110010101000010000100,000000100100000000100000101100110001,000010000000110001001010010001001000,157,87ms
000001110000000000100101010010010000,010000001100110000000000100001000110,100000000001000101001010001000001001,001110000010001010010000000100100000,86,31838ms
110010100000000100101000100000100000,001101001000000001000000000110000101,000000010110110010000010000000011000,000000000001001000010101011001000010,95,158474ms
100001101000100100000000001000010010,000000000100001011101000000001001001,010000000010000000010001110110100000,001110010001010000000110000000000100,106,2757ms
110110110101000000001000000000000000,000000000000000011000101011001100100,000000000010011000000010100010011001,001001001000100100110000000100000010,161,8914ms
100101101000000100100000000000010010,000010000100110001010101000100000000,010000010001001010000000100010001001,001000000010000000001010011001100100,136,2438ms
111110000000000000000000010001001100,000001011100000000000001100010010001,000000000010011011101000001000000010,000000100001100100010110000100100000,150,5968ms
000000100001010010010010010000001001,100010001000000100101001000001000100,011001000100100001000100000010010000,000100010010001000000000101100100010,58,3213ms
001100011000001001100000100000100000,010000000111000000001001000000010101,000000000000010110000100011110001000,100011100000100000010010000001000010,64,5371ms
100111000000001000010000001000101000,010000000101000010000010110000000101,000000110000110001100001000000010010,001000001010000100001100000111000000,118,712ms
100011001010000010100000100010000000,000000010000110001000010000101100100,010100100100001000011101000000000000,001000000001000100000000011000011011,157,1565ms
100110101000001000000010000001000100,010000000101010101000000010000110000,000000010000000000110101001010000011,001001000010100010001000100100001000,141,7423ms
110110000000000000000001000000101011,001000001100010001000000001011010000,000001100000001100011100010100000000,000000010011100010100010100000000100,162,7546ms
110110001000000000101000000000000101,001000000010011010000110001000100000,000000100001000001000001110010010010,000001010100100100010000000101001000,151,2322ms
000011101000000010000011000010001000,000000010010001000000000001101100011,111100000101000100100000000000000100,000000000000110001011100110000010000,157,910ms
010111001000000001100000101000000000,101000010110011000000010010000000000,000000100001000010010101000100101000,000000000000100100001000000011010111,110,132016ms
110111000000010000010000000000100001,001000000100100111000000010001001000,000000000000000000101011101100010010,000000111011001000000100000010000100,177,1508ms
000101011000000101000010000010001000,010000000010111000010000001000010100,101000000101000010100101000000000001,000010100000000000001000110101100010,136,3729ms
101011111000000000010000000000000100,010100000101000100000001010000010001,000000000000011010001000100011101000,000000000010100001100110001100000010,105,26457ms
011010000000000110000010001010010000,000001001001101000000000100000001101,100000110010000001101000000001000010,000100000100010000010101010100100000,135,607ms
111110111000000000000000000100000000,000001000010001001001100011000100000,000000000101000110100000000011010010,000000000000110000010011100000001101,177,83ms
100100101001000010000100000000110000,010000000010001001100000011000000011,000010000000010000001011000101001100,001001010100100100010000100010000000,88,5967ms
001001101010000010000010000100010000,010000000100010000010101000000101001,000110000000000100000000011011000110,100000010001101001101000100000000000,79,13071ms
011111001100010001000000000000000000,000000100010101000110110001000000000,000000000000000000000001100100111111,100000010001000110001000010011000000,117,102338ms
100101011000000000100000100000100001,010000000000000011000000011101000110,001000000010001100001110000010001000,000010100101110000010001000000010000,136,3406ms
111001100100000010010010000000000000,000010000000101000101000110001100000,000100011010010001000000000110001000,000000000001000100000101001000010111,157,1454ms
101110110000000000000001000000000101,000000000010100111000000010101001000,010000000101001000000100001010100010,000001001000010000111010100000010000,156,7860ms
101000001010000100000100100000010001,000110100000000000000011011010000100,000001010001010001100000000101100000,010000000100101010011000000000001010,128,2768ms
101011101100100001000000000000000000,000000000011000100000110001100100010,010100000000011000100001010010010000,000000010000000010011000100001001101,157,371ms
011101111000010000000000000000000010,000000000100100010100010011000011000,000010000010001001010100100000000101,100000000001000100001001000111100000,78,31272ms
001110010100011010000000100000000000,010000000011000101100010000100100000,100001100000000000000001000011011010,000000001000100000011100011000000101,177,6380ms
000001001000110100000001010100000100,001000100001001000000010101010000001,010000000000000001110100000001111000,100110010110000010001000000000000010,35,813ms
010101101100000000010000000000010100,000000000000100000000001010101101011,100000010011010100000100001010000000,001010000000001011101010100000000000,157,11960ms
100111001000000000000001010000000011,010000000000101000001000100011101000,000000100100000100010100001100010100,001000010011010011100010000000000000,144,13052ms
111101001000000000010100010000000000,000000100000011001000010000110101000,000010000001000000000001101000010111,000000010110100110101000000001000000,136,1178ms
111001000000000000000100011010000100,000010000011101110001000000000010000,000000000100000000110001100101000011,000100111000010001000010000000101000,157,1735ms
010011100110000000100000000000000110,001000010001000101001000000100001001,000000000000111000000110110001100000,100100001000000010010001001010010000,71,9897ms
000010011000000001100001101000010000,001000100100100110000100000000001010,000100000001001000000010010001100101,110001000010010000011000000110000000,10,1731ms
001111100100000000011100000000000000,100000010001011000000000001100100100,000000000010100000100011000011011000,010000001000000111000000110000000011,119,13209ms
001111111000000000000000101000000000,100000000111000010001000010100000010,010000000000011100010011000010010000,000000000000100001100100000001101101,120,14273ms
000101010001111000000000010001000000,000000000110000001010100000100101010,001000100000000010101011100000000001,110010001000000100000000001010010100,34,45438ms
001000100101000000001011000100010000,010000001010110000000100100001100000,000111010000001100000000001010000010,100000000000000011110000010000001101,94,2671ms
010010000010010100000000000000110110,001100000100000000101010001011000000,100000101001001010000001010000001000,000001010000100001010100100100000001,109,4496ms
101111001000001001100000000000000000,000000000010110010011000000100001100,000000110100000000000011010011100000,010000000001000100000100101000010011,177,65ms
011011101001000000010000100000000000,000000000110100011100000001000100001,100000010000010100001100010000010100,000100000000001000000011000111001010,157,1368ms
010001010000000100110001000011000000,100000001100000001000000011000010101,001100100010010000001100100000100000,000010000001101010000010000100001010,77,7976ms
011100011000000011010000000010000000,000011100000000000001110100001010000,000000000011010000000001000100100111,100000000100101100100000011000001000,58,104261ms
111000001000010101100000000000010000,000101010101000000010010000010100000,000000000000101000001100101100000011,000010100010000010000001010001001100,139,1785ms
110111001000000000000000100010010000,001000000000001000100010011100101000,000000110100100001000000000001000111,000000000011010110011101000000000000,158,18345ms
010011011000001000100000000001000100,100000000010000010010001110000000011,000100100001100100001000001000101000,001000000100010001000110000110010000,77,2242ms
001000101010010000101000000000000110,010101010000100010000001000011000000,000000000001001000010100111000110000,100010000100000101000010000100001001,10,787ms
110110011010000000000000100010000000,000001000001010011100010000100000010,000000000100100100000100001001001101,001000100000001000011001010000110000,152,12476ms
011010100000010000000000100001110000,100100000100000001000011010000001100,000001000000001100100100001110000010,000000011011100010011000000000000001,91,7203ms
000101001000010000000110000001001100,001000000100000111010001100010000000,000000010001101000001000011000000011,110010100010000000100000000100110000,0,195ms
110010101000000100100000000010100000,000001000010010000010100101000000110,000000010001101001000011000101000000,001100000100000010001000010000011001,150,67ms
100011110000100001100000000000000010,001100000111000000010000010000010001,000000000000000000001101101110101000,010000001000011110000010000001000100,121,10302ms
010000001100100001100010000001100000,000001000010001010001101000000001001,001010010000000100000000110110000010,100100100001010000010000001000010100,107,950ms
000011111000000010110000000010000000,100000000010101000000000110100000101,010100000100010000001110001000001000,001000000001000101000001000001110010,97,14539ms
101011011000000000110010000000000000,010000000110000010000000111001010000,000000100000111000000101000000100011,000100000001000101001000000110001100,157,255ms
110000011000101000010010000000000001,001001100000000110000000111000010000,000100000011000000101000000110001100,000010000100010001000101000001100010,129,5073ms
010011110000011000000000000000000011,000000000110100001000001001110000100,001100001000000010001010010001001000,100000000001000100110100100000110000,79,15512ms
111010111000010100000000000000000000,000101000010100001100000010000100100,000000000101000010000001001011011000,000000000000001000011110100100000011,157,1479ms
011000000010001000100001000000010110,100110000000110000000000011100000001,000001010001000000010110000011001000,000000101100000111001000100000100000,66,2454ms
110111010100000000000000000100000001,000000001001100010100110000000011000,001000100000011101001000000011000000,000000000010000000010001111000100110,177,18ms
101001011000000010000001000100100000,000000000010100100100000101001010100,000100000001011000001110000010000010,010010100100000001010000010000001001,109,6012ms
101100011000100000100000000011000000,010010000001000000001001101000001001,000000100110000001010100010000010100,000001000000011110000010000100100010,130,960ms
011101010000001000000100010000000100,100000101010000101000000001001000010,000010000101000000110000100110010000,000000000000110010001011000000101001,117,2918ms
101010100100000000000100100000101000,000001000010000010000001010101010010,000100011000000101100000001010000100,010000000001111000011010000000000001,142,715ms
010101011000000100000100001000010000,100000000000010000010000100101001011,000010000110000011101000000000100100,001000100001101000000011010010000000,109,15336ms
011011000000101100000000010000001000,100100110111000000000000000011000000,000000001000000011100101000100010100,000000000000010000011010101000100011,71,7562ms
111011001000100000100100000000000000,000100000000000101001000111010000010,000000110011001000010001000000110000,000000000100010010000010000101001101,157,373ms
001000010010110100000001010010000000,100100001000000000010010101100100000,000011000001001010100000000000010110,010000100100000001001100000001001001,13,2673ms
011001110000000100000001010000000100,000010001010010000011010100000010000,100100000101000000000000000111100001,000000000000101011100100001000001010,157,2595ms
110111110000000000001000000000000001,001000000000100000000000111011101000,000000001010011010000011000100000010,000000000101000101110100000000010100,177,1442ms
011000101110100000100000000001000000,000110000000000100000100001100010101,000000010000000010011010110000001010,100001000001011001000001000010100000,96,9127ms
001000000000001100101100001001000010,100000000011100000000001000110010100,010000011100010001010000100000001000,000111100000000010000010010000100001,65,8767ms
111100101000000001100000000000000100,000001000001111000001000100100100000,000010010010000100010100001000010010,000000000100000010000011010011001001,157,359ms
010010100000000010110010000000001010,000100011100000000000000001101010001,101000000000001101001100010000000100,000001000011110000000001100010100000,113,3534ms
010100011000000110010100000000000001,000001100001001000100001001001001000,101010000010010001000010000000000110,000000000100100000001000110110110000,123,4195ms
011110110000000000010010000000010000,000000001001010010000100000110000101,000000000010001101001000101001000010,100001000100100000100001010000101000,95,37598ms
000000010000100100100010011000010001,000100000101000000011001100000000110,100011000000011001000100000110000000,011000101010000010000000000001101000,85,2223ms
110110010010001000000000000000001100,000000001000010100000000001011110010,000000100100000000100111010100000001,001001000001100011011000100000000000,177,6145ms
000101000000010010010001110000000010,011000011100001001100000000010000000,100010000000000100000110001100010100,000000100011100000001000000001101001,65,6934ms
101000010100001000100000011000001000,000111000001010100001100000000000001,000000101000100000000001100001110100,010000000010000011010010000110000010,110,3243ms
010011010101110000000100000000000000,001000000010000000011000010101010100,100000001000000011100010001010000001,000100100000001100000001100000101010,157,1368ms
001101000010000000000100010101000010,100000100000001110001001000000100001,010000011100000001110000100010000000,000010000001110000000010001000011100,122,1127ms
001111001010110001000000000000000000,000000000101000010000011000100010110,110000000000000000110000100011101000,000000110000001100001100011000000001,177,2820ms
101101011001000000000000000010010000,010000000000011000100101000000100110,000010000110000100011010010100000000,000000100000100011000000101001001001,157,153ms
011000001000010001100001101000000000,000000010011000010010100000001100100,100000100100001100000000010000011001,000111000000100000001010000110000010,140,5051ms
001010101000010000000100001100000100,000100010100000100100000100001110000,100001000010100000000011010010001000,010000000001001011011000000000000011,114,681ms
000011001000100000001000110000001001,101000100000010000000001001101100000,010000010001000001010110000010010000,000100000110001110100000000000000110,36,3059ms
011001011000000100100100000000000010,000010000001101000010001010100000001,000100000000010000000010001011110100,100000100110000011001000100000001000,86,20167ms
011001101100000000000100100100000000,000110000000111001000000000001100001,100000010010000110010001010000001000,000000000001000000101010001010010110,157,7461ms
110011011001000000000000000000011000,000000100000110010000000110001100010,000100000110001001100011001000000000,001000000000000100011100000110000101,157,1474ms
110010110000010001010100000000000000,001001000010001010100000010010010000,000100000000000100000011000101000111,000000001101100000001000101000101000,110,8098ms
000110111000011000000000000000101000,110000000000100101100000101100000000,000000000000000010011011010001000101,001001000111000000000100000010010010,43,13193ms
010011111000000000000010000100100000,100100000001000100010101000010010000,001000000100110000101000001000000110,000000000010001011000000110001001001,120,12241ms
111100011000000001000001000000000001,000001000000010010100010010100100010,000000000000100100001100101011010000,000010100111001000010000000000001100,115,18394ms
101010011000001000101000001000000000,010000100000100000010010110100010000,000100000111000010000001000010000101,000001000000010101000100000001101010,133,12045ms
010110100000000000100000001010100010,100001011000000000010011010000000100,000000000100110110001000100001010000,001000000011001001000100000100001001,88,59015ms
100011100000000100010010000000100001,010000001000010001000001110001001000,001000000011001010000100000000010110,000100010100100000101000001110000000,78,2143ms
101111011000000000000000001000000100,010000000000010011010001000010010010,000000000001000100001110010100001001,000000100110101000100000100001100000,164,1847ms
000000011000001101001100100000000100,000010000000100010010000011000011010,110100000010010000000011000001000001,001001100101000000100000000110100000,77,1215ms
100000100100010100001100000010100000,011000001010001000010000001000011000,000110000000100001000010010100000011,000001010001000010100001100001000100,108,1069ms
111100001000010000100000000001100000,000010000100001000010100010010000110,000000000011100101000000100100001001,000001110000000010001011001000010000,141,3581ms
010011000001100000000000101000010100,000000001100000001000001000111100010,101000110010000000010100010000001000,000100000000011110101010000000000001,126,8808ms
000010110000000010100000000101000011,010001001000011000000101011000000000,101000000100000101001000100000001100,000100000011100000010010000010110000,124,15292ms
011100100011000000000010010100000000,000000000100010100000001101010100001,000011011000001010010100000000010000,100000000000100001101000000001001110,66,1862ms
111000000001001000000000100100010100,000000011010000010110010010001000000,000011000100000001000101001010001000,000100100000110100001000000000100011,143,1661ms
001100101100000000010001000110000000,100000010011001000000110010000000010,010010000000000011101000000001101000,000001000000110100000000101000010101,121,674ms
111001011000000000000000101000010000,000010000000001101000010000000001111,000000000111100010010001000100100000,000100100000010000101100010011000000,157,3516ms
000110000110100000000000100100100100,100000000000001010001000011010001010,000001101000000101000010000001010001,011000010001010000110101000000000000,58,46522ms
100101100001010000010010010000000000,011000010000100100101000000000100100,000010000010001010000101100000011000,000000001100000001000000001111000011,70,11828ms
110101001000100000000000010000010001,000000000110001110000000001001000110,001000100000010001100001000100101000,000010010001000000011110100010000000,153,1415ms
010100001000001000000011001110000000,000001010000000010011000010001010010,100010000110010100000100000000101000,001000100001100001100000100000000101,150,273ms
010001011010000000010010110000000000,000100000001001101000000000011000011,100010100100010010000100001000100000,001000000000100000101001000100011100,143,15140ms
110010010000001000001001010001000000,001100000001010101000100100000000100,000000101110100000010010000010000010,000001000000000010100000001100111001,140,13471ms
010000110000001000000010010100000110,000101000010000011000000000011001001,000010001001000100100000101000110000,101000000100110000011101000000000000,57,78132ms
000001011000000000001111010001000000,000110100010001010010000001000000001,110000000001100000100000100100101000,001000000100010101000000000010010110,126,53171ms
111001110000000010000000000001001000,000010000100001000100000110100000110,000100000001110000000100001010010001,000000001010000101011011000000100000,137,4235ms
110010111000001000000000000000000011,000000000000000100010100111100110000,001001000010010010000011000001000100,000100000101100001101000000010001000,132,5115ms
101101111000000001001000000000000000,010000000000100100000001010101010100,000010000011000000110100100000001001,000000000100011010000010001010100010,157,2595ms
110101000010100100000000000010000010,000000000001011001001100100000110000,000010100000000000010010010101001100,001000011100000010100001001000000001,157,7690ms
000000000000100011010011000010001001,100000100001001000100000010101010000,000011001110000000000000101000000110,011100010000010100001100000000100000,0,1133ms
010001101010010000000000000100010001,000110010100000101000101000000001000,001000000001001000011000110000100100,100000000000100010100010001011000010,72,40209ms
100010000010000001000110100001010000,001001000101000010001000000100001100,000100100000010100000001011000100010,010000011000101000110000000010000001,38,1013ms
101010101000001100000000000001010000,000000010010000001111010100000000100,000001000100010010000001011000100010,010100000001100000000100000110001001,105,7833ms
111111100000100100000000000000000000,000000010110010000100010010100000001,000000001001000001010000101000101100,000000000000001010001101000011010010,150,2525ms
101011000001000000001000001000010100,000100000000100010100011010001000001,000000110010011100000000100010100000,010000001100000001010100000100001010,108,3161ms
101111000000000100001000000000101000,000000001010100000100100110001000010,010000110001001000000000000110010001,000000000100010011010011001000000100,177,704ms
001000111000100100010000000000001100,110000000010010001001001000010000010,000000000001000010100010011000110001,000111000100001000000100100101000000,30,202ms
011000111000000000000010000001100001,100001000000100010010000100110000010,000000000101011000001100001000010100,000110000010000101100001010000001000,58,21536ms
111011000000000000101001001000000000,000000000011100000000010110110001000,000100100000011100000000000001010011,000000011100000011010100000000100100,157,1531ms
111011100010000000000000000000001010,000100000000010101101100100100000000,000000011001001010010000001010000100,000000000100100000000011010001110001,136,1771ms
000010010011010100000100010000010000,000100100000000000001010000001101011,010001000100001011000001001010000000,101000001000100000110000100100000100,0,7020ms
110100000000101000001000000010010010,001001100000000011000100001100001000,000010011100000100000011100000000100,000000000011010000110000010001100001,114,3712ms
100101000001010010000000000011000001,000000011110100001011000000000010000,000000100000001000000101111100000100,011010000000000100100010000000101010,85,13504ms
100001011000000010000100100000010001,010000100010000100001010000010001010,001110000000101000100001001100000000,000000000101010001010000010001100100,137,9425ms
010010110101100000000000100000100000,100000000010010010001000010000000111,000001001000001101000110000100010000,001100000000000000110001001011001000,67,38398ms
000100001000100000010000010011010001,001000010010001000100001001000100010,110001000000010001001010100000000100,000010100101000110000100000100001000,110,14414ms
101100110100001000000000010000000010,000010000000000011110010100101000000,000001000011110100000000001000101000,010000001000000000001101000010010101,126,14092ms
010110011000000000000000000011100001,000000100100001010010001110000010000,000001000010110001101110000000000000,101000000001000100000000001100001110,108,88896ms
111011011100000000000000000000001000,000000000011101000001000010000100011,000000000000010001010010101011000100,000100100000000110100101000100010000,144,2855ms
010001110000100000000010000100000101,000100001101000110001000000001010000,000010000010011000110101001000000000,101000000000000001000000110010101010,93,31597ms
011010110011000000000001000001000000,100101001100100100000010000000000001,000000000000011010011000100100000110,000000000000000001100100011010111000,61,73220ms
110000001000000000010000100010011010,001000000001000011001100000101000001,000101010110101000000001000000100000,000010100000010100100010011000000100,142,12962ms
100010011010000000111000000000100000,010100000000100011000010001001010000,000001100001010000000100100110000100,001000000100001100000001010000001011,132,171ms
100100001001001100000000001100100000,011000000000010000000111010000000101,000001110000000001010000100001011000,000010000110100010101000000010000010,98,7694ms
000010001000100011001000000101100000,100001100000011000000101000000000110,001000000101000000010000010010011001,010100010010000100100010101000000000,18,10065ms
110111101010000000000000100000000000,000000010100001100010001000100001001,001000000000110000000100010011010010,000000000001000011101010001000100100,147,3011ms
001100111001000000000010000011000000,000001000010101100110000100100000000,100000000100000000000101000000101111,010010000000010011001000011000010000,105,6731ms
000001101000010000001000001101100000,001100000000100000100000110010010001,010000010011000011000111000000000000,100010000100001100010000000000001110,54,23724ms
011011111000000001000000000001000000,000100000100010110001010000010000001,000000000010101000100001001000011010,100000000001000000010100110100100100,85,54381ms
001111011000000000011000100000000000,000000000010000100000100001100011011,110000100100001001000001000000100100,000000000001110010100010010011000000,164,3830ms
000010000000000100011000101000001101,010000100101010000000001010010010000,101101010000100010000000000101000000,000000001010001001100110000000100010,128,2928ms
001001000000000001100000110000110100,010010100101101000000010000000001000,100000011000000110001000000101000001,000100000010010000010101001010000010,110,6815ms
011110001000000000000000000011001100,000000010100000111001000111000000000,000001100011011000000001000000000011,100000000000100000110110000100110000,119,30245ms
001101100001000110100000000010000000,010010001000000001000010001000010011,000000000000110000000101010100101100,100000010110001000011000100001000000,50,28523ms
100101010000000000000001110110000000,000000000000000101110010000001010011,000000101100111010000000001000000100,011010000011000000001100000000101000,132,401ms
101001101000000000100000000010011000,000010010010110000001010000001000010,010100000000000111000100011000100000,000000000101001000010001100100000101,143,1289ms
111010101110000000000000100000000000,000000010000100010110101000000000110,000101000000000000000010011101010001,000000000001011101001000000010101000,157,528ms
100111110010000000010000000000100000,001000001000010100000101010101000000,010000000000000010101010001000000111,000000000101101001000000100010011000,177,1020ms
111000111100001000000000000000000001,000011000011010000000001010110000000,000100000000000110100000100001011100,000000000000100001011110001000100010,147,1034ms
000011011000001000001100001000000001,010100100101000000000011100010000000,000000000000010101110000010101010000,101000000010100010000000000000101110,51,30607ms
111100100100000000010000101000000000,000010000001000010000110000010110001,000000011000011100001000000100001010,000001000010100001100001010001000100,133,497ms
011111100000000000000000001001001000,000000001000000000011111000010110000,000000000001110011100000100000000011,100000010110001100000000010100000100,108,64659ms
010111100000001100000000000000010010,000000000111110000010001000001000001,100000011000000001101110100000000000,001000000000000010000000011110101100,177,4594ms
010101110000000010110000000000000100,001000000110110001000001000000001010,100010001001001000000100000110010000,000000000000000100001010111001100001,157,286ms
111110101100000000000000100000000000,000001000000011100010000011100000001,000000000010000001100110000011011000,000000010001100010001001000000100110,177,387ms
010110111010000001000000000100000000,001000000101000000000011010010001100,100001000000100000100100101000010010,000000000000011110011000000001100001,177,268ms
001100001110010000100100000000010000,000010010000001000001000010011000110,000001000000000001010001100100101001,110000100001100110000010001000000000,80,77655ms
000100010010010001000101000000000011,000011001001100100000000000100001100,011000000000000010000010001011110000,100000100100001000111000110000000000,18,6178ms
001101010000000000000010110000001001,000000100110100000000001001010110000,010010000001011100010100000001000000,100000001000000011101000000100000110,72,7105ms
110011100000001000000100000010100000,000100001011010000000001100101000000,000000010100100110001000011000010000,001000000000000001110010000000001111,128,5493ms
010110001100000100010000000000010010,000001110000101001000010000101000000,001000000010010010001101110000000000,100000000001000000100000001010101101,107,42405ms
001101110000000000000010001100000100,010000000000100010001101000001010001,000000000101011100110000010000001000,100010001010000001000000100010100010,99,21410ms
110100111000000000000000000100010100,000000000010000000010101000001101011,001010000000010011100010011000000000,000001000101101100001000100010000000,157,1090ms
100000111000010000000000101000001100,011100000001001100000000000010100001,000010000000000011101101000001010000,000001000110100000010010010100000010,53,8414ms
011000100011000000010100000000000101,000010000100000011100001010000010010,000100001000100100001000001110001000,100001010000011000000010100001100000,74,814ms
111101000000000001000000000110000100,000000000100000100011001101000010001,000010110001000010000010000001001010,000000001010111000100100010000100000,139,2724ms
010001100010011000000000000010000101,001000000100000001010101010000100010,100100001001000100100010101000000000,000010010000100010001000000101011000,143,24547ms
000111110010010000000001100000000000,000000001000000010010000011111010000,110000000100101001000010000000001100,001000000001000100101100000000100011,177,1069ms
100010010100000110010001000000001000,000001001000100000001000010011100010,000100100011000000100000101000010001,011000000000011001000110000100000100,118,1256ms
110101100000010110000000010000000000,000000010000001001010010000010010110,001000000101000000001000101101000001,000010001010100000100101000000101000,157,586ms
100011111010000010000000100000000000,010100000000110000111000000101000000,001000000001000100000011001010000011,000000000100001001000100010000111100,96,21177ms
100100111000000000010100000000001010,000011000000100101000000001001110000,010000000101000000001000110100000101,001000000010011010100011000010000000,157,1128ms
101100000101000001010000000000100010,000000010010010110001100000100001000,000001001000000000100010110011000001,010010100000101000000001001000010100,136,1332ms
010101001000100101000000100010000000,000000000111010010100000010000100010,000010010000000000010010000101011100,101000100000001000001101001000000001,90,58062ms
111101111000000000000001000000000000,000000000101000000010000101001101001,000010000010000101000100010110000010,000000000000111010101010000000010100,157,1176ms
001011010000000110000100100000100000,100000100010110000010000000011001000,000000001001001001001010000100010001,010100000100000000100001011000000110,37,2242ms
010110101010011000000000000100000000,000000010101100100010001000001000100,000001000000000001000100010010110011,101000000000000010101010101000001000,91,11108ms
100001010101010001000100000000000001,000010000000101000010000101000111000,010100101000000000101000010001000010,001000000010000110000011000110000100,157,1224ms
100000001010110100001000001001000000,000101000000000000110011000000101010,000010000001001010000000110000010101,011000110100000001000100000110000000,36,5708ms
110000101010000001000010000000011000,000000010001011010000100010000100100,001101000100000000100000101001000001,000010000000100100011001000110000010,157,136ms
111111111000000000000000000000000000,000000000000111001100000100001000110,000000000001000100000111011110000000,000000000110000010011000000000111001,177,81ms
100001000010011000011000010000000001,000010110000000010100000100011001000,000000000001000100000011001100100110,011100001100100001000100000000010000,57,28279ms
100110111000000000100001000001000000,010000000001010100001000010000011010,001000000000000011000110000110100001,000001000110101000010000101000000100,177,285ms
001010111000001001000000000010001000,100101000000010000000101010001000010,000000000010000110100010001000110001,010000000101100000011000100100000100,49,11761ms
110001100010000000100000010000010100,001000001001001001000011001000000001,000110000100100000001100000001101000,000000010000010110010000100110000010,152,682ms
110001111000000100100000000001000000,000010000010010000000100111000001001,001000000001100010000010000100110010,000100000100001001011001000010000100,157,105ms
110101010001001000000000000000010010,000010000110000100101000000100101000,001000001000010001000101000011000100,000000100000100010010010111000000001,123,6116ms
110010001000000000010100100000001100,000000010001100000100010010000010011,000001100100001011001000000010100000,001100000010010100000001001101000000,130,2937ms
101100010100000000000101000001010000,000011001001001000000000001000101100,010000100010000001100000110100000010,000000000000110110011010000010000001,157,84ms
101001010010000001000000100001001000,000000000000101010101001000000100101,010110100000010100000100011000000000,000000001101000000010010000110010010,156,6573ms
001100010000001000000001010010010100,010000001000110000010100100100100000,000000000111000100001000000001001011,100011100000000011100010001000000000,29,19629ms
010100100010000100000000001010001001,001000000001000000101000000100110110,100000010100100000000110110001000000,000011001000011011010001000000000000,131,66708ms
011111000000000000000000101011000000,100000000001100001101010000000101000,000000110010000100010001010100000010,000000001100011010000100000000010101,123,6565ms
111111000000000000100100000000010000,000000001011000001000011010001100000,000000010100000010001000000110001011,000000100000111100010000101000000100,177,272ms
010001111010010000000000000000001010,101000000000000011110011000001000000,000100000000100000000100101110000101,000010000101001100001000010000110000,79,16685ms
101010110000110000000101000000000000,000001000101000010000010000010011001,010000001010001001111000001000000000,000100000000000100000000110101100110,157,5910ms
111111110010000000000000000000000000,000000000000001001010101100000101010,000000001000000010101000001101010001,000000000101110100000010010010000100,162,164ms
101000111010000000100001010000000000,000100000000000011001110000000001011,010010000101000100000000001100110000,000001000000111000010000100011000100,157,255ms
000110110000100000001100000010100000,100000000011001100000010000001010010,001000001000000010100000101100000101,010001000100010001010001010000001000,83,18619ms
110011110010000000000000001010000000,000000000001000100000011000001101011,000100000100001000011100010000010100,001000001000110011100000100100000000,140,2740ms
011011001100000100000010000000000010,100000000000000010001000011000111100,000100010010010000100100100010000001,000000100001101001010001000101000000,102,8748ms
110101011110000000000000001000000000,000010100000010000101110100000000001,000000000000001110000001000101011010,001000000001100001010000010010100100,142,2782ms
001010100010000010000000100100001001,000100000001110000100001011000000100,000001011000000001011000000010110000,110000000100001100000110000001000010,61,6790ms
101110000100001000000000010001000001,000001111000000010001010001000100000,000000000001100100110101000000000110,010000000010010001000000100110011000,177,9424ms
001011101000001010100000000010000000,010100000110000000000010001000100101,100000000000010000001101110001001000,000000010001100101010000000100010010,128,2096ms
100010101101000000000001000010100000,000001010000110000000110111000000000,001100000010000001100000000100010101,010000000000001110011000000001001010,157,1429ms
111010110000010010000000000100000000,000000001101000100000000101001000101,000101000000000001010110000000011010,000000000010101000101001010010100000,150,728ms
100101111000000000000010100000000001,000000000001100100000000001000111110,011000000010001001100001000101000000,000010000100010010011100010010000000,157,343ms
101000110010000000010010000010000100,010000000000000011000100010100111000,000010000001011000100000101001000001,000101001100100100001001000000000010,116,3660ms
011110100001000010000010000100000000,000000010000000101111001000011000000,100000000000110000000000100000111011,000001001110001000000100011000000100,157,10009ms
110011000000100000000010000100100001,000100110001000000000100100011000100,001000001000010000011000011000011000,000000000110001111100001000000000010,125,7494ms
001100000010000110111100000000000000,000010101100101001000010000100000000,110000010000000000000000001001110101,000001000001010000000001110010001010,141,10552ms
011000011000000000100001100010000010,000010100001000100000000000001111100,100000000110010010001010000100000001,000101000000101001010100011000000000,157,89895ms
111101010000001000000000000100010000,000000000000000101000011101000101010,000000000010010010101000010011000001,000010101101100000010100000000000100,157,2962ms
101110001010000001000010000000000010,010000010000110000100100100100010000,000001000101001000010001000001100100,000000100000000110001000011010001001,139,3258ms
001000001000000100000000101100101001,110000010000010001110100000000010000,000110000110100000001000010000000110,000001100001001010000011000011000000,70,1859ms
011011110001000000100000000000000100,100000000010101000001001010100000010,000100001100000111010000000011000000,000000000000010000000110101000111001,100,15930ms
000111010001100000000000000001000101,100000100100011001110000010000000000,001000000000000110001110001000011000,010000001010000000000001100110100010,50,13818ms
010100010000000010000000011111000000,000010000001010001100001000000101100,100001001010100000010000000000010011,001000100100001100001110100000000000,134,9614ms
110110111100000000000000000100000000,001001000000010010000001001000100101,000000000011001101001010100001000000,000000000000100000110100010010011010,177,666ms
101111101000000000000010010000000000,000000000010011000000001101010100010,010000010000000101010000000001011100,000000000101100010101100000100000001,174,2985ms
000010111000100010000000010000110000,101101000001000000011000101000000000,010000000000011001000101000000001101,000000000110000100100010000111000010,0,3350ms
111010010001100000100000001000000000,000100101010001001000000000000001110,000000000000010010011010100100010001,000001000100000100000101010011100000,157,43156ms
001110101000000000000010100100000001,000000000000101010101001001001001000,010000000010000101010000010010010100,100001010101010000000100000000100010,104,22263ms
100100100000000000100001001010100100,011000000110001011000010000000001000,000001011000010100001100000000010010,000010000001100000010000110101000001,103,9625ms
110100001010000000011000000010000010,000000010000100011000000111100001000,001000000000010100100101000001010001,000011100101001000000010000000100100,144,365ms
000110001000000000000011000100001011,010001000000011010110000000010010000,000000100111000101000000101001000000,101000010000100000001100010000100100,56,12959ms
010111110000000000001011000000000000,000000001001000010010000001001100110,101000000000000000100100110010011000,000000000110111101000000000100000001,177,965ms
010110110001010000100010000000000000,000001000000001101001001100000100001,100000001110000010000100010010000010,001000000000100000010000001101011100,177,545ms
010111011000010000000100000001000000,000000100101000000111000010000100001,101000000010100100000001100000011000,000000000000001011000010001110000110,177,1093ms
111111101000000000001000000000000000,000000010001000000010101010100010001,000000000110100101000010001010001000,000000000000011010100000100001100110,159,1465ms
111001001000000010000000001110000000,000100000101010000000010000000111001,000000110000101000110000000001000110,000010000010000101001101110000000000,157,653ms
101010010000000011000000000000101010,000000100000110000001100001101000100,010100001111000000010010100000000000,000001000000001100100001010010010001,157,1603ms
111101101000000000001000000100000000,000010010000001000000001001000010111,000000000110000110000100100011001000,000000000001110001110010010000100000,143,1126ms
000010101001000010000010100010000010,110000000010000001110100010000000100,001100000000000100000001001101100001,000001010100111000001000000000011000,38,3293ms
100011000000000100010100000011000001,001100000000001000001010001100010100,010000110010110000000001000000101000,000000001101000011100000110000000010,112,18986ms
000000001110000000010010010101000001,000000000000100111001001100010010000,110000000000011000100100000000100110,001111110001000000000000001000001000,110,1874ms
011100111100000000000000000000101000,000000000000011000000110001101000110,000000000001100000110001010010010001,100011000010000111001000100000000000,101,207049ms
001001001100000010101000000011000000,000100010010001101000010100100000000,000000100000110000000000010000101111,110010000001000000010101001000010000,50,3386ms
010100110000000100010001110000000000,100000000000011010001000001001100001,000010001011100000000010000100011000,001001000100000001100100000010000110,65,27290ms
