000011100001000000001000011010000010,000100010100100000010001000000101001,001000000010011011000010000100010000,110000001000000100100100100001000100,36,5853ms
001110010100001000000100010000001000,110001000000010010100001000100100000,000000101011000001001010000000010100,000000000000100100010000101011000011,79,6885ms
010101010000000101000001000100000010,100000000010001000001010010001011000,001010100001000000100000001010100100,000000001100110010010100100000000001,104,14246ms
110010101001001000000000000000010100,000100000110010010000001011100000000,000001000000100101100010100001100000,001000010000000000011100000010001011,117,47582ms
010110101010000100001000100000000000,100000000100001000000001011100000110,001001000001000001000010000001011001,000000010000110010110100000010100000,99,24520ms
111110000100000000000000011000100000,000000001010010000001110000001000110,000000010001101111000000000100010000,000001100000000000110001100010001001,177,9043ms
111000110001010101000000000000000000,000000000110000010100110010001100000,000001000000101000010001100100001100,000110001000000000001000001010010011,125,86740ms
010101100001000000110000000001000001,100000010010100100000110011000000000,000000000100011000001000000110100110,001010001000000011000001100000011000,104,22782ms
010101110000000000010110000000001000,001000001000101100000000101010100000,000010000010000010100000000100010111,100000000101010001001001010001000000,100,32113ms
111010111000000000001000000001000000,000101000010000000100110000100100100,000000000001000110000001011000010011,000000000100111001010000100010001000,121,13550ms
100010101000100101000000010000000010,000000000001001000011001000001110001,001101000110000000000100101000000100,010000010000010010100010000110001000,136,3105ms
011111111000010000000000000000000000,100000000010100100000100101001100000,000000000001001001101010000000001101,000000000100000010010001010110010010,108,65702ms
101011101000000000000000011000000010,000000000001100000001011000101100100,010100000110000000010100100000001001,000000010000011111100000000010010000,157,242ms
110011101000000000010010000000000001,000100000000000001001100001010111000,001000000001111100000001000100000010,000000010110000010100000110001000100,157,244ms
101100011000000100001010000000010000,000010000000101001010101000011000000,010001000010010010000000101000001001,000000100101000000100000010100100110,116,1928ms
010111011000100000000000000001000100,100000000000011000101100100000011000,001000100000000101010010011000000010,000000000111000010000001000110100001,99,52644ms
000100001000000000100010010110011000,010000100000000111001100000000100100,101000010001110000010000101000000000,000011000110001000000001000001000011,157,2553ms
101001001000010000011000010000000010,010000000001100000000010000101001101,000000000010000111100101100010000000,000110110100001000000000001000110000,108,18191ms
010111101000000000010000000001100000,000000010000101101000000001100010001,001000000101000010001110100010000000,100000000010010000100001010000001110,114,42417ms
111010110001000100000000100000000000,000001000010001000100100000100110100,000000001100000011010001000011001000,000100000000110000001010011000000011,146,1516ms
110010100010010001000110000000000000,000001010000101010000000011010010000,000000001100000100011000100000001101,001100000001000000100001000101100010,141,754ms
010001111000000010000001100100000000,001100000000101101000100000000100100,000010000000010000010010001010011010,100000000111000000101000010001000001,59,9742ms
011100111000010000000000000001010000,100011000100000000011000010100000100,000000000001101111000001000010000001,000000000010000000100110101000101010,68,83142ms
110001111000000000000000001000000101,000110000000011010000100000101000010,000000000111100000000000110010101000,001000000000000101111011000000010000,123,5883ms
111000010000001000000000111000000100,000101001001000000010000000011000011,000010100000000111001011000100000000,000000000110110000100100000000111000,108,25992ms
100010111000000001001100000000000001,000101000011000010000010001000011000,010000000100001000100001000101100100,001000000000110100010000110010000010,157,449ms
110011111100000000100000000000000000,000000000010001000010110100000001101,000000000001110001000001010110010000,001100000000000110001000001001100010,157,641ms
001000101010000100000100000101010000,000011010000011010000010000010000001,000000000100000001101001001000101100,110100000001100000010000110000000010,66,19445ms
001111001110010000000000010000000000,010000110000100001100000001001000100,000000000000000100011101000010011010,100000000001001010000010100100100001,85,130834ms
110011011000000011000000000000100000,000000100111000000001000001100001001,001000000000111100000011000001010000,000100000000000000110100110010000110,119,9908ms
000010011001001001100000110000000000,110001000000000000000100001010001011,000000100010100000010001000101110000,001100000100010110001010000000000100,46,51202ms
011111110000001000000000000000100000,100000000000010011100010000100011000,000000001100100000010101110010000000,000000000011000100001000001001000111,126,66601ms
111001111000000000000000001000001000,000000000011001110000000110000010001,000010000000100000110100000111000100,000100000100010001001011000000100010,157,131ms
001110001000100010000000001010010000,000000100110010000000110100000001100,110001010000000100101000010000000010,000000000001001001010001000101100001,166,2718ms
011010000100011000000100000000011000,000101001011100000100000100000100000,100000000000000011000000011011000011,000000110000000100011011000100000100,112,14116ms
011100000001000101001000001000100000,000010101000000000000010110000011001,000001000100100000100001000110000110,100000010010011010010100000001000000,100,24354ms
000110001001010011000000000000100100,000001100000101100001100100000010000,000000000100000000110011011100001000,111000010010000000000000000011000011,64,95061ms
100101000000000101100000000000000111,000000001110100010010001000100001000,011000000000010000000110001001110000,000010110001001000001000110010000000,113,3361ms
101011111000000000000000000000001010,000100000111100100001010100000000000,010000000000001001000101011100100000,000000000000010010110000000011010101,143,12241ms
100110000000010100001010010001000000,000000100111000001100100000010100000,001000011000000000010000000100001111,010001000000101010000001101000010000,162,8850ms
001111100000010001000010100000000000,000000001110100000100000000111000010,000000010001001010011001011000000000,110000000000000100000100000000111101,74,120291ms
001100011000100000001000100001100000,100001000001000010000100000100011010,000000000110011000000010011000000101,010010100000000101110001000010000000,36,8456ms
110100011001000000000000100101000000,001010000000001000011000010010100100,000000100100000111000011000000011000,000001000010110000100100001000000011,136,1367ms
111001000110100000000001000000000010,000000000001010010100000101101010000,000110011000000101010000000010001000,000000100000001000001110010000100101,164,1966ms
011101111000000010000000001000000000,100000000000010000101001100000011100,000010000111001001000010010000100000,000000000000100100010100000111000011,116,15024ms
011011101000000000010000000000100100,100000000011001100000000110000000011,000100000100010011000001000110010000,000000010000100000101110001001001000,116,4855ms
101000101010000000001100001000001000,010000010001101100000011000001000000,000010000100000000000000110110010110,000101000000010011110000000000100001,112,15774ms
100101001100000010001100000100000000,000010000001010100100000101000010010,011000010010001000000011000001100000,000000100000100001010000010010001101,140,333ms
101000111000000000000100010000001010,010001000101001000001000000010010100,000010000000110010010001101100000000,000100000010000101100010000001100001,117,3759ms
010110000110100100000001010000000000,000001010001010000001110000101000000,001000100000001010100000000000010111,100000001000000001010000101010101000,136,5878ms
111011011000000000000000000000001100,000000000101000000010011111000010000,000100100000110100000000000101000011,000000000010001011101100000010100000,157,145ms
110101111000010000000000000000001000,000000000110000000001001101110100000,001000000001101000010110010000000001,000010000000000111100000000001010110,136,572ms
001010110100000011001000010000000000,010001000011100000010000100000010010,100100000000010000000001001101100100,000000001000001100100110000010001001,142,4636ms
011001001001000000100000000000111000,100000110000100001000010011000000100,000010000000010100010000100101000011,000100000110001010001101000010000000,107,8183ms
011011110010000000010000001000000000,000100001000000001000101010001010001,100000000100001100001010100000101000,000000000001110010100000000110000110,157,857ms
001000100100001001110000000010010000,110010001000110000000001001000000010,000001000010000110001000110000001001,000100010001000000000110000101100100,30,4875ms
101110101010100000100000000000000000,000000000000000101010001111000001010,010000010101001010000000000011010000,000001000000010000001110000100100101,177,83ms
001100110001000100010000000000010100,000000001100010000000111100000001010,000000000000001011100000010011100001,110011000010100000001000001100000000,33,5490ms
100100010001001000001000000001011000,001000000000110101000100000000100110,010000001000000010110000101100000001,000011100110000000000011010010000000,157,1618ms
101001110000000000000010010110000000,000000001110110001010000000000110000,010010000001001100000101000001000001,000100000000000010101000101000001110,142,672ms
111011100010000000001000010000000000,000000010001100100010000101001100000,000100000100000010100110000010011000,000000001000011001000001000100000111,157,89ms
011000101010000001100010000000001000,000110010100010010010000101000000000,000000000000000100000000010111100111,100001000001101000001101000000010000,63,100388ms
001101111000000010000100000000000010,100010000000011000100000000011101000,010000000100000101000001111000010000,000000000011100000011010000100000101,75,10183ms
100101101010000000000100000000001100,001000000001001001011000001110000000,010000010000010010000001110000000011,000010000100100100100010000001110000,112,2115ms
011101110000100000000001000010000000,100000001010001100000000110100010000,000000000000010010101000001001101010,000010000101000001010110000000000101,91,39647ms
001101000010000101001010000000001000,010010100100000010000001000110000010,100000010001100000010000010001010100,000000001000011000100100101000100001,89,9719ms
111010011000010000000100000000100000,000000100011000000011010010010000001,000101000000101010100001000000001100,000000000100000101000000101101010010,137,1406ms
111011111001000000000000000000000000,000000000010111101010000000000011000,000000000000000010001111101100000001,000100000100000000100000010011100110,133,1157ms
100010100011101000010000000000100000,010000010000000101000001101000010010,001001000000000010000100010110001100,000100001100010000101010000001000001,119,3523ms
011101011000010100001000000000000000,000000100000101001000011001010010000,100010000111000010100000000100000100,000000000000000000010100110001101011,157,466ms
111100010000000010000100000010000001,000010000000011100001001100000010100,000000000100000000010010011100101010,000001101011100001100000000001000000,157,1158ms
000110110010100010010010000000000000,000000000101011000000001011000001001,011000000000000001100100000101010010,100001001000000100001000100010100100,123,29599ms
010111010010000000000001000001000010,100000000000001110000100100110010000,001000001100010000101000000000101001,000000100001100001010010011000000100,117,7531ms
001000000100000100001100000010110001,000101010000011010010000001001000000,100000100010100001000000000100001110,010010001001000000100011110000000000,69,215630ms
001100010000011000100010100000000001,000001000110000100000001011010010000,010000100001100001001100000100000010,100010001000000010010000000001101100,80,10193ms
010111110000000000010010000000000010,000000000100000000100001001010111001,100000000001100001000100110001000100,001000001010011110001000000100000000,141,34097ms
111001001000000000000001000001100001,000010000111000001100100100000010000,000100100000101100011000001000000010,000000010000010010000010010110001100,136,21579ms
011110000010010000000000000000011001,000001011000001001111000000000000100,100000100101000100000001110000000010,000000000000100010000110001111100000,166,3939ms
001001011000100000001000000000101001,000110000001010101000000101010000000,110000000100001010010000000101010000,000000100010000000100111010000000110,157,1698ms
100100111000000011000000001000001000,001010000000010000100101100010100000,010001000100100000010000010001000101,000000000011001100001010000100010010,121,7481ms
000110010000000111000100100000001000,110000000000000000110000001111000100,001001001010001000000010010000010001,000000100101110000001001000000100010,50,4266ms
011101001010000000000001010100000000,100000000100001100110000001001010000,000010000000110000001000100010100110,000000110001000011000110000000001001,77,6978ms
001100111000000100000010001000100000,000000000110101010100000010100001000,000010000000010001000101100010010100,110001000001000000011000000001000011,42,6172ms
010110010000000000001000110000000110,001000100010010000000101001000101000,000000000000101011100010000001010001,100001001101000100010000000110000000,85,7391ms
101101100001000000001000000100000100,000010000100000010000100011000010011,000000010010101000100010000010101000,010000001000010101010001100001000000,157,1703ms
001000010000111010000000000010010010,010000100100000001011001010000100000,000011000011000100000100001001001000,100100001000000000100010100100000101,0,14457ms
000010010000100100000011010010001000,000100101000000010010000101000110000,101000000110001000100000000100000101,010001000001010001001100000001000010,117,423ms
000111111000001000010000000001000000,111000000000000101000000001010000011,000000000111000000001001110000001100,000000000000110010100110000100110000,66,7234ms
101111011001010000000000000000000000,000000000010000010000000110101001110,000000100000000001101101001000100001,010000000100101100010010000010010000,140,901ms
000101110100010000001000000000010001,010010000001000101000001001001001000,000000001000101000010110000010100010,101000000010000010100000110100000100,44,1644ms
100110010100100000000010000000010100,000000101010000000010001000000101011,000001000000001011000100110011000000,011000000001010100101000001100000000,117,2062ms
110101010000001000000000000010011000,000010000101100001100001010000000010,001000101000000010000010100101000001,000000000010010100011100001000100100,157,1399ms
000101100010000010010000000001010001,001000001100001001100000001100001000,000000000000010100000111100010000110,110010010001100000001000010000100000,0,3816ms
101111001000001000000000000100100000,000000000000000111001010110011000000,000000100011110000010001001000000100,010000010100000000100100000000011011,150,3183ms
111101100000100000000000010000001000,000000001000000100001011100010000011,000000010010011010100000000100110000,000010000101000001010100001001000100,152,1095ms
111101110010000000000000001000000000,000000000100110100000100100010001010,000000001001001000011001000101000001,000010000000000011100010010000110100,142,1298ms
011110100000000001000010001000001000,000000001011000010000000010010010110,000001000100100100110001100000000001,100000010000011000001100000101100000,125,14542ms
011001110000001000010010000000001000,000100000101010101001000000001000001,000000000010000010100001101000010110,100010001000100000000100010110100000,82,29714ms
100110110001010010010000000000000000,000000001100000001001010110000001100,000001000000000100000100000111100011,011000000010101000100001001000010000,103,11678ms
110000110000000010000000000000011011,001011000010000101100001100000000000,000100000100001000011100000110000100,000000001001110000000010011001100000,142,16002ms
100101111001000000100001000000000000,001010000000100010001010011100000000,000000000100011100010100100001010000,010000000010000001000000000010101111,142,20530ms
011110101000000100000000010001000000,100000000011100000000100000110010001,000000010000001000110011000000101100,000001000100010011001000101000000010,125,17745ms
111101010000010000000000000001000010,000010000001000000001011000000101101,000000101110000100000100100100010000,000000000000101011110000011010000000,157,296ms
000100111100100011000000000000001000,000000000001001100101001011000100000,001011000010010000010010000011000000,110000000000000000000100100100010111,80,72309ms
110110010000000100000010010001000000,000000000001000000100101101100001001,001001001000000011010000000000110100,000000100110111000001000000010000010,145,9285ms
011110001001000000100000000000010100,000000100010010101010100000000001010,000001010100101000000001000011100000,100000000000000010001010111100000001,126,3659ms
101111000001000000000001000000110000,000000000110000000100100010011000011,010000110000011000000000001100001100,000000001000100111011010100000000000,152,14033ms
001010101000000000000001000101000110,000000000011001110001000001000001001,000101000000110000010010100010010000,110000010100000001100100010000100000,80,35758ms
000111001000001000000000001010000011,100000110000110000101001000100000000,000000000110000011010010110000000100,011000000001000100000100000001111000,72,16244ms
100001100000001100000000000011110000,001000001011000010100100000000001010,000100000100000001010010001100000101,010010010000110000001001110000000000,101,20943ms
011100110010000000010000001001000000,000010000101010101000001000000001010,000001000000100000100000100110010101,100000001000001010001110010000100000,107,22250ms
100000110000110100000001000001010000,011101001001000000000000100100000001,000000000010000000110000001010101110,000010000100001011001110010000000000,63,27202ms
100010000110100000000101001010000000,001000000000000001010010100101100001,000001001000011110000000010000000110,010100110001000000101000000000011000,73,7519ms
111111110000000000000000010000000000,000000000000110100010001001000100110,000000000001000011101110000110000000,000000001110001000000000100001011001,177,116ms
111000100100000010000000000001100010,000101010011110001000010000000000000,000000001000001000101101001000010001,000010000000000100010000110110001100,116,71808ms
011010101000100110000000000000000001,000000000110000000011001010000011010,000100000000011000100110001001100000,100001010001000001000000100110000100,78,34331ms
100101010000011000001100000000000001,000010000111000001000000110001010000,010000101000000100100001000100000110,001000000000100010010010001010101000,157,329ms
101111101100000100000000000000000000,000000000001000010001110100010011000,000000000010011000000001010101100001,010000010000100001110000001000000110,153,3185ms
000001101010101000100000000001100000,000010010000010011000010100010000100,000100000101000100000000010100001011,111000000000000000011101001000010000,67,7251ms
101001101000000000000100010000100001,010010010110010000100000000000000110,000000000000100001001001001111001000,000100000001001110010010100000010000,113,25712ms
011010001100000000000000010001100001,000100010011010001001010000000001000,100000000000100010010100001100010100,000001100000001100100001100010000010,157,2042ms
010111111010000100000000000000000000,101000000000101000000011000011000001,000000000000010001011100010000011100,000000000101000010100000101100100010,89,241474ms
100110100001000000001010010100000000,000000001100001011000000100000000111,001001010010100100000001000000101000,010000000000010000110100001011010000,146,5602ms
100010010100000000000010100100000110,010000101000001000001100001000110000,001001000011000000100001000011001000,000100000000110111010000010000000001,129,1351ms
001001110000010001100000000010000001,010000000000000010001010001101001010,100000001000001000010101100000010100,000110000111100100000000010000100000,112,18079ms
101001000000001000010100110000000100,000010010100010010000001001010000001,000100101010000001100010000001010000,010000000001100100001000000100101010,135,2744ms
011101000010001000000000010001001000,000010010000000100001010000110100010,100000000000010011110000000000010101,000000101101100000000101101000000000,144,19120ms
001110100000010000000000011000100010,000000000110001001010110000001000100,110000010001100100000001100000001000,000001001000000010101000000110010001,135,12121ms
101100100000010001000001000010001000,010000010110100000000100010000000110,000001000000000010000000101101110001,000010001001001100111010000000000000,126,47104ms
000100100011100000101000000000101000,001010000000000110000110100000010001,000001011000001000000001010101000010,110000000100010001010000001010000100,59,552ms
100110111000000000010100000000000001,000001000110000001000011101000010000,000000000001011010000000010011101000,011000000000100100101000000100000110,102,23068ms
101010001000010100010000001000100000,000000100011100010001001000100001000,010101000000001001100000100010000001,000000010100000000000110010001010110,123,2318ms
001111111000000000100000100000000000,000000000100001100010100000010001101,000000000001000011001010011100000010,110000000010110000000001000001110000,113,25579ms
100011000000001000000100011000011000,000100000000000110011010000001100001,001000100011100001100000000100000010,010000011100010000000001100010000100,144,513ms
000011101000000000000110000010100010,010000010100000100100001000101000001,000000000010011001000000111000011000,101100000001100010011000000000000100,20,3943ms
000001100101010000100000000000111000,010000000010100010000100010101000001,000000011000000101011000100010000010,101110000000001000000011001000000100,25,2228ms
011010011000010010000000000000010100,000100100001000000000010111010100000,000001000000101101101000000000000011,100000000110000000010101000101001000,46,3715ms
000101010000000111000000100010010000,101010100101001000000010010000000000,010000000010110000100001000101000001,000000001000000000011100001000101110,47,26468ms
011101101000010000010100000000000000,100010000001001000000001010000110010,000000010010000001101000100000001101,000000000100100110000010001111000000,98,11159ms
010100100000001100100000000010000011,000001001000110000001110000001001000,001000000010000011010000001100100100,100010010101000000000001110000010000,90,1547ms
001111110001000000100000000000010000,000000000100100100000010111001000001,010000000000011000011100000100100100,100000001010000011000001000010001010,115,5963ms
000001000100000000110000000001101110,100000000000010010000111110000010000,011110001001001101000000000000000000,000000110010100000001000001110000001,142,3361ms
101011100000000000010000001001001000,000000011011010010100001000000100000,000000000100001100001000000100010111,010100000000100001000110110010000000,131,10732ms
100011101000000000000010111000000000,010000010010000000100101000001001100,000000000000101100000000000110110011,001100000101010011011000000000000000,101,274713ms
000000110000111000000100000100010010,010001000001000001100000100010001100,100010000100000000000011010001100001,001100001010000110011000001000000000,75,33355ms
110100110000000000010000100000100010,000001000110001010000010000100001001,001000001000110100000001001010000100,000010000001000001101100010001010000,136,1845ms
111111100000000001000000000000100000,000000010000010010000100010000011101,000000001010000000100011001110000010,000000000101101100011000100001000000,177,98ms
000010001100000000001001001010010001,100000010011000001000100000101000010,001001100000100000110010100000001000,010100000000011110000000010000100100,63,14510ms
000001110001000000001100010001010000,010100000100101100000010100000100000,100010000010000010000000001110001001,001000001000010001110001000000000110,93,9095ms
010111100000000000001000101000001000,001000000000010101110001000100100000,000000010101101000000010000001000110,100000001010000010000100010010010001,85,17382ms
010010001101100001000101000000000000,100001010000000010100000110000010100,001000000000011000000010001100001011,000100100010000100011000000011100000,66,7628ms
111100100000010011000000100000000000,000011010100100000000000010010000101,000000000010001100001010000101100010,000000001001000000110101001000011000,143,17411ms
000111100100001001100000000000000100,010000011010100010000000100001100000,001000000000000000011001000110001011,100000000001010100000110011000010000,109,46879ms
110111001000110000000000000000000001,000000000000000000010000011111111000,001000100000001011101000000000000110,000000010111000100000111100000000000,155,15623ms
101010110000000000000000001011000010,000101000000100110000100010100010000,000000000001000001111011000000001100,010000001110011000000000100000100001,131,10430ms
011011000001000000000000000001100101,000100000100010000101100111000000000,100000100000001010010000000110011000,000000011010100101000011000000000010,157,30139ms
001010111000000010100000010000000100,000000000101110001000100100000010010,000101000010001000010000001100100001,110000000000000100001011000011001000,77,9630ms
101101110000000010001000100000000000,010000000000000001000001010011010011,000010001111100000000000001100100000,000000000000011100110110000000001100,157,498ms
111000000001010001100000000110000000,000111000000001000010000010000101010,000000000110000010001101001001000100,000000111000100100000010100000010001,157,52ms
110100010001000000001001010010000000,000010000000110001100100001000100010,001000101010001000000010000001011000,000001000100000110010000100100000101,130,3649ms
011011111000000000000010000010000000,100000000001110000100001101000001000,000000000000001010010100000101010101,000100000110000101001000010000100010,105,30695ms
010100001000000010000000111010010000,000011100100100000110000000001001000,101000000011010100000101000100000000,000000010000001001001010000000100111,130,474ms
000011001110010100000000000100000100,000000110000001000010100100001100010,110100000001000000001001010010001000,001000000000100011100010001000010001,157,385ms
101101111000000100000000010000000000,010000000001000010010001100000001110,000010000100101000101110000001000000,000000000010010001000000001110110001,157,330ms
101100000000010001000001001010000010,000011010100000010100100000001000100,000000000011101000011000010000110000,010000101000000100000010100100001001,71,6483ms
100011111001000000000000000001000100,010100000000010000001000100100110001,001000000100101010110010000000001000,000000000010000101000101011010000010,139,12026ms
000101000001001101000000100010000001,101000000000000010000100011001011000,000010100010110000101000000100000100,010000011100000000010011000000100010,31,2605ms
001101100000000010100001000000000110,000000000011000101000000011011010000,110000011000101000011000000100000000,000010000100010000000110100000101001,157,26ms
110100101000001000100000110000000000,000011000000100100010000000001110100,001000010100000000001110001000000011,000000000011010011000001000110001000,157,552ms
010000011000001001000000010000001101,100001000000000000010011100111000000,000010100001010100100000001000010010,001100000110100010001100000000100000,30,1707ms
100011001000000000100000100010010001,010000000001001110000010000001001010,000000100110000000010101001100100000,001100010000110001001000010000000100,133,794ms
010010101000100000010100001010000000,000100000000011100000000110100100001,001000010001000010101001000000001100,100001000110000001000010000001010010,76,8186ms
101100001000000000110000000010001010,000010100000101100001100000001000100,010001010111000000000001100000100000,000000000000010011000010011100010001,157,288ms
101110001000100000000000000100000011,000000010010010000001110011010000000,000000100000000111010001000000111000,010001000101001000100000100001000100,133,6894ms
111101001000000010000000000000000011,000000100001000100100010000111100000,000010010000110000011100000000001100,000000000110001001000001111000010000,143,6003ms
110001001000000010010000010000100100,001010100000000000000110100100011000,000100010001011100000000001000000011,000000000110100001101001000011000000,83,59331ms
110000101100100000001000000000001100,000000000011001000100010011010100000,000111000000000100000101000001010001,001000010000010011010000100100000010,146,2253ms
010110100000000001001000010000100100,001001010001000000000001001010001010,000000001000101010000010100001010001,100000000110010100110100000100000000,44,7685ms
001001100000000010001011000000001100,100000001100000100000000100011110000,000110000001000000110000011100000010,010000010010111001000100000000000001,84,19983ms
000110011010010000001010000000001000,000001000001100010100000110011000000,010000000000000001000001000100110111,101000100100001100010100001000000000,47,15404ms
000110111100000000100001100000000000,000001000010000010011000011010000100,011000000001010000000100000001101010,100000000000101101000010000100010001,140,4973ms
101000100001001000010000100000001010,000001000000000100100111000100100001,000000001100100011000000001001010100,010110010010010000001000010010000000,83,9084ms
001101001000010000000000000010110001,010000100001000011001000000101000100,100010010010101100000000001000000010,000000000100000000110111110000001000,122,19363ms
001011111001000000001000000000001000,100000000000100001100011001010100000,010000000010001110010000000000010101,000100000100010000000100110101000010,68,10004ms
000101011000110100000100100000000000,000000100010000000111001000100000101,000010000100001000000010011011001000,111000000001000011000000000000110010,46,33031ms
000010110011000000000000110100001000,011000000000100010010100000001010010,000001000000011101100000001000100001,100100001100000000001011000010000100,28,383ms
010100011000010000011000001000000010,100010100000000001100010000100010001,000000000110001110000100110001000000,001001000001100000000001000010101100,58,37500ms
111011010000000000000000101010000000,000000100010000100001011010001000001,000000001101000011010100000000000110,000100000000111000100000000100111000,134,296ms
110000001000001100000010010000101000,001001000001100000110100000100000001,000010110010000011000000100010010000,000100000100010000001001001001000110,95,1714ms
010000111000001000000001010000100100,100001000100100001000100000000011001,000010000000000110001000101101000010,001100000011010000110010000010000000,39,1812ms
110100100001001000001000110000000000,000001000110000000100101000010011000,000000000000010110010010000001100011,001010011000100001000000001100000100,97,37094ms
101010000000110000010000000101000010,000000010101000001001100000010010100,010000100010001100100001100000100000,000101001000000010000010011000001001,144,836ms
110001010000000011010000100100000000,001110000100101000100010000010000000,000000000000010000001101010001011001,000000101011000100000000001000100110,111,10958ms
111001010000010000001100010000000000,000100000010101000100000000010001110,000010001000000011000000101101100000,000000100101000100010011000000010001,147,3139ms
111110110000000000000000000110000000,000001000100010100110100000000100001,000000000000100010001010001001011100,000000001011001001000001110000000010,177,67ms
010000101001000001100001000100000010,000001010000011000010010000010011000,001110000010000000000100010001100100,100000000100100110001000101000000001,107,6210ms
010001101000010000100010001010000000,001010010100000101000000010000000110,000000000011001010010100000001001001,100100000000100000001001100100110000,52,38539ms
111111101000000000000000000100000000,000000000000010101111000000010011000,000000000001000010000101111000100010,000000010110101000000010000001000101,177,69ms
000110000010010000001000011000101000,101001000001001000000100100101000000,010000011100100100100010000010000000,000000100000000011010001000000010111,99,1942ms
000110100001001000001000100100000010,000000000110000001010110000000110100,010000010000100010100001001001001000,101001001000010100000000010010000001,64,4583ms
111100011000000001000000001000000001,000000100000110000101001000010101000,000010000110000100000110100000010100,000001000001001010010000010101000010,150,1051ms
001110101100000001000010000000010000,100000010000101000000000010110100010,000001000011000000101100000000001101,010000000000010110010001101001000000,93,8547ms
001001010100100010000001000100010000,010100000011001000000010010000000011,000000001000000001010100001011001100,100010100000010100101000100000100000,47,9321ms
001110011000000101000010000000001000,010001000001100010001001010001000000,000000000000010000110000101000100111,100000100110001000000100000110010000,76,20566ms
110111100000000000001000000011000000,000000001000010000000001110100101010,000000010110100101010110000000000000,001000000001001010100000001000010101,177,601ms
101110111000010000000000000000010000,010000000000000001100100110110000001,000000000111001010001001000000100010,000001000000100100010010001001001100,177,740ms
011111100000000000100000000010010000,000000000010010010001000001101001010,000000000100101001000111100000000001,100000011001000100010000010000100100,106,20188ms
111110011000000010001000000000000000,000000100001000000100010110100100100,000000000010101101010100001001000000,000001000100010000000001000010011011,149,3699ms
110101011001001000000000000000000100,000010000000000000100000100001111011,000000100100110000001110000110000000,001000000010000111010001011000000000,157,23493ms
010101111000001000001000000000000100,000010000100000010100001000110101000,101000000000110000010000111000000010,000000000011000101000110000001010001,157,2164ms
100100000000001100000100001110010000,010000100000100011000000010001100010,001000001110000000101000100000001001,000011010001010000010011000000000100,121,3582ms
010011010001110000010000000000000010,101000000100000100000110000011000100,000100101000000010101001100100000000,000000000010001001000000011000111001,89,15307ms
100110001100010000000000011100000000,001000100001001010000110000000100001,010000000010100101010001000010000010,000001010000000000101000100001011100,177,1179ms
010010110010001000010100000100000000,001000000000010000100011000011010010,100101000100000000001000110000001001,000000001001100111000000001000100100,157,116ms
010101011000010000000000000000011100,001000100100000010100110010000000010,100000000010101100010001100000100000,000010000001000001001000001111000001,131,32107ms
010011011000000000000000010010110000,100000000000101110001001100000000100,001000100100010000110100001000000001,000100000011000001000010000101001010,107,51522ms
111101000000000000000001010000001100,000000101101110100010100000000000000,000010010010001010000000000111100000,000000000000000001101010101000010011,157,5582ms
011101010000000001010000100000000100,100010000001100010001000010000100010,000000101000000100000110000110010001,000000000110011000100001001001001000,100,9021ms
001010000010101000000000000110001001,100000110000000001101001110000000000,000101000000010000010010001001100100,010000001101000110000100000000010010,42,89845ms
001111010000001000101000000000000001,110000100000000111000010001100000000,000000000010110000000100100001010110,000000001101000000010001010010101000,85,14198ms
100111101000000010100001000000000000,000000010100000000000010100101011100,000000000011111000010000001000100001,011000000000000101001100010010000010,152,1566ms
001101010000110000001010000000010000,000010000001001000000001111001000010,000000001110000010100000000110101000,110000100000000101010100000000000101,103,1862ms
010100010000000000000000100011011100,001001101000010000001001001000000001,100010000011000100010010010000100000,000000000100101011100100000100000010,115,41678ms
000111000100100000000000001001010001,000000000000000011100001010100101100,001000011010001100011000000010000000,110000100001010000000110100000000010,81,17243ms
001000001000100001001100000010101000,100011100100000100010000000101000000,000100000010010000100011100000000110,010000010001001010000000011000010001,24,223ms
110101101000100000100000000000010000,000000010000000001001110001100000101,001000000100010110010000100010001000,000010000011001000000001010001100010,157,194ms
111001101010001000000000000100000000,000100010000000010001111000010100000,000010000000100000100000010001011101,000000000101010101010000101000000010,144,11176ms
010100110000100100001100010000000000,101010001000001011000000000001001000,000001000111000000000000000110100011,000000000000010000110011101000010100,87,406026ms
110010111000000000100010000001000000,000000000100000000001100100000011111,000001000011001001010001010000100000,001100000000110110000000001110000000,157,4843ms
110011100001110000000000000000010000,000100010000000001010010010010000101,001000000010001110000000001000101010,000000001100000000101101100101000000,144,1663ms
010101101100000000100000010000001000,000000010000101001011100000001000010,101000000001000110000001000000100101,000010000010010000000010101110010000,157,169ms
110001100001100010000010000100000000,000000000110010000000101000001101001,000100010000001100010000001010000110,001010001000000001101000110000010000,106,8263ms
011011010000000000101000000001010000,000000001001001000010011010100000100,000100000010010010000100101000001001,100000100100100101000000000010100010,79,18460ms
101100111001001010000000000000000000,000000000000110100011001001001000010,000011000110000000000000010110001100,010000000000000001100110100000110001,157,174ms
010010100000000001010000100110001000,001101010000010110000000000001100000,000000001001100000000101010000010011,100000000110001000101010001000000100,36,16434ms
011100010010000001100000010000000010,000010001101000000000000001111000001,100001000000010110001101100000000000,000000100000101000010010000000111100,157,10430ms
011111101001000000001000000000000000,000000000000100100010110001011000001,100000010100000011000001000000101100,000000000010011000100000110100010010,177,414ms
000011000100100010010000010000110000,101000000000000000001010100001001110,000000101011011000100000001010000000,010100010000000101000101000100000001,15,10592ms
001011000000100000010101100000001000,010100000001011000000000001000100101,100000110100000010000000010011010000,000000001010000101101010000100000010,123,8527ms
000001010001100100000110000100100000,000000001100010000100000001010011001,110100000010001000000001100001000010,001010100000000011011000010000000100,97,7527ms
000011010001001000001000100100010000,010000000100100100110110000000000010,101000000010000000000001010010100101,000100101000010011000000001001001000,104,4403ms
011111010000010000000000001000001000,000000100110001100010101000000100000,100000000000000010000010100001010111,000000001001100001101000010110000000,150,11973ms
110010001000000001000010001000100100,000000010000100010001101110001000000,000001000111001100000000000000001011,001100100000010000110000000110010000,116,26338ms
111110100000000000000000100001001000,000000000001010110011000000000100110,000000001110001000100010011000000001,000001010000100001000101000110010000,177,1262ms
010000110010000000011000001000100010,000001000000010111100000100010001000,100100000101000000000000010101010001,001010001000101000000111000000000100,144,3372ms
010110001010100000000000010101000000,000001000100000100010000101010010001,000000010001001010100110000000001100,101000100000010001001001000000100010,91,3524ms
011010111000000010001000010000000000,100000000000010000010000100100011011,000100000000101100100101001010000000,000001000111000001000010000001100100,102,44569ms
000000011101011000000100000010001000,011101100000000000110000001000000010,000010000000100110000000110000100101,100000000010000001001011000101010000,0,3278ms
010001110000000110100010100000000000,000010001011000000001101000010100000,100100000100001000010000001001001100,001000000000110001000000010100010011,150,3276ms
110110100100000000000100000000010010,000000000000110000101000011001001100,000001000010001100000011100000100001,001000011001000011010000000110000000,120,5401ms
111010010011000001000000001000000000,000101000000000000001100000101000111,000000100000011010100000000010111000,000000001100100100010011110000000000,132,56773ms
011000110001101000100000000001000000,100000001000000011011111000000000000,000100000000000100000000111110010001,000011000110010000000000000000101110,69,74629ms
101111010000000010001100000000000000,010000100001001100000000000101101000,000000001110110000100000100010000001,000000000000000001010011011000010110,153,26776ms
011100101000100000000100000000000101,000010000010000011111000001000010000,100000010000010000000011010011001000,000001000101001100000000100100100010,124,19813ms
111011000000010010000000100000100000,000000000010001101000000010101010100,000100000100000000101111001000001000,000000111001100000010000000010000011,157,1006ms
100010110001100010000010100000000000,000001000100000101000000010111000001,001000001010001000010100001000001100,010100000000010000101001000000110010,81,25270ms
111110001000100000000001010000000000,000000100101010000001000000101100100,000000010010001100100100101010000000,000001000000000011010010000000011011,177,757ms
101101010000001000100100000000001000,000000001010010010000010001000110010,000000100001100000001000110111000000,010010000100000101010001000000000101,143,229ms
010100000000100000010100111010000000,000010010101000010000011000001000001,101001101010001100001000000000000000,000000000000010001100000000100111110,157,2640ms
011001011000000010000000000011000001,000110000001011000001101100000000000,100000100000100000110000000000110110,000000000110000101000010011100001000,143,20380ms
111000101100100000000000000000001001,000011010000000100000000000111100010,000100000010011000100100110000010000,000000000001000011011011001000000100,143,41444ms
110110101000100000000000000000001001,000001010000011010010000001110000000,000000000011000100001010010001010100,001000000100000001100101100000100010,145,9555ms
111001011000000000100010000100000000,000000000000000110000101010000001111,000000000100110000000000101011110000,000110100011001001011000000000000000,141,10821ms
010001100000001000000000001001011001,001000000010100001111000010010000000,000100000101010000000111000000000110,100010011000000110000000100100100000,57,7413ms
000010000100100001010010011000100000,011001001000011010100000000010000000,000000000000000100001101100000011101,100100110011000000000000000101000010,0,4729ms
001011001100000010000001000000010010,000100000000101001001110010100000000,100000100000010100010000100000101100,010000010011000000100000001011000001,112,3623ms
010011100001000001010000001000000010,001100001100100000001000000110000001,100000010000011100100000100000001100,000000000010000010000111010001110000,106,20527ms
001000111000000001010000100000010001,010000000001011000100100001110000000,000100000010000110001011010000100000,100011000100100000000000000001001110,23,3005ms
111011110000000000000100000001000000,000000001001101010001001110000000000,000000000100000001010000001110101001,000100000010010100100010000000010110,157,3144ms
110111000001001000000000000000100010,000000001000000001101100100100010001,000000110100110010010010000001000000,001000000010000100000001011010001100,173,2485ms
100100100010001011010000000010000000,010000011000110000100000000000101001,001001000101000100000011000100010000,000010000000000000001100111001000110,127,4502ms
110111101000000000010000000100000000,000000010100101000100100011000000001,001000000010000001000000100001111100,000000000001010110001011000010000010,159,743ms
101101101100000000110000000000000000,000000000000000101001000001101000111,010000010001000010000100110010100000,000010000010111000000011000000011000,157,18ms
100100001000000100100001001000000101,000011010011000000001000100100001000,011000000100100011000000010010000010,000000100000011000010110000001110000,136,2454ms
010011101100010000000000000010001000,001000000000001101011000010000010010,100100010011100000100100000000000100,000000000000000010000011101101100001,157,659ms
110010011000010010010000000001000000,000000000001000100000011011100001001,000001000100000001100000100000110110,001100100010101000001100000010000000,128,5483ms
110101001000000001000100001000000010,001000100000100000101010010001001000,000010010010001000010001100000010100,000000000101010110000000000110100001,109,71849ms
011110011010000100001000000000000000,000000000000111000100010100111000000,000001100001000000010100010000100101,100000000100000011000001001000011010,103,16403ms
011001101000000101000000000000101000,000100010000000000011100001111000000,100010000100010010000011110000000000,000000000011101000100000000000010111,150,19574ms
001100101000100010110000000000000010,010000010001010100000001000011001000,000010000000001000001010100100110001,100001000110000001000100011000000100,60,35091ms
111001110000001000000001000000000100,000110000100000011000110110000000000,000000000000110000010000000111110010,000000001011000100101000001000001001,157,37150ms
001101101000010000000001000001010000,000000000001001101111000000010000001,010000010100000000000110010100000110,100010000010100010000000101000101000,100,8042ms
101000010000010001000100110000000100,010000001100001000001000000101000011,000000100011000010110010000000110000,000111000000100100000001001010001000,84,9565ms
100100110000000001001010000000001010,000001001001001100000001000010100001,010010000110100000010000000101010000,001000000000010010100100111000000100,157,392ms
001100000010101100000001100010000000,000000000000000001011000011100101010,110000100000010010000000000001010101,000011011101000000100110000000000000,103,146717ms
001011110000010000000100000001000010,000000001000001001000001100010001101,000100000101100010000010001100010000,110000000010000100111000010000100000,85,4736ms
011001000000000100001000001010010100,000010001011100000110000100001000000,000000010000011001000010000100100011,100100100100000010000101010000001000,61,11134ms
100111100100000011000100000000000000,000000001001110000101001000001100000,000000000010000000010010111010010100,011000010000001100000000000100001011,134,70770ms
000100000010000001010000101111000000,010001000000110100000100000000001110,101010001000000010001011000000010000,000000110101001000100000010000100001,141,649ms
111111011100000000000000000000000000,000000000001010010001000010100010011,000000100000001001100100001011001000,000000000010100100010011100000100100,177,46ms
001100001001010000010000100101000000,110000110000000001000000001000001101,000011000110001010101000010000000000,000000000000100100000111000010110010,83,23810ms
101101001000011000000000000000000011,000000000111000100001000010110100000,000010010000000010110010100001010000,010000100000100001000101001000001100,119,3584ms
100000010110001000000010110010000000,000011100001110000001000001000000001,010100001000000101100001000000100100,001000000000000010010100000101011010,136,4715ms
000000010111110000001000000000100010,100010000000001000000010110101001000,011100101000000001000001000000010001,000001000000000110110100001010000100,77,11808ms
100011100000000010001000000001001001,000000001000010000100101101100100000,010100000001001100000000000010010110,001000010110100001010010010000000000,115,95831ms
001010011000001000000000011000001010,000000100000010100111000000000110001,100000000000000011000011100110000100,010101000111100000000100000001000000,87,19584ms
010000100000010010010001010010010000,000000000011001001100010001000000011,100001000100000000001000100101100100,001110011000100100000100000000001000,108,7409ms
100000100000110001010000101000000001,010100010001000010101000000101000000,000001001010001000000110000000011010,001010000100000100000001010010100100,41,1278ms
101110100001000010000100000000000001,000000000100010001000010101011010000,010000001000101100011000000000100010,000001010010000000100001010100001100,133,4114ms
110101000000000000110110000000000010,001000011000011000001000101000100000,000000100101100010000001000100001100,000010000010000101000000010011010001,139,14540ms
111110010000000010000000000001000001,000001000010000101100110001000100000,000000101001111000000000000000001110,000000000100000000011001110110010000,153,5808ms
110101110000100100000100000000000000,000000000000001001100000010100111100,000010000110010010010000101000000010,001000001001000000001011000011000001,157,3753ms
111011101000000010000000000000000001,000100000110010001000010000010101000,000000000001100100100100110000010100,000000010000001000011001001101000010,136,7057ms
100110011001000000100000101000000000,010001100100011010010000000000010000,001000000000000101000100000001101011,000000000010100000001011010110000100,112,68979ms
110110000100000000000010000010010100,000000110000000001100100000100001011,001000000001100010011000111000000000,000001001010011100000001000001100000,152,9749ms
000001001000001000101000000000101011,010000000001100110010000000110000100,000110100000010001000101000001010000,101000010110000000000010111000000000,42,3848ms
001000110100000100100000110000010000,000000001001110000000100001100001001,010010000000001001010010000010000110,100101000010000010001001000001100000,82,2647ms
111110111000000000000000010000000000,000000000011011000110000001001010000,000001000000000110000000000110101110,000000000100100001001111100000000001,177,136ms
010101000010100000000101110000000000,100000000001000010100000001110010100,001010100100000100001000000001100010,000000011000011001010010000000001001,97,8189ms
001011100000000001100000011000001000,000000001010001010010010000011000100,110000000000110100001101100000000000,000100010101000000000000000100110011,143,86042ms
010011001000000010001001000100000010,100000100010001001100000100001001000,001000010101000000010000001010010001,000100000000110100000110010000100100,103,1299ms
001001101000000110001100000001000000,010110000101100000010000000100001000,100000000000010000100001100010100101,000000010010001001000010011000010010,104,7566ms
011011001000001100000000000100100000,100100100000000011111000000001000000,000000000000110000000110110000000111,000000010111000000000001001010011000,74,35490ms
011000001000001000010100000111000000,100010000100000000100000001000110011,000101000001100001000001010000001100,000000110010010110001010100000000000,65,11302ms
010010010110000001001011000000000000,000001100000001000010000101010001100,100000000000100010100000010100110001,001100001001010100000100000001000010,137,30784ms
000101101000101000010110000000000000,001010000010000111000000100100100000,000000000101010000101000010000001011,110000010000000000000001001011010100,64,81872ms
110000111100000000100001001000000000,001010000001000000000110010010000101,000000000000110011011000000100110000,000101000010001100000000100001001010,157,831ms
011101100000010011000000000001000000,100000010000000100010100100000110100,000010000010001000101001010010000001,000000001101100000000010001100001010,74,15316ms
001110000110000100100000000001001000,000001101000000011000000100000100101,000000010001011000010001000110000010,110000000000100000001110011000010000,118,1825ms
010001011100000001001000100000000001,000110100001000000100000000100010110,001000000000000110010111001000001000,100000000010111000000000010011100000,62,19263ms
110110111000000000100000010000000000,001001000010000001000100000100001101,000000000001010010011011000001010000,000000000100101100000000101010100010,177,2291ms
000110101000000100100001100001000000,010001000100001011000000000000000111,101000000001100000000100000110110000,000000010010010000011010011000001000,177,6232ms
011111000100000010000010010000000000,100000011000001000011000000101000100,000000100011010000100000001010010001,000000000000100101000101100000101010,138,10819ms
110110110010000000100000000000000100,000001001101100000000000000001111000,001000000000010010011101100000000010,000000000000001101000010011110000001,149,9299ms
111000001001000010010010000000000001,000001010100001100000000001100001100,000110100010100000000001000001010010,000000000000010001101100110010100000,142,12707ms
110000010000000010000000000101001101,001100000000100101110000001000010000,000010000111000000001011100000100000,000001101000011000000100010010000010,131,31438ms
010000000000100010011000110100000001,001000011000000100100110000000011000,100000000110000001000000001011100100,000111100001011000000001000000000010,83,16675ms
010100111001010000000000000000100001,100010000110000100000011100001000000,001000000000001010011000001110000010,000001000000100001100100010000011100,86,13240ms
101001011001000001100000000000000010,010110100010000000000010101100000000,000000000000110010010001010011000001,000000000100001100001100000000111100,96,20592ms
010011000100100010001000000001000010,001100000000001001010101000000101000,000000001000010000000010100110010101,100000110011000100100000011000000000,63,29735ms
100001111001000010010000000000100000,010010000010010100001001000010000010,000100000100101000000110010000010100,001000000000000001100000101101001001,123,3597ms
001010100000100000100000000010101010,010000011011000110000010000100000000,100000000100010001000000100001010101,000101000000001000011101011000000000,122,67550ms
111000111010000000000000001100000000,000001000100000100010100010000011010,000010000000010011101010000010100000,000100000001101000000001100001000101,157,93ms
110011010000010001000100000001000000,000100101010000110000010000100001000,001000000001001000101000111000010000,000000000100100000010001000010100111,119,21848ms
111100101000000010000000100000001000,000010000001000001010010010010100100,000001000010001000001100001101000001,000000010100110100100001000000010010,157,1268ms
000111010000001001000001000000100100,000000100111110000000000000011000001,111000001000000110100000001000010000,000000000000000000011110110100001010,138,40000ms
110100000000000100010000001000100101,001000010001010000100010000011001000,000000001100100011001001010000000010,000011100010001000000100100100010000,110,3969ms
000010100000100001101000110000100000,000101001100001100000000000001001010,110000000001000000010000001110010001,001000010010010010000111000000000100,96,45933ms
101000011000010000000010001000001001,000000100000100001110100000101000010,010010000000001010000001100010010100,000101000111000100001000010000100000,96,6342ms
000001011110000000000000010001001010,010110100000100100000101000000010000,100000000001000001101000101010000001,001000000000011010010010000100100100,98,4720ms
001101110000000100001000110000000000,000000000010000001000110000101100110,110000000100110000000001001000001001,000010001001001010110000000010010000,144,1614ms
100111011000000000010000000001000010,000000000000010101000110101010000001,010000100101000010100000010000011000,001000000010101000001001000100100100,177,271ms
010011111010000000000000000010000001,000100000000010001010101100000001100,101000000001001100000010001000110000,000000000100100010101000010101000010,144,2523ms
011001010000001000000000010000011100,000100100010010000000110001110000000,000000001100100111101000100000000000,100010000001000000010001000001100011,95,10299ms
111101111000001000000000000000000000,000000000000110101100101000001000001,000000000010000010001000110000011110,000010000101000000010010001110100000,136,2677ms
101010010110000110000010000000000000,010000100000001001100000001010010001,000101000001110000000000000101001010,000000001000000000011101110000100100,139,21835ms
000011111000000000000010001000001100,100000000001000001010000110101100000,010000000010011010000100000010000011,001100000100100100101001000000010000,50,14117ms
100001010001001000000000010000011010,010000001110000001010010001000000100,000010000000100110101000000100100001,001100100000010000000101100011000000,85,4129ms
010001001110001010000000100000001000,001000000000110000110100001001000100,100010100000000001000011000010000011,000100010001000100001000010100110000,139,3824ms
110000000101100000001000001101000000,000100011010000100000010010000010001,000011100000001000100001100000001010,001000000000010011010100000010100100,143,500ms
010011110100000000000000010001000010,101100000011100000000000000100010001,000000000000010101110111000000100000,000000001000001010001000101010001100,75,30757ms
101000110001010100000000001001000000,000110001100000000000101000000110100,000001000000100011101000100100001000,010000000010001000010010010010000011,115,2633ms
100101110000001000100000001000100000,010010000011000000010101000010010000,001000000100110100000000110000001010,000000001000000011001010000101000101,119,2573ms
111010100000010001000001000000010000,000000000101100000001100000010100110,000001001010000010100000101000001001,000100010000001100010010010101000000,119,2342ms
101001010000000000110000001000100010,010100000000010000000001100101001100,000000000110000101000100010010010001,000010101001101010001010000000000000,126,43243ms
011010010001000101000000001100000000,100000000010000010110111000010000000,000001100100111000000000100000000110,000100001000000000001000010001111001,93,163247ms
010000010100000100000001101000100010,100010001000100000100000000001011100,000001100001000010001100010010000001,001100000010011001010010000100000000,20,656ms
100001011100100100000000000000000011,000110000001000001000000010010101100,001000000010001010010101000100010000,010000100000010000101010101001000000,148,14211ms
100000101000011100000000100010100000,010001000001000001100001000001000101,000000010010100010010100000100001010,001110000100000000001010011000010000,78,2322ms
111111111000000000000000000000000000,000000000110010110000101010000010000,000000000001000000010010001011000111,000000000000101001101000100100101000,177,79ms
100000111100000001011000010000000000,000000000000010100100101100000111000,011111000010001000000000000100000010,000000000001100010000010001011000101,177,835ms
111001100100010000001000010000000000,000100011010100100000110000010000000,000010000000000010000001101101010001,000000000001001001110000000000101110,148,5679ms
000000001000000110000110101000010001,000100000011110000110000000000101000,011000000100000001000001000101000110,100011110000001000001000010010000000,55,1025ms
001101011101000010000000000001000000,000000000010000101001101010010100000,010010000000110000100000100100000011,100000100000001000010010001000011100,115,13777ms
000101001000000000011110001000000100,000010010010100000000000010101001010,110000100101001000000001000000100001,001000000000010111100000100010010000,146,7008ms
111100000100000100110000000000100000,000010100000111000000000010000011100,000000011001000000001011000010000011,000001000010000011000100101101000000,147,514ms
100111010100000000100000000110000000,011000000000010000000110011001010000,000000101011001001010000000000000101,000000000000100110001001100000101010,160,44ms
000010111000010000001000100000000101,110000000100000110000010000100011000,000000000010101001010001010001100000,001101000001000000100100001010000010,0,1739ms
101000000110100010001000010000000100,010010000000010000110001000011010000,000101110000001000000010000100101000,000000001001000101000100101000000011,136,4596ms
000000000011010110000000010101000001,000110011100100000000000100000001010,011000000000000001001010000010110100,100001100000001000110101001000000000,24,20585ms
011011100000011000100000000000000010,000100000010000010001100110001000100,000000001101000001000010001110000001,100000010000100100010001000000111000,122,643ms
000000100000111000000010000011100010,000111000001000010101001010000000000,110000000110000000000000101000010101,001000011000000101010100000100001000,87,21232ms
011100001001100010000000100010000000,000000010110011001000101000000001000,000011000000000000101000011000010011,100000100000000100010010000101100100,96,62878ms
010100101000010010010000000100010000,000001000010001000000110000011101000,001010000000100001001000001000000111,100000010101000100100001110000000000,54,8606ms
101110011000100000100000000000000001,010000000100000000001001001100100110,000001000000011000000110100010011000,000000100011000111010000010001000000,146,681ms
000100110100000000000000100010101001,000010000010100100100001010100000010,101000001000010001010100001001000000,010001000001001010001010000000010100,116,5392ms
100010011011010001000000000000000100,000000100000001110100000010010110000,011001000000100000001000100001000011,000100000100000000010111001100001000,157,1890ms
111110101000001100000000000000000000,000000000010110001001100010000001010,000000010101000000110000100000110001,000001000000000010000011001111000100,177,139ms
010001000100100100001000000000011001,000010000011010000100001101000000010,101100101000000010000000010001000100,000000010000001001010110000110100000,139,2878ms
000100011001000100000011000110000000,011001000110000010101000000000001000,100010100000000001000100010000010011,000000000000111000010000101001100100,78,10932ms
110001011000000000000000000111000001,000010000011111000000000100000010100,000000000100000111100101001000001000,001100100000000000011010010000100010,143,17584ms
100001110010000000000000000100010101,000000000001010001001110110010000000,001110000100101000000001001000001000,010000001000000110110000000001100010,177,1387ms
010010011101010010000000000010000000,000000000000100100011000010001011001,101000100000001000100011100000000100,000101000010000001000100001100100010,157,4744ms
000010101000011010001010000001000000,100000010111000000010001100000000010,001001000000000000100100000100111001,010100000000100101000000011010000100,65,49532ms
110111110000000000000000000000100010,000000000100001011101000010101000000,001000000001010100000011001000000101,000000001010100000010100100010011000,151,2366ms
001111000110001000000000001000001000,000000010001000100101111000000100000,000000001000010011000000010010000111,110000100000100000010000100101010000,84,14414ms
110000011101101000000000000000000001,000011000000000011010000111100000000,000100000010010000101101000001000010,001000100000000100000010000010111100,157,5081ms
100111000000000010001000110010000000,001000011010000101000100001000001000,010000100000100000010000000100010111,000000000101011000100011000001100000,143,22372ms
101101000000000000000010010011000001,000000000100110100101000001100010000,000010100010000010010100000000100110,010000011001001001000001100000001000,118,23992ms
010110011010010000000001000000010000,001001100001001010000000001010000010,100000000100000001010110100100000001,000000000000100100101000010001101100,170,15635ms
001111011001000000000000000100000100,110000000110100001001000010000000001,000000000000010110000111000010010010,000000100000001000110000101001101000,108,21933ms
110010110010000000000000100000100001,000000001000001010001010001100011000,000000000101010100010101010010000000,001101000000100001100000000001000110,122,16207ms
101001111000000000000000001010001000,010000000011100000101000000101000100,000010000100000110010010000000010011,000100000000011001000101110000100000,116,4619ms
011000111001000000001000000011000000,000001000100010101000001000000100110,000010000000101000010100010100001001,100100000010000010100010101000010000,82,11041ms
011001100000001001001001000001000000,000100010010000000100010000010110010,000000001101010100000100110100000000,100010000000100010010000001000001101,90,8078ms
100001001000000000110011000000010010,001000010001101010000100001000001000,010000000100000101000000100110100100,000110100010010000001000010001000001,150,5151ms
110011001001000100000000000101000000,000000100100000011001010011000000100,001000010010001000110101100000000000,000100000000110000000000000010111011,157,9985ms
111100110000001100000000000000010000,000001001100100000010110000000100100,000000000001010010100000011100001001,000010000010000001001001100011000010,151,6679ms
101111110010000000000000000000001000,010000001000100000010001100010010100,000000000001001101101010010100000000,000000000100010010000100001001100011,152,18172ms
100000000010101000001000101000001001,000010000101000100100100000000100110,001100111000000010010000000001010000,010001000000010001000011010110000000,100,3730ms
100001000100000000010001001100000110,010010100001000000000110100001100000,001100000000010111100000010010000000,000000011010101000001000000000011001,127,760ms
000111101000001000100000100100000000,000000010100000000001111001000001100,000000000010010010010000010001110001,111000000001100101000000000010000010,91,9259ms
101100010110000001000000000000110000,000011001000100000001000010110001000,000000000000001110010101001001000010,010000100001010000100010100000000101,106,13940ms
000101111000000000001000100010001000,110000000000011010010000010100000010,000010000000100001000111000000010101,001000000111000100100000001001100000,43,4705ms
011100100001000001000000000101000100,000001000010011000000001010000100011,000010001000100100101000100000011000,100000010100000010010110001010000000,92,12269ms
000111011000000001010001000001000000,010000000000110000100110110000000010,001000000111000100001000001000010100,100000100000001010000000000110101001,86,30724ms
000011110100001100010000000100000000,010100001000010010000001100000100100,000000000001000000101100011010000011,101000000010100001000010000001011000,60,7017ms
110001110001000000010010000000000100,000010000100000011000100011000101000,001000000010011000000001100001010010,000100001000100100101000000110000001,128,1875ms
110001000010010010000111000000000000,000000100001100000001000100001100110,000110010100000001010000000100010001,001000001000001100100000011010001000,177,1320ms
100010001000010000000100001000101001,000100000110001000110011000001000000,010001010001000001000000110110000000,001000100000100110001000000000010110,120,2519ms
101010100010010100000000110000000000,010100001000001000010010001000100010,000001010101100010100000000101000000,000000000000000001001101000010011101,127,9705ms
000001111010000010000001000000100001,100100000101001000000100101001000000,010000000000110100100010000010010010,001010000000000001011000010100001100,50,7391ms
001110110000000010100010000000010000,010000000011010000011100000100100000,100001001000001000000000101001000101,000000000100100101000001010010001010,130,2451ms
001111101001100000100000000000000000,110000000100000011001010000000100001,000000010010011000010000000110001010,000000000000000100000101111001010100,107,13645ms
100100011000010010000100001001000000,011001000000100000100000000010101100,000000100011000001001001110000010000,000010000100001100010010000100000011,51,10377ms
110111111000000000000000000000100000,000000000000101000011101010010000100,001000000010000110000010100000010011,000000000101010001100000001101001000,168,1212ms
011110010001010000000000000001100000,100001000000100010100000100100000011,000000001010000101010001011000001000,000000100100001000001110000010010100,89,10374ms
101100110001000000000001010000000001,000000001010001100001000100010100100,000001000000100011100000001101000010,010010000100010000010110000000011000,147,947ms
101010011000101000010000000000001000,000000000000000101000011001010010101,000101000100010010000100010100100000,010000100011000000101000100001000010,134,940ms
110100111100010000000000000000001000,001010000010100000001000010100010100,000001000000001100000111100010000001,000000000001000011110000001001100010,126,4850ms
000100010000010110011100000100000000,110000000100100000000000100010100110,001000100001001000100010000001001001,000011001010000001000001011000010000,56,8503ms
110110001001000000000100000000010100,001000000000100101101001000110000000,000000000100011010010000001001100010,000001110010000000000010110000001001,166,2347ms
101011110000001100000000000000001000,000000001000010000010101001100010100,000000000011100010100000110001000001,010100000100000001001010000010100010,109,14923ms
010101001010000000000001100001000001,000000010001010111110000001000000000,000010000100001000001110010010000010,101000100000100000000000000100111100,57,86829ms
101011011000001000010000100000000000,000000000111000000000011011001000100,000000000000100110001000000110011010,010100100000010001100100000000100001,94,85544ms
101011010000000000100000010100000001,010100000001000001010010000011100000,000000100100011010000000101000010010,000000001010100100001101000000001100,129,855ms
100111111000000100000000100000000000,000000000010000001010000010111000110,000000000101100000101110001000001000,011000000000011010000001000000110001,152,8692ms
001011010000100000000110000001100000,000100000001010000010000101110000010,000000101000001100101000010000010001,110000000110000011000001000000001100,41,1746ms
101001100100010100000000001010000000,010000010010001001001110000100000000,000110001000100010000001000000110001,000000000001000000110000110001001110,134,13250ms
101110010001010000000001000100000000,000000000000001110111010000001100000,000001001110100000000000001000010011,010000100000000001000100110010001100,177,526ms
100101011000001001000000100000000100,001000000011100010001000001001000010,010000100000010100010111000000000001,000010000100000000100000010110111000,141,4994ms
100011011000100000000000100000010100,001100000000001000000011010101000010,010000000111010100000100000010001000,000000100000000011111000001000100001,144,3307ms
101110110001000000000100000000000010,000000000100110010100000110000010001,010000001010000001000011000101001000,000001000000001100011000001010100100,163,1914ms
111101011000010000000000000100000000,000000100001101001001100010001000000,000010000110000100000001001000101100,000000000000000010110010100010010011,157,61ms
000000101000101000010011000100100000,111000000100010100000000010001000010,000010010010000001000100100010010100,000101000001000010101000001000001001,27,1067ms
010111000001000100000010000001000100,100000000010111001100000100000010000,000000100000000000010101011100001010,001000011100000010001000000010100001,85,40395ms
110111011000000000000000000000000110,001000100000100101110100000000010000,000000000101001010000011100000101000,000000000010010000001000011111000001,141,42929ms
110100001000000000100000101000001001,001000000010010010001000000010110100,000000010101000101010001010100000000,000011100000101000000110000001000010,157,529ms
011110110000000100000000000100000100,000000000011001000101100000000100011,100000000000010010010001011011000000,000001001100100001000010100000011000,177,288ms
101000001000001000001100000011010000,000000100000110110110010000000000010,000010010100000000000000101100101100,010101000011000001000001010000000001,116,6348ms
010110110001000000001001000000100000,001000000010101001000000000010001101,100000001100000100010110100000000010,000001000000010010100000011101010000,162,12991ms
011011011000101001000000000000000000,000000000100000010000111010000110100,100100100011010000100000100100000000,000000000000000100011000001011001011,157,191ms
100111001000000100000100000010000100,010000000011100001110000001000001000,001000010100000000001000010101110000,000000100000011010000011100000000011,177,531ms
101011001000011100000000000000010000,000100100010100010001000100000000101,010000000101000000110000011010000010,000000010000000001000111000101101000,157,491ms
010110111000100000000000000000010010,000000000001010110100010100000100100,101000000110001000010000001110000000,000001000000000001001101010001001001,177,84ms
100100101000101000000000100100000010,001010010100000000001110001000001000,010001000000010000110001010001000001,000000000011000111000000000010110100,130,32975ms
001011101100000000001000001000000001,100000010001000011000000110000101000,000000000000100100010101000011010100,010100000010011000100010000100000010,66,11346ms
111111000000000001000000001000010000,000000001010100000010010010110100000,000000010000000010100100100000001111,000000100101011100001001000001000000,154,3819ms
110000100000000101001010100010000000,000011001000000000000101001000110001,001000000011011000000000010000001110,000100010100100010110000000101000000,86,10882ms
111011001110000000000000000000000100,000000100001010100010001001001000001,000000010000001011100000000110001010,000100000000100000001110110000110000,157,53ms
101010111000100000000100000000010000,000100000010010010100000010001000110,010000000001001000010010101010000001,000001000100000101001001000100101000,141,905ms
001001001000010100000010001010001000,110000000110000010110100000000000001,000000000001101001000001010101000010,000110110000000000001000100000110100,20,3489ms
101110000000011000000000100000010001,000000000010100000110110000010001100,010000101000000001000001010101000010,000001010101000110001000001000100000,162,3587ms
010010000000000000011100100100101000,000000000010011011000001011000000001,101101000001000000000000000011010010,000000111100100100100010000000000100,157,5180ms
111101101000100000000000100000000000,000010000111000100010000000001010010,000000010000000010100011001000101100,000000000000011001001100010110000001,157,1626ms
101101011000010000100000000000000001,000010100001000100001100000000011010,000000000110001000010011010110000000,010000000000100011000000101001100100,157,114ms
001001111000000000000100000110000010,010010000110000001000010001001000001,100100000001000010010001000000101100,000000000000111100101000110000010000,139,6078ms
110111010000100001000000000000000001,001000000000000110000010100100101010,000000101100000000010000011010010100,000000000011011000101101000001000000,167,1359ms
101111100000000000000101000001000000,000000000000110001001000100010110001,010000001010001000100000011100000100,000000010101000110010010000000001010,177,62ms
001011011000000000000000110000000101,100100000000101010000111001000000000,010000100001010101001000000000001010,000000000110000000110000000111110000,71,12284ms
001110111000000010000000100010000000,000000000101000100101110000001000010,100001000000101001000000001100110000,010000000010010000010001010000001101,177,372ms
011111011000100000000000000100000000,000000100011000001100001001000001010,100000000100000010011010100000110000,000000000000011100000100010011000101,177,370ms
011110111000000000000000000011000000,000000000000000110110101000000101100,000001000111011000001010000000000001,100000000000100001000000111100010010,119,51695ms
001001000100000001011000000001010010,010010000011000100000010010010000100,100100101000010000000101000000001001,000000010000101010100000101100100000,113,832ms
110110011000000100000000010100000000,000000100101101001010000000001000100,000000000010010010101000100010110000,001001000000000000000111001000001011,177,1669ms
111000011000000100100110000000000000,000001100111000000000000100000001011,000110000000010001001000010001010100,000000000000101010010001001110100000,166,3194ms
001100100010010011000010000000000001,100000001000100000000000101110100100,010011010100001100000000010000000010,000000000001000000111101000001011000,87,41751ms
101100101000001000000010110000000000,010000000001000011110000000001110000,000010010110110000000000000000001101,000001000000000100001101001110000010,157,1523ms
100001101101000001000001000100000000,000100000000010000101000010011011000,001010010010100000010010000000100001,010000000000001110000100101000000110,151,289ms
011100011100000000000010000001000001,100001000001000101111000000000000100,000000000010011010000101110100000000,000010100000100000000000001010111010,92,27949ms
011000011000100001000000010001001000,000100100000000110100100000010000101,100000000110010000001011100000000010,000011000001001000010000001100110000,157,2150ms
100011010000011000000000000010010010,000000000000100101010100011001000100,011000101100000010000010000000101000,000100000011000000101001100100000001,157,2094ms
101011000001000000000001000010100010,010000101000001000000010110000001001,000100000010000011110000000101010000,000000010100110100001100001000000100,129,909ms
011010100000010001010000000010000010,100000000000100110000000000101001101,000100001010001000001010100000110000,000001010101000000100101011000000000,60,89215ms
000100101001000000000000001100010110,001010010000000000011001010000100001,100000000110010001100010000010001000,010001000000101110000100100001000000,126,39874ms
010001010011000000010100000000000011,000000100000100000101011000100100100,101100000000010000000000011011010000,000010001100001111000000100000001000,121,7254ms
100000001000000011010010001000101000,000010010010100000100100000010010100,011001000101001000000000000100000011,000100100000010100001001110001000000,157,2649ms
110101100000000110000000010001000000,001000010101000000111000101000000000,000010000000110000000010000110010110,000000001010001001000101000000101001,134,29044ms
111100001000010100000000001000000001,000010010110001000000000110000001100,000001000000100010001100000110010010,000000100001000001110011000001100000,157,2812ms
110011110000000010000000000100010000,000000000010001000001000001001100111,000000001001100101010110000000001000,001100000100010000100001110010000000,125,7742ms
011000000001000000010011001000000011,000000000010110010101000100100001000,000101100100001101000100000001000000,100010011000000000000000010010110100,41,35520ms
110001101100000000010000000000100100,001000010001000111100000010000010000,000000000000111000000010100110001010,000110000010000000001101001001000001,157,2387ms
100000011000110000000000100010010001,000011000000001001000100000100101010,000000000110000100110001001001000100,011100100001000010001010010000000000,88,112580ms
011000010100010001000100010000100000,000101000001100010000001000011000001,100000001010000000011000000100010110,000010100000001100100010101000001000,143,6834ms
100101100001000000001000000100000011,000010001100100110000001000010010000,010000010000000001010100011000101000,001000000010011000100010100001000100,130,5511ms
111010000010000000101001000000000010,000100000100101100000100100010001000,000000110001010011000000001001000001,000001001000000000010010010100110100,121,13871ms
011000100100100000011000000000000011,000011000000001001000001110000101000,000000011010010110000100001010000000,100100000001000000100010000101010100,82,5246ms
111010001001000000010010000100000000,000001000100100000100100011010000001,000100110000000110000000000000111100,000000000010011001001001100001000010,157,614ms
010010111001000000000001000110000000,000100000000000010110010000001011010,101000000010011100001000011000000000,000001000100100001000100100000100101,148,2074ms
100110101010000000000000100000000101,000000010001110001001001001000100000,011001000000001000110010000100000010,000000000100000110000100010011011000,177,485ms
000000111010000001000010000010000110,001100000000000110011100001000010000,000000000100110000000000110100101001,110011000001001000100001000001000000,15,12812ms
110010000000000000100100001100001100,001100011010010001000001100000000000,000000100101100000001010000011000010,000001000000001110010000010000110001,123,11408ms
000111110010000010000000000001001000,001000000100111001000000101000100000,110000001001000100101000000100000010,000000000000000000010111010010010101,177,1344ms
111100111000000000000001100000000000,000000000001000110100100001100000101,000001000100000001001010000010111000,000010000010111000010000010001000010,130,3111ms
111111001000000000000000000001001000,000000100100000000010101010100110000,000000000010111011100000001000000001,000000010001000100001010100010000110,149,13444ms
100111110000000000100000001010000000,010000000001101000010000110000010010,000000001000010011001100000000101001,001000000110000100000011000101000100,138,1535ms
111010101000000000000000000101000001,000000000100100100000100111000100010,000000000001001001111011000000001000,000101010010010010000000000010010100,129,46525ms
000011011000000000000001000110001001,011000000110011000001000001001000000,000100100000000011010100000000110100,100000000001100100100010110000000010,55,30083ms
001010010101100000000000000010001001,100000100010001010010001110000000000,010001000000000100001000001001110010,000100001000010001100110000100000100,82,35595ms
110011000000000001000110001000100000,001000001001101000011000000010010000,000000110000010100000001100001000110,000100000110000010100000010100001001,100,1727ms
001010001000001000000010100010000011,000100010000000100110001000001010100,000000000011000001001100011100001000,110001100100110010000000000000100000,24,52631ms
010111001100001001000000000000000100,001000010000000010101010001001010000,000000100001010100000001100100100010,100000000010100000010100010010001001,110,48145ms
100011110001000101000000000000000100,000000000010010010100000011110000010,011000000100101000000000000001011001,000100001000000000011111100000100000,144,13873ms
010000001001001000100100101000001000,000111000010000001000001000001110000,001000110100000000001010000010000110,100000000000110110010000010100000001,79,5765ms
101010101000000000001000100000001100,010001000001100101000001010100000000,000100010000010010000010001001100010,000000000110001000110100000010010001,95,17425ms
011001111010001000010000000000000000,000010000001100100000001100000110001,100000000000000000000110011110000110,000100000100010011101000000001001000,157,3841ms
011010110000000000000000110100001000,000000000001010000000111000010110100,000000000100001101101000001001000001,100101001010100010010000000000000010,96,70912ms
001000011000000010000101000000110010,000010000100111101000000100000001000,010001100010000000010000010110000001,100100000001000000101010001001000100,75,19581ms
011111001000010000000000000001001000,000000000001000111001010000000110010,100000000100001000010101110100000000,000000110010100000100000001010000101,177,582ms
110010010001101100000100000000000000,000001001000010001010000100011000010,001100100100000010100001000100000001,000000000010000000001010011000111100,157,590ms
111111010001000000000000000000000001,000000000000101101000000000101111000,000000101100000000111000010010000010,000000000010010010000111101000000100,177,121ms
101111111000000000000000000001000000,000000000110001000100100001010000101,000000000001010001011010010000001010,010000000000100110000001100100110000,159,649ms
