111001011000000000000010100010000000,000000100000111000100000001100001100,000110000001000111001001000000000001,000000000110000000010100010001110010,149,1511ms
011100011010000000010000000001000100,000001000100001000100001001000011001,000000100001100001000010100010100010,100010000000010110001100010100000000,51,10422ms
000111101000100000000000100100010000,100000000000011110001010000010001000,000000000010000000110100011000100110,011000010101000001000001000001000001,71,28511ms
011110001000000000000000110000000011,100001000000101100001100000010000100,000000010011000011000010001100010000,000000100100010000110001000001101000,106,9400ms
101010111000000010010000000000000100,010000000011010100000001100000000011,000101000000000000001000011001111000,000000000100101001100110000110000000,131,1468ms
001001011000000010110000000010000001,000110000001001100000010001000000110,000000000100110001001100110000010000,110000100010000000000001000101101000,75,12515ms
111111000000000000000000001000010100,000000010100001010001010000001001001,000000100010010100000100100110100000,000000001001100001110001010000000010,177,140ms
100100011100100000001100000000001000,011011000010000100000001101000000000,000000100001011001000000000100110100,000000000000000010110010010011000011,83,194692ms
001111100000001100000100000000001000,100000000100010000000010000111000011,000000001011100001001001000000110000,010000010000000010110000111000000100,63,23748ms
100010101000000010100000100000000101,001000010100100000001000000101100010,000000000011001101000101010000010000,010101000000010000010010001010001000,68,13860ms
010000101001001010010010010000000000,001000010000010100000100100100011000,100101000000000001001001000001100010,000010000110100000100000001010000101,119,16702ms
011000110000010010000000001100000001,000001000101000000110011000000010100,000110001000100001001000100001001000,100000000010001100000100010010100010,88,4400ms
001010100100001010000100000100000010,000000000001010000000001011001001101,110000010000000000011010100000110000,000101001010100101100000000010000000,157,10481ms
100000010000000101101110000000000001,001001000001000010000000110010011000,010010000010011000000001000101000100,000100101100100000010000001000100010,131,2245ms
000001001001011000000000001110000010,000000000110100000011010110000001000,001110100000000000100001000000110100,110000010000000111000100000001000001,109,20388ms
101000000000010000000011001000010101,000000000001001101111100000001000000,010010001010000000000000110100101000,000101110100100010000000000010000010,110,6741ms
110110101000000010100000000000001000,000001000101010001001000100100000100,000000010010000100010100001000110010,001000000000101000000011010011000001,160,1789ms
110101001010010000000100000000010000,001010000001000010001000010010000101,000000100000100001010011001100100000,000000010100001100100000100001001010,128,3411ms
011010111000000000100000000100010000,100100000001000000000000110011001010,000001000000110001010110000000000101,000000000110001110001001001000100000,89,6218ms
011010011001000000001000000100001000,000100100000001101110000000000010001,000001000110010000000100100011000100,100000000000100010000011011000100010,106,8778ms
000111000011000001100000000011000000,001000100000011010000100010100010000,010000000000000100001011000000100111,100000011100100000010000101000001000,69,2644ms
100111110000000000000100110000000000,000000000100101000101000000000011101,001000001000010110000010001101000000,010000000011000001010001000010100010,152,1143ms
011000001000001000100001001001001000,000101010111000000000100000000010001,100000000000110000011010110000000010,000010100000000111000000000110100100,144,119194ms
010100100000100010011000000010010000,001000001000001001000011001100000001,000001000011010100100000000001000110,100010010100000000000100110000101000,65,989ms
100010010000000001000011000100001010,000001000000011100010100001001000001,001100000011000000101000000010100100,010000101100100010000000110000010000,133,1745ms
010000000101001100000001010010100000,001000000010000010000100101101010000,000001010000110001110000000000000011,100110101000000000001010000000001100,28,2029ms
100011100000010000010000101000001000,010000000000000101000011000110010001,001100010110100010001000000000000100,000000001001001000100100010001100010,143,3793ms
000111100000010000000010001101000000,010000011000100000101001000000000101,100000000010001001000000100010111000,001000000101000110010100010000000010,119,10692ms
001101101000000100010000100100000000,100000000000110001001001000010100001,010000010001001000000110010001001000,000010000110000010100000001000010110,81,6955ms
001001001001011000001001100000000000,110000000000000101100000001010010100,000000010100000010000110000001101010,000110100010100000010000010100000001,37,7224ms
001110110000001000010001000000001000,100001001100000100001000100100000010,000000000011100010100100000010100001,010000000000010001000010011001010100,72,12600ms
001000101001100001000000010000100001,100000000110000100100011000010010000,010011000000011000000100000001001100,000100010000000010011000101100000010,39,7364ms
110000001001001001011001000000000000,000010000100100000000100100110100100,000101010000010000100000010000001011,001000100010000110000010001001010000,136,2130ms
111101111000000000000000000100000000,000010000001010010000000010010101100,000000000110000000001100001001010011,000000000000101101110011100000000000,157,356ms
000011100010000001100000001000100001,111100000101000110000000100000000000,000000000000010000010111000000011110,000000011000101000001000010111000000,18,1072ms
100011010100000001000010001000000001,001000000010000110001001000101000010,000100100000100000110000010000110100,010000001001011000000100100010001000,132,589ms
001100100000010010000010001000110000,010001000001000001111000000000001010,000000001110000000000001100101000101,100010010000101100000100010010000000,50,1793ms
101011011000000100000000000001001000,000100000001011000000000011100010001,010000000000100010101011100010000000,000000100110000001010100000000100110,140,1681ms
111111010000000000000000000001000001,000000100100100011001000110000001000,000000000010010000100111000010100010,000000001001001100010000001100010100,166,3275ms
000101001000100000010100100010000001,000010000110001000000001000100010110,101000010001010001000000001001100000,010000100000000110101010010000001000,105,21370ms
011001001100010100000010000100000000,100010010000001000000000101010001100,000100000000100011110100000001000010,000000100011000000001001010000110001,112,1889ms
011111100000000001000000000010001000,000000000100011000111010000100100000,100000001001100110000001010000010000,000000010010000000000100101001000111,162,8690ms
010110101000010000000001010000001000,000000000000100111110100000000000110,000001010110000000001000101001010000,101000000001001000000010000110100001,93,6176ms
110101000110000010000010010000000000,001000001000000000001101001101010000,000010110001010100100000000000000101,000000000000101001010000100010101010,157,6970ms
111111101000000000000000010000000000,000000000000011001101000000000110011,000000010001100000010100101100001000,000000000110000110000011000011000100,177,1409ms
111110001000000001000001000010000000,000001010010010000100100001100100000,000000000100101010010010000001001001,000000100001000100001000110000010110,157,9551ms
001011010000000000110000101000000100,100000100000001010001000010001101000,010000000111100101000001000000000001,000100001000010000000110000110010010,105,16291ms
111000000101010100000010010000000000,000111000000100000010000001100100001,000000100000001011100000100010011000,000000011010000000001101000001000110,138,2101ms
110011010000001000000000000000101100,001000000000000010010110100100010001,000000000111100100000001010011000000,000100101000010001101000001000000010,142,13213ms
110000100000010000011101000000001000,000001000011100100100000100100100000,000100000100001011000000000010010110,001010011000000000000010011001000001,105,75967ms
000011111000000000000000111100000000,011000000001010000000001000001110001,000100000110100101100000000010000100,100000000000001010011110000000001010,73,5417ms
100010001100000100000001100000000110,000001100001011000101000000001010000,010100000000100010000000010100101001,001000010010000001010110001010000000,124,4040ms
000000000011000100001010000110000101,010001010100010000000101000000100010,100010100000000011110000010000001000,001100001000101000000000101001010000,113,1913ms
110010101000001000000000010000100001,000000010011000101000100001001000100,001000000100100000101010100100010000,000101000000010010010001000010001010,157,77ms
011011110011000000000001000000000000,100000000000011001101010000001000001,000000001000000110000000110110010010,000100000100100000010100001000101100,82,9218ms
100101100000101000001000000000001001,001010001000000001010000000101000110,000000000111000100000010011010100000,010000010000010010100101100000010000,75,32144ms
011001110010000000001010000100000000,000010000001000100100000100011100001,100100000000101000010100001000001100,000000001100010011000001010000010010,157,67ms
111001001001001000100000001000000000,000000110000110000001001000000110100,000000000100000111000100000110001010,000110000010000000010010110001000001,157,2462ms
111110011000100100000000000000000000,000000000010010000000001100010110101,000001100101001000100000011000001000,000000000000000011011110000101000010,177,73ms
100001010001000000000000001000110110,010010100000000110000001000101001000,000100001110110000011100000000000000,001000000000001001100010110010000001,99,13808ms
111111001000010000000000000000000001,000000000000100000100100101101001100,000000000001001101001001000010110000,000000110110000010010010010000000010,141,6778ms
011001100000001000000010100000000101,000110001100100000000100001010010000,100000000001000100001000010101001010,000000010010010011110001000000100000,142,13447ms
110100101000000010000010000000010001,000010010000001101011000000100100000,001000000011010000100100001010000100,000001000100100000000001110001001010,153,502ms
101011000000010000000001100000100100,010000011000000000000000010111010010,000000100101001011011000000000001000,000100000010100100100110001000000001,84,90409ms
010100101000000100000010010101000000,000001000000010010001000101000101100,000000000101001001000001000010010011,101010010010100000110100000000000000,62,38203ms
001010010000100100010001100000000001,000100000101001011100000001000000100,000001100000010000001010010101000010,110000001010000000000100000010111000,41,11517ms
010011110101000000000000000000101000,001000001000001000100001001010000011,100000000000010011011110000000000100,000100000010100100000000110101010000,131,7000ms
001100111000000000001011000000000100,100010000101110000100000010010000000,010001000010001001000000100100010010,000000000000000110010100001001101001,91,32248ms
111100000001000001000001000100100000,000011111000001000000100000000001010,000000000110000100100010100001010100,000000000000110010011000011010000001,143,913ms
100010100100010000000000001010010100,011000010011100001000000000001001000,000001000000000010001001010100100011,000100001000001100110110100000000000,91,194229ms
011000100100011001000000010000100000,000101000001000000001110100000001100,000000011010100100100000001001000001,100010000000000010010001000110010010,103,13638ms
111011110110000000000000000000000000,000000001000000100110000100110110000,000100000000010001001111000000000110,000000000001101010000000011001001001,157,63ms
000001011000010000000100100101100000,100000000000000101000010010000011011,000110000011100000000001001010000100,011000100100001010111000000000000000,41,4792ms
011110100100000000000010010000000100,000000000010001110100001000010011000,000000011001100000010100001101000000,100001000000010001001000100000100011,122,2252ms
100001111101000100000000000000001000,010000000000000000110011000011010100,000100000010010011000000001100000011,001010000000101000001100110000100000,136,27236ms
110110110000000001000000000000010100,000001001100000010100101000000100010,000000000000000100001000101111001001,001000000011111000010010010000000000,177,14132ms
010101010000000000111001000100000000,000000001010000001000100000010110101,100000000100010000000000111001001010,001010100001101110000010000000000000,146,96483ms
011111010100000000010000000000000100,000000001001100000000100101010011000,000000100000010010101011000000100010,100000000010001101000000010101000001,130,7908ms
000101011101001000000000000100100000,001000000000110010010101010000000001,100010000010000000101000101000011000,010000100000000101000010000011000110,133,6078ms
110110100000001000000000010000100001,000000010000000001011010000010001110,000001001010000000100001101101000000,001000000101110110000100000000010000,177,488ms
010110110001000100000100000000000010,101000001000101000000000101011000000,000000000100000001100011000100101100,000001000010010010011000010000010001,114,11864ms
000100011101001100001000000000010000,010010100000110000100000001000100010,000001000010000001000011010100001100,101000000000000010010100100011000001,40,10327ms
000101101010100001000010000010000000,010000000001010010001100000100100010,000000010100001100110000010000010100,101010000000000000000001101001001001,64,14673ms
100011111000100001000000000100000000,000100000100011000000010010001110000,000000000010000110001001100010000110,011000000001000000110100001000001001,125,3799ms
000001100000110011000100100000001000,001000000000000000111011000100010001,000010011101001100000000001000000100,110100000010000000000000010011100010,0,18439ms
111101101000010000000010000000000000,000010010000000001100001111000000001,000000000110100010010000000011001100,000000000001001100001100000100110010,157,12215ms
100100111000010000000000000001000110,011000000001000010000001000100011001,000011000110001000100010110000000000,000000000000100101011100001010100000,139,9740ms
011110101101000000000000000000010000,000001000000101001000000101001001010,100000000000000010101111010100000000,000000010010010100010000000010100101,177,248ms
110101111000000000010000001000000000,000000000000011100100101010100000100,001000000010000001001000000011011001,000010000101100010000010100000100010,133,1472ms
000100001100000000000011000101000101,100000000001100110000000010010100010,010001000000010001110000101000010000,001010110010001000001100000000001000,86,20204ms
110111110000000001000000000000000100,000000001111010000100010000100010000,001000000000001010000100100011101000,000000000000100100011001011000000011,166,579ms
010011011000100010100010000000000000,100000100100000001001100010001000001,000100000010000000010001000110111000,001000000001011100000000101000000110,97,8493ms
111000100000000100000010100101000000,000100001100010011000100010000100000,000000010010100000110000001000011100,000011000001001000001001000010000011,157,466ms
110101101000000010100000000000000001,000000000011100000000101001100001010,001000010000000101010000010011100000,000010000100011000001010100000010100,143,723ms
100110111000000000000100000010000100,011000000110100000000010010000001010,000000000001011111110000001000000000,000001000000000000001001100101110001,142,16444ms
011100001000010010000000000010001010,000011010001000100011010000001000000,100000100010100000000001010000110100,000000000100001001100100101100000001,128,34169ms
011001101000000000000011000001000100,100000000000000001010000101010100011,000100000001001010101100000100001000,000010010110110100000000010000010000,117,81334ms
011100010000110000001001000000000100,000001001000000100110100000101010000,100010000000000001000000111000100011,000000100111001010000010000010001000,102,14814ms
011111001000000000000000001100010000,100000000000001011010000110000000101,000000000011100100000011000011100000,000000110100010000101100000000001010,129,5197ms
000110101100000001100001000000000010,010000000001000110010100000100001100,001001000000011000001010010010000001,100000010010100000000000101001110000,90,1902ms
110111011000000010000010000000000000,000000000001101100011001000000000101,000000000100000001100100001101110000,001000100010010000000000110010001010,177,1612ms
111001111000100000000000010000000000,000000000100010010001101000100101000,000100000001000100010010100000010110,000010000010001001100000001011000001,141,2522ms
111111011010000000000000000000000000,000000000101110001100001010100000000,000000000000001010001010100010001110,000000100000000100010100001001110001,162,1076ms
011110000000000100000000010100001001,100001000100000000110100000001010010,000000110000001010000000101010100100,000000001011110001001011000000000000,100,13201ms
101011100100000000010000000000001001,000100000010010001000010001100000110,010000000001100010101000000010110000,000000011000001100000101110001000000,157,248ms
000100000011000001000000011001010001,100001100000110010000010000000100010,001000001000001100011001000000001100,010010010100000000100100100110000000,0,74ms
100110101100010000000000000010000001,000001000001000110100101010000100000,000000000010101001010010100100000100,011000010000000000001000001001011010,138,64366ms
011001111000000100000000000000000101,100010000010010010101000000001010000,000000000001001001010110011000100000,000100000100100000000001100110001010,68,11726ms
101101000000011100001000000010000000,000000011001100000100100010001001000,010010100100000011010000000000010010,000000000010000000000011101100100101,132,2399ms
000101010001000000101000101000000001,010010000000110011000001000001000010,100000101110000000010000000100001100,001000000000001100000110010010110000,143,208ms
101110111000000000000000100010000000,000001000011100001100000010001001000,000000000000001100011011001100000100,010000000100010010000100000000110011,164,504ms
010110100010000000100100000101000000,100000010000010100010001010000001001,000000000100100011000000100010110100,001001001001001000001010001000000010,110,34730ms
110010011000001000000100100000001000,000100100000100100000010010001000101,000001000001010001100001000010010010,001000000110000010011000001100100000,133,1621ms
000101110000000000001000010100100100,010010001000001110000000001010000010,001000000011010000100000100001010001,100000000100100001010111000000001000,63,39512ms
101010010000001100100010010000000000,000000000011110010011000101000000000,000001000000000000000101000011111100,010100101100000001000000000100000011,101,330656ms
101011111000000000000001001000000000,000100000100000001011000000001000111,000000000010101000000110110010100000,010000000001010110100000000100011000,128,806ms
110010010001100000000000011000100000,000000000100001001010100000111000100,000001100010010100000011000000011000,001100001000000010101000100000000011,90,7841ms
101000001001000001110000000101000000,000110000000000010001100000010010110,010000000010000100000001101000101001,000001110100111000000010010000000000,129,8463ms
110100010000000000100001001010000010,000000100010110000001000000001010101,000001001000001101000100010100001000,001010000101000010010010100000100000,157,3200ms
011111011000000000100000000000000001,000000000010101000001000100100100110,100000100001000111000100001010000000,000000000100010000010011010001011000,177,125ms
010100010010000000000111000010001000,000000000001000110010000001101010010,001000100000110001101000010000000100,100011001100001000000000100000100001,63,21208ms
010110010000000100001101000100000000,100000001010000010000000011000110001,001001100001010000000010100000001010,000000000100101001110000000011000100,97,2421ms
000111001100000000100000011000100000,000000010000111101000010000001000100,000000000010000000010101100110001001,111000100001000010001000000000010010,100,30554ms
000100111000000100000000100011010000,110010000100010000001000000000001110,000001000000100001110101001000000001,001000000011001010000010010100100000,54,5852ms
000001111001001000000010000000101000,101000000110110101100000000000000000,000000000000000000011101111000010010,010110000000000010000000000111000101,0,16443ms
110010111001000110000000000000000000,000000000000101001010010110001001000,000100000110000000101100000100000011,001001000000010000000001001010110100,157,409ms
111001000100000001001000010000000001,000000010010010110100001101000000000,000000100000100000010010000011010110,000110001001001000000100000100101000,123,40233ms
001110000000010000001100011001000000,000000010000001011000011100010100000,110000100010000100010000000000001110,000001001101100000100000000100010001,138,6747ms
001101011000001000101000100000000000,100010000000010001010110000100000100,010000000111100100000000010000000011,000000100000000010000001001011111000,116,13269ms
110110001001000000000000110100000000,000000010110000110110000000000100010,001001000000111000000001001011000000,000000100000000001001110000000011101,157,198ms
110111001010000010000000000100000000,001000000001010001000000001010111000,000000010100000100011001100001000100,000000100000101000100110010000000011,177,76ms
111011100010000010100000000000000000,000100010001010000001101010000000001,000000000000101001000010000110111000,000000001100000100010000101001000110,136,5675ms
101101001000000000000000000111000100,010000000000001001101001110000000010,000010100110110100000000000000001001,000000010001000010010110001000110000,157,2423ms
100111000000000110000000001000010010,010000000000001000001110000101100100,001000010000100001110000110010000000,000000101111010000000001000000001001,141,10306ms
100100100010001001000000110100000000,001000000001100010001000001000011001,000010000100010000000111000001000110,010001011000000100110000000010100000,86,1225ms
111010100010000000000000001100100000,000100001100001001000000000001011010,000000000001000000110110100010000101,000001010000110110001001010000000000,157,84876ms
100100110000000110000000010000100001,010000000001000001001010001011000010,001010000100011000010100100000000100,000001001010100000100001000100011000,121,2905ms
100111011000000000010000000001100000,001000000001000001000000101000001111,010000000010101110000111000000000000,000000100100010000101000010110010000,157,3207ms
001010000100000100000010000010000111,000100000000100001111100100100000000,000000010011010010000000011000110000,110001101000001000000001000001001000,21,9164ms
011000000000001011001000010000001010,000100011000100000000001101001010000,100000100100010000010100000010000101,000011000011000100100010000100100000,110,717ms
100110000000110000000100000110000001,001001000001000010101001001000000100,000000001000001001000010010001111000,010000110110000100010000100000000010,89,12719ms
101100101000100000000001011000000000,000010010000010100110010100000000001,010000000011000010001000000010001110,000001000100001001000100000101110000,118,33721ms
110011110000000101000000000000000100,000000000011100010100000000110101000,000100000100000000011100110000010001,001000001000011000000011001001000010,157,603ms
010101000101000000000010111000000000,001000101000010010001001000100010000,000010010010000000110100000000101100,100000000000101101000000000011000011,102,8755ms
011101011000000000000001011000000000,100010000100011000001010000000100100,000000100010100001000100100100000011,000000000001000110110000000011011000,86,13257ms
001001111010000100000000000001100000,100000000000011000011110100000001000,000110000001100010100000001010010000,010000000100000001000001010100000111,79,9115ms
110100111000000000000000010100000001,000001000000100110000110001010000100,001000000001011000100001000001010010,000010000110000001011000100000101000,157,106ms
101100011011000001000010000000000000,000000000000010010111000000011001010,000011000000000100000100101100100100,010000100100101000000001010000010001,115,6532ms
101101011000000000000000001000110000,000000100000000100010100110000001011,010000000010011010001010000011000000,000010000101100001100001000100000100,142,1746ms
001001101001100000000001010000001000,100000000110000000100100000110010100,010010010000000111001000000001000010,000100000000011000010010101000100001,56,7880ms
101000100000110001000000001010001000,000011001000000110010100100001000000,000000000101001000101010010000000101,010100010010000000000001000100110010,102,37417ms
110010110000010100000011000000000000,000000000010100010000100100101100100,001101000100001001011000000000000001,000000001001000000100000011010011010,150,8485ms
110111111010000000000000000000000000,001000000001010101101000000100000001,000000000000100000010100110010011010,000000000100001010000011001001100100,152,2348ms
101101101000000010100000000000000010,000000000011000000010010101100101000,000010010100001001000101010000010000,010000000000110100001000000011000101,147,1315ms
101010000101001101000100000000000000,000000110000100000000011010100011000,000100000010000000100000101001000111,010001001000010010011000000010100000,124,9891ms
000000111010001000011000000000001001,011100000001100100000001100000100000,100001000100000011100100001000000010,000010000000010000000010010111010100,102,6333ms
001010110001000000001100000000100010,000000000100010010110000010001001100,000101001000001101000011000000000001,110000000010100000000000101110010000,41,5317ms
110110000001110000001000000000010000,001001000000001011100100000100100000,000000001100000100000000110011000011,000000110010000000010011001000001100,142,1852ms
001110011001000000010000101000000000,110001000000110000000110000000010100,000000000110000011100000000111001000,000000100000001100001001010000100011,126,10425ms
010111011001010000000000000000000010,001000000000000010011010000010101100,000000100100100000100100001001010001,100000000010001101000001110100000000,120,15725ms
100110011000000000001000100000010100,000000100001011011010000000000001010,001000000110000000000011010101000001,010001000000100100100100001010100000,173,484ms
001011100000001000100000000011000010,010100001010000001001000000100001100,100000010000110000010111000000100000,000000000101000110000000111000010001,115,12045ms
001100011000000001100100000000101000,000000100000100100011010000010010010,010001000010001000000001000101000101,100010000101010010000000111000000000,106,26809ms
000010101010010101000001000000000100,000000000000101000000110111110000000,110001000101000000010000000000101001,001100010000000010101000000001010010,112,8908ms
111000101000000000000100000010010001,000000000010011011001000000001101000,000000010100000100110001111000000000,000111000001100000000010000100000110,157,11132ms
000110000000001101010000000011000010,110001000001010000101000100000000001,001000010000100000000110010000011100,000000101110000010000001001100100000,20,1080ms
011010110000100000000001001000100000,000100000100011000101010000000000011,100000001011000100000000110010010000,000001000000000011010100000101001100,132,2653ms
101011010000000000100000011010000000,000000000000101100011100000101010000,010100101001010010000010000000001000,000000000110000001000001100000100111,157,1388ms
010111100000000000000010000110010000,000000001111000000101000011000001000,001000010000100011000001000001100100,100000000000011100010100100000000011,118,15061ms
100000110100100010000100000000110000,010000000000011100001000111001000000,000011001011000000100000000110001000,001100000000000001010011000000000111,139,426ms
000000100010010101100000000000001011,011011001001000000000000010000110000,000100000100100000010111100001000000,100000010000001010001000001110000100,14,2306ms
110010001110010000000000000000000101,000100010000000101001100000110001000,001000100000001010110000001001100000,000001000001100000000011110000010010,157,318ms
110011100000010100001000000010000000,000000001011101010010000010000000100,000100010100000000000100001000111001,001000000000000001100011100101000010,142,1492ms
000110100000100100000100010000100001,000001000000001010010000100011001010,100000011101010000001000000100000100,011000000010000001100011001000010000,134,4266ms
101011101000000010000000100000000100,010100000100100000011001011000000000,000000000000001100100110000000111010,000000010011010001000000000111000001,113,196572ms
011001010000000000000001000110001100,000100100101000110000000100001010000,100010000000010001101100011000000000,000000001010101000010010000000100011,157,3143ms
010100011001010010000010001000000000,000000100100100001000100100101000010,001001000010000000101000010000101001,100010000000001100010001000010010100,95,10516ms
111101011000000010000000000000010000,000010000000111001000000001011000010,000000000101000100010001100100100001,000000100010000000101110010000001100,157,274ms
111110010000000001000000000000001001,000000000100101000100101010010100000,000001100001000100010000000100010110,000000001010010010001010101001000000,177,394ms
001111010010010000000010000000100000,010000100100000000010101000010000110,100000001001000101001000001001001000,000000000000101010100000110100010001,118,10989ms
001101010000110000000010000001001000,000000000011001001011000011000010000,100000101000000110100000100010000100,010010000100000000000101000100100011,110,12019ms
001011000100001010000001000110000000,010000101000010000100010000001110000,100000000011100000000100101000000011,000100010000000101011000010000001100,130,1726ms
010110001010000000000000101001000100,100000010000100000111000010000011000,000000100101010100000101000100100000,001001000000001011000010000010000011,102,10577ms
000001101000001000000110010000010001,000010010110010100100000000000101000,111000000000000001001000100111000000,000100000001100010010001001000000110,139,515ms
110100000001010001100000001000000100,000000010100001000000101000100101001,000011001000100000001000110011000000,001000100010000110010010000000010010,128,2847ms
111001010000000000000000100100101000,000110000000100100100010010010000010,000000101000001001000001000001010101,000000000111010010011100001000000000,142,9772ms
111100111000000000100000000100000000,000010000000100011000010010010101000,000000000101010100000001000001010101,000001000010001000011100101000000010,157,45ms
101100001000000110000100000100010000,000000000011000001000001101000001101,010010010100101000100010010000000000,000001100000010000011000000011100010,157,2324ms
101101111001000000000000000100000000,000000000010001101010100001010100000,000000000000010000101010110000010011,010010000100100010000001000001001100,121,2598ms
110110010000000100010000000100001000,000000000011000000100001101000010110,001001000100010010001000010001100000,000000101000101001000110000010000001,173,229ms
101111010000000001000000000100001000,000000000001000000011100001000110110,010000001010100100000010010011000000,000000100100011010100001100000000001,177,273ms
010001111010100100000001000000000000,100010000100000000000100011010001100,000000000000000000111010000101110001,001100000001011011000000100000000010,79,88347ms
101110110000000000000000011000100000,000000000000001101010000000011011100,000000000101110000001011000000000011,010001001010000010100100100100000000,125,26669ms
111101010000010100000000000000010000,000010000000000001000110100000101110,000000000010001000001001011101000001,000000101101100010110000000010000000,157,11646ms
100111001100000000000000001001001000,000000100001010000001001000010100011,001000000000001000110010010100010100,010000010010100111000100100000000000,177,5092ms
010011000000001010001000000001010001,001000100101000001010010010010000000,100100000000010100000100100000101010,000000011010100000100001001100000100,85,3342ms
001101001000100000000010100001010000,000000110100011011001000000000000001,010000000010000100100100011100000010,100010000001000000010001000010101100,83,14748ms
010101101000100010000010000100000000,000000010000001000101000101000001101,000010000101010100010100010000010000,101000000010000001000001000011100010,96,8650ms
001110010100001010000000001000001000,000001101001000000010000000101100001,000000000000000101001110100010010010,110000000010110000100001010000000100,70,41086ms
010011111000000000001000001000000100,000000000100100000000010000110111001,101100000010000110110000000001000000,000000000001011001000101110000000010,157,777ms
000101000001000011000000010010101000,011000000000001000011011001000000010,100010000010010100000100100000010100,000000111100100000100000000101000001,66,12478ms
101100110000000001000001001000100000,000010001100100100000100100010000100,010001000011010010000010000000010010,000000000000001000111000010101001001,140,7616ms
100010011011000100001000000000001000,001000100000011000000000000101010011,010000000000100011110000101000000100,000101000100000000000111010010100000,121,47168ms
101011001001000000010010000000000010,000000010010000010100000001011010001,000000000000111001001100000100101000,010100100100000100000001110000000100,100,27130ms
100011001000010000001100000010100000,010100110011001000000000100000000100,000000000100000011000010010000011011,001000000000100100110001001101000000,77,17496ms
001101111000000000001000010000000001,000000000001000001100101000010011100,000000000110001100000010101001000010,110010000000110010010000000100100000,61,18263ms
101001110000000110000000011000000000,000100000101001000110000000000111000,010000000000100001001110100000000110,000010001010010000000001000111000001,116,5169ms
101110000000001001000000100010100000,000001000010000110100110010000010000,010000010000110000000000001100001101,000000101101000000011001000001000010,177,2460ms
100110110000010000000010100000001000,001000001110000010000000001100000110,010000000000100101101000010000110000,000001000001001000010101000011000001,134,4265ms
111010111000000001000000000000000100,000000000000010010001011101000101000,000000000010000100010100010110000011,000101000101101000100000000001010000,157,4294ms
010001100100000110100010000000100000,101000010000100000001100010000010010,000000000011000001010000001100001101,000110001000011000000001100011000000,88,6419ms
100111010000000000100000000010001100,001000001000000010010100000101110000,000000100110100000001000101000000011,010000000001011101000011010000000000,122,5460ms
101111100000000001000000001000001000,000000010101001000010000000101010100,010000001010000000000001110010100001,000000000000110110101110000000000010,151,4503ms
010111010010000000000000001000010010,100000000000100100100101110000001000,001000000101001011001000000010000100,000000101000010000010010000101100001,89,29696ms
000100100011001000001000100000100001,100000011100010000000010000001001010,010011000000100010000000011100010000,001000000000000101110101000010000100,55,3830ms
001000110000000000000100001110100001,100000001100110010000000010001000010,000110000001000101110000100000010000,010001000010001000001011000000001100,108,18850ms
100101010000000000000110111000000000,000000100101111000001001000010000000,010000000010000111000000000001110010,001010001000000000110000000100001101,112,32185ms
111100011000000000000001100000001000,000010000000010010010100000001110100,000000100011001000001010000010000011,000001000100100101100000011100000000,121,18133ms
001001110011000110000000000001000000,000010000000010000000001001010111100,010000001000000001011000110100000010,100100000100101000100110000000000001,94,38439ms
110000000001000000000110000000111100,000000101110010100010000000101000000,001101000000100001000000110010000010,000010010000001010101001001000000001,101,6620ms
111000001011010000010000000000000001,000010100000000100000110100001101000,000001000000100010101001001010010000,000100010100001001000000010100000110,143,4997ms
110000111001000000000100000000001100,000011000000010100010000100101000001,001100000000100001000001001010010010,000000000110001010101010010000100000,113,4525ms
010101110001010000000001000000001000,000010000100000010000010100000110110,100000000000100101110100011000000000,001000001010001000001000000111000001,157,21539ms
001001000010110010000000111000000000,110000001000001000100110000100001000,000110100100000100010000000001000110,000000010001000001001001000010110001,67,34221ms
110010100000110000000000000010011000,001000011110001001000000000000000110,000100000001000000111000100100100001,000001000000000110000111011001000000,136,59762ms
101010011001000001000000000011000000,000001000000001100000101011000000011,000000100010010010101000000100010100,010100000100100000010010100000101000,146,189ms
001110100001100000000000100000010100,100000011000000010000001011010000001,000000000100010101001100000001101000,010001000010001000110010000100000010,70,5459ms
010100110010000000100000000000100101,101010001000000001000000001111000000,000001000101010000001100000000011010,000000000000101110010011110000000000,57,3438ms
100010110000011001000000000000100100,010101000000000100000000101010010001,001000001000100010010110010000000010,000000000111000000101001000101001000,74,36747ms
111100001000100010000001000000010000,000000000001011100100000011000000110,000001010000000001010100100010101000,000010100110000000001010000101000001,110,7763ms
100001110000000100010100000000100001,001000000111001001000000010010000100,000000001000110000101001001101000000,010110000000000010000010100000011010,114,2134ms
011100000010100100100001100000000000,100011000101001000011000000000000001,000000011000000000000000011100110110,000000100000010011000110000011001000,91,33212ms
011011011000000000101001000000000000,000100000000010000000100011001111000,000000000001001110010000000110000101,100000100110100001000010100000000010,117,10452ms
111111111000000000000000000000000000,000000000000011101110000000100110000,000000000001000000000111101011000100,000000000110100010001000010000001011,177,74ms
010011101000010100000000000010001000,000000000101000000000111110001000010,000100000010100011000000001100010001,101000010000001000111000000000100100,84,27116ms
000010111000000000010000111000100000,011100000010011000000011000000000100,000001000000100110001000000101000011,100000000101000001100100000010011000,23,14537ms
001001100000000001110000000000010011,010010000000011000000110010001001000,100000011010100000000000101010000100,000100000101000110001001000100100000,108,657ms
110000010000001001000000000001011001,000011000010100000000101100100000010,001000000101010100011000001000000100,000100101000000010100010010010100000,121,4494ms
101101010000000010001010010000000000,000000000111000001100000100100000110,010000001000001100000001000011100001,000010100000110000010100001000011000,132,4655ms
101010101000001000100000010001000000,000100010110100100010000001000100000,010000000001010010000101000010010010,000001000000000001001010100100001101,132,9010ms
100100010000001000000000010100000111,001011001000000001011001100000000000,000000100101100000100010000001110000,010000000010010110000100001010001000,85,22168ms
111000010000000100100100100000001000,000000000010100011000010000111000100,000001000101001000011001000000110000,000110101000010000000000011000000011,140,4243ms
010101111100000000010000001000000000,000000000001001101100010000001110000,100000000010100000000000110000001111,001010000000010010001101000110000000,143,7696ms
100011101100000000000000000010011000,010000000000100001000000110101100001,001000000001011000000111000000000110,000100010010000110111000001000000000,112,8179ms
000011010000000010001010000001011000,010100001010001100010000100000000001,001000000100010001000001000100100110,100000100001100000100100011010000000,31,14984ms
111011001000000000100000010000010000,000100000000001110000110001100000001,000000110000000000011000000011100110,000000000111110001000001100000001000,142,343ms
110100011000010000000100000001000010,000001100100000010000010001100011000,000000000010000001111000010010000101,001010000001101100000001100000100000,157,8311ms
001111110000000010010000000000100000,110000001000001000000000100111001000,000000000111010000001000001000010110,000000000000100101100111010000000001,96,101043ms
001011110100000000000000001100000001,100000000000101010101111000000000000,000100000001000101010000000001011100,010000001010010000000000110010100010,72,18099ms
001111001010000010000001000100000000,010000010100100000111000010000000010,100000000001001001000110000001010100,000000100000010100000000101010101001,147,10713ms
101010001000000000001100010110000000,000101110010000010010000100001000000,000000000101100001000011001000001010,010000000000011100100000000000110101,110,5857ms
110111010001001000000000000000000001,001000100100000000010110000000011100,000000001000010100100001011101000000,000000000010100011001000100010100010,164,3395ms
110110011000000000001100000000000010,000001000000001011000000100000110101,001000000000110100000011000011001000,000000100111000000110000011100000000,164,1424ms
000000010100101000001001000110000001,000111100001000001000000000000110100,110000001000000110010000101001000000,001000000010010000100110010000001010,122,5571ms
010110000000101000000001000100010010,100000100010000000111010010010000000,001001010100010011000100000001000000,000000001001000100000000101000101101,124,20297ms
000001110000101001001010100000000000,011110000011010000000001000000010000,000000000000000100000100011010101110,100000001100000010110000000101000001,0,7765ms
101001100000000000000110100001010000,000010010000000000101001001010000101,000000001110111000010000000000001010,010100000001000111000000010100100000,88,53016ms
000000011010001100000001010001100000,011001000001000000001100000110000010,100010000100000010100000001000011001,000100100000110001010010100000000100,69,2681ms
101001001110100001000100000000000000,000000100000011010001010100000001001,010100010000000000010001000001110010,000010000001000100100000011110000100,157,2703ms
110001010000100000001010100000001000,000000000001011000000001001100000111,001000000010000001010100000011110000,000110101100000110100000010000000000,104,28973ms
011011101000010000000000000010001000,100000000100000010000010100100100110,000100000000100001001101001001010000,000000010011001100110000010000000001,76,25218ms
000100110000010000010011000000001100,000010001010100101100000001001000000,100001000001000010000100110000010010,011000000100001000001000000110100001,55,5157ms
100001101001000000000111000000100000,010010000000010000101000001001010010,000100010110100000000000100100000101,001000000000001111010000010010001000,128,2145ms
101110010000000000000001000011100000,000000100000110110001000110000000010,010000001010000000010100001100000101,000001000101001001100010000000011000,165,855ms
111111110000000000100000000000000000,000000000001011001010001100000010001,000000001000100000001100001101000110,000000000110000110000010010010101000,177,33ms
110101110001100000000000000000001000,000000000110010000111000100001100000,001000000000001011000101000100000011,000010001000000100000010011010010100,133,4750ms
110110111000000000010000000000100000,000000000100101100100000000111000010,000000000010010000000111010000011100,001001000001000011001000101000000001,146,4189ms
101000111000000000101000010000000001,000010000101000001000001001000001110,000100000000000110010110000101010000,010001000010111000000000100010100000,157,1069ms
001110101000000000001000000001100001,100000000100010101000101010000000100,010000000011000000100010100010001010,000001010000101010010000001100010000,116,21113ms
111010101000001000000100000010000000,000000010011010011010010000001000000,000101000000000000001000101000111100,000000000100100100100001010100000011,151,3292ms
010100111000000101000000000001000100,100001000010001010000110000000110000,001000000000010000110001010110000001,000010000101100000001000101000001010,105,17082ms
110011101100000000001000000100000000,001000000010100101000110000000010100,000000010000010000100000101011001010,000100000001001010010001010000100001,157,39ms
111110100111000000000000000000000000,000000000000000010110110000001011100,000001001000001001000001111000000001,000000010000110100001000000110100010,177,7ms
100001000010101000010000001011000000,010100001000000000001101010000001010,001010010100010100100000000100000001,000000100001000011000010100000110100,133,1335ms
110101100010000100010000100000000000,000010001000111000100000010000100010,000000010001000001000010001111000001,001000000100000010001101000000011100,127,3043ms
010011001011100000000000000000000101,000100000100000010100001001010100010,001000110000000101000100110000010000,100000000000011000011010000101001000,72,21552ms
000010010000001010001001010000100001,111001100100000000100000000001000100,000100001011010000000100001000001010,000000000000100101010010100110010000,0,155ms
011100110101000000001000000100000000,000010001000010010100011000010000001,100000000010101000000000110001101000,000001000000000101010100001000010110,157,281ms
001111101000101000000100000000000000,000000010010010000101001001100000010,110000000101000001010000010000101000,000000000000000110000010100011010101,177,419ms
110010000001010010100000001000000100,000001100000100001000001010110010000,000100010000000100011000100000101001,001000001110001000000110000001000010,133,1535ms
010101001001001000000000011000001000,000000010110110010000000000101100000,100010100000000001101011000000000010,001000000000000100010100100010010101,138,33144ms
111100110001100000000000000000100000,000000000010000111001100010011000000,000011000000010000010011001000010010,000000001100001000100000100100001101,135,1455ms
000110001000100001000000010010010001,100001000001000000101001001001000100,001000000110011110000000000100100000,010000110000000000010110100000001010,78,49808ms
000011000000001100010010100010010000,001100000101000000001000010000101010,110000010000100011100100000001000000,000000101010010000000001001100000101,110,515ms
010100000010000010110000010001000100,101010000000010001001100000100000010,000000101001000000000001001010011001,000001010100101100000010100000100000,40,3363ms
000100101110010000001000000000001010,001000010000101000010110001010000000,110010000000000010000001000001010101,000001000001000101100000110100100000,129,3288ms
001011001010000000100000100010001000,100100000100100101000000000001010010,010000000001011000001100010100000100,000000110000000010010011001000100001,105,8948ms
100101110000000000001100010000000001,000010000100000000010000101100011010,011000000011100000100011000000000100,000000001000011111000000000011100000,157,6116ms
101010100001000000001010000000000110,010100001110001000000101000010000000,000001000000110001100000101101000000,000000010000000110010000010000111001,107,4908ms
100011110000000000000010000100101000,000000000010011000001000010011000101,000000001101100110010000001000010000,011100000000000001100101100000000010,99,44980ms
101101100000000001001000000010000010,000010001000100010000001110001010000,010000000110000000100110001000000101,000000010001011100010000000100101000,157,98ms
010101100011010000001000000000000100,000010000000000001010001011000100011,100000010000100100100000100110010000,001000001100001010000110000001001000,157,480ms
101101110000010000001000000000000100,000010000000001100010000110001110000,000000001011000000100000001110001010,010000000100100011000111000000000001,157,452ms
100101111000000100100000000000100000,001000000010010011000000010010000110,000000000100001000011110000100010001,010010000001100000000001101001001000,133,1810ms
000011011000100000001000000100011000,001000000100000101110000010000100010,010100000011011010000000000001000100,100000100000000000000111101010000001,87,32779ms
111010110001010000000000100000000000,000100000010000001000011010000101001,000000001100000110111100001000000000,000001000000101000000000000111010110,157,5669ms
000000110010100001000010010000000011,001001001001001000011100000010000000,000100000100000000100000101100101100,110010000000010110000001000001010000,37,1795ms
101000011100000010000000001000011000,000010100010001001010000100100000100,000001000000010100001011000010100010,010100000001100000100100010001000001,112,1885ms
111001101000000000010000000000001100,000010000000001000100000101101100010,000100010001110000001101010000000000,000000000110000111000010000010010001,140,9661ms
000111010010100000000000100000100100,001000100000011110000010000000000011,000000001101000000010100011000011000,110000000000000001101001000111000000,57,1989ms
111110000001000100000000010000000100,000001010010100010110000000001010000,000000101000011000000010000110000011,000000000100000001001101101000101000,177,1915ms
100010111101000000000100000000000001,000001000000010000001001000110001110,000100000010100010100010000001110000,011000000000001101010000111000000000,132,7260ms
011011000000010001000000001000011000,000000000011000010011100100100000001,100000011000100000100010010011000000,000100100100001100000001000000100110,151,2360ms
111011011100000000000000000000001000,000000000011000100000100001011100100,000100000000011001000001010100010001,000000100000100010111010100000000010,157,74ms
100111101010001000000000100000000000,000000000001010111000010000010100100,010000000100000000001000000101011011,001000010000100000110101011000000000,177,6843ms
001000010001000101100000110010000000,000110000000100000010110000100010001,100000001010000000001000000001101110,010001100100011010000001001000000000,74,69785ms
001011101010010001000000000010000000,100000000100000100010111001001000000,000100010000101010000000000000001111,010000000001000000101000110100110000,53,39768ms
001000000000000110000111000010101000,110110000010011000000000000101000000,000000011100100000000000011000010101,000001100001000001111000100000000010,11,1197ms
010010110011100000100000000000010000,001000000000001101000100000110000011,000100001000000010011000011001001000,100001000100010000000011100000100100,76,10668ms
001011111000100000100100000000000000,100000000101000010011000001100000100,010000000010011000000001000001011010,000100000000000101000010110010100001,103,9234ms
110111000000000000000001010000000101,001000001111100100010000000001000000,000000000000001010100110001100101000,000000110000010001001000100010010010,170,4647ms
011101110000000001010100000000000000,000000000111111100000000100010000000,000000001000000010000001000101110011,100010000000000000101010011000001100,83,83720ms
110011000000100010010010000000010000,001000100101010000100100001000100000,000100010000001101001000100000000101,000000001010000000000001010111001010,83,9794ms
100100000000110100000001100100000100,000000010010000001111010001000100000,010010100001000010000100010001001000,001001001100001000000000000010010011,101,33864ms
011000011000000010000010110000000010,100100000000000101000000000111100100,000010000110100000000001001000011001,000001100001011000111100000000000000,65,85657ms
011111110000001000000100000000000000,000000000000100000101001110101001000,100000000110000010010000000010100110,000000001001010101000010001000010001,177,325ms
110001101000000000001000000100100010,001000000100000010000000001001011101,000100000001001100000101110010000000,000010010010110001110010000000000000,128,41814ms
111010011000001000000000000010000010,000000100100000000001010110001010001,000101000011010011010000000000100000,000000000000100100100101001100001100,157,808ms
010010001000001000000110000011000010,100001000011000110100000100100000000,001000110000010000011001000000000101,000100000100100001000000011000111000,62,5039ms
111011000000000001010010000000010000,000000000000100000000101001110101001,000000000111010010001000100001000100,000100111000001100100000010000000010,139,35679ms
000111110000000100001000010100000000,001000000100011010010010100000000001,110000000011100000100100000011000000,000000001000000001000001001000111110,177,64ms
110001111000000001000100000000100000,000110000011010000101000001010000000,001000000100000100010001010000010101,000000000000101010000010100101001010,134,8508ms
111100010000000100001000100000010000,000001000011000000000101001110100000,000010100000101001010010010000000100,000000001100010010100000000001001011,130,3232ms
101111111000000000000000000000100000,010000000101010010000000000010001011,000000000000100100011000110101010000,000000000010001001100111001000000100,177,280ms
011110011000000010101000000000000000,000000000101000100010000100011101000,100000100000011001000011000000000110,000001000010100000000100011100010001,177,702ms
010000010000101010100100000101000000,000001101000000001010010100000010010,001110000001010000001001000010100000,100000000110000100000000011000001101,89,2072ms
111110111000000000000000010000000000,000001000101100010000101000000100001,000000000010011000000010000110011100,000000000000000101111000101001000010,164,3311ms
001000100001110000000110001000000001,100000000000000101100000100010110100,000011010010001010000000010001001000,010100001100000000011001000100000010,0,4871ms
001101110000011000000000001001000000,100000001011000000010000000110010100,010000000100100011100000100000100010,000010000000000100001111010000001001,99,5830ms
110111101000010001000000000000000000,000000000001001000010011101001000001,000000000100000100001000010110011100,001000010010100010100100000000100010,177,2183ms
110100110001000000100010000100000000,001011000100011001001100000000000000,000000000000100000010001110000111100,000000001010000110000000001011000011,139,22598ms
110101011000010101000000000000000000,000010000001100010011000000110000100,000000100110000000000111011000001000,001000000000001000100000100001110011,153,664ms
001100101010000000000110001000010000,000011010001010000010001100010000000,000000000000001101101000000101000110,110000000100100010000000010000101001,58,23602ms
111010000110100100100000000000000000,000000100000000001000001011001000111,000000001001010010001110000010001000,000101010000001000010000100100110000,157,131ms
011111101100000000000010000000000000,000000000000011010110100000001101000,100000010011000101000000010000000101,000000000000100000001001101110010010,177,209ms
111011101000000000110000000000000000,000000000110010101000000001101001000,000000000001001010000101110000110000,000100010000100000001010000010000111,157,99ms
100110010000000100010000010100010000,010000000001001010100001001000101000,001000100100100001000010000001000011,000001001010010000001100100010000100,151,2085ms
011001000010010100000000001000010010,000100100100000010110000100000001001,000010001001100000001000000011100100,100000010000001001000111010100000000,62,8172ms
111000011001000010000000000000100001,000011000000011101010000100000010000,000100000010000000001011011101000000,000000100100100000100100000010001110,143,3586ms
001010001100010000010000000110100000,100000110000100100001100000000010010,010101000001000000100001001000001001,000000000010001011000010110001000100,119,892ms
101000110000000000000010110000000110,000111001000100000011100000000010000,010000000010010011000000001101000001,000000000101001100100001000010101000,118,11933ms
110000011000010000000100000110000100,000100000110000001000011000001010001,000011100000101010011000001000000000,001000000001000100100000110000101010,157,1635ms
111010001000000100010000000010100000,000101010100100000100100000101000000,000000000011001000000000111000001101,000000100000010011001011000000010010,99,23816ms
100000000100010000000010000110101100,001000000010000111100000000001010001,000111000000100000010001011000000010,010000111001001000001100100000000000,112,86585ms
010001001010000100000000100101000100,100100010100010001110100000000000000,001000000000001010001000010010111000,000010100001100000000011001000000011,61,7090ms
000011101000010000100001000000101000,100000010000001000000110100101000001,011000000110000000011000001000010100,000100000001100111000000010010000010,92,5259ms
101110101000000100001100000000000000,000000010010100001100001010100000001,010001000100001010010000000001101000,000000000001010000000010101010010110,177,823ms
010000011000010000001000100011100000,001101000010000001000010011000001000,000010100100100010100100000100000001,100000000001001100010001000000010110,71,12073ms
111011111000000000000000000000010000,000000000011100110010000000100000110,000100000100000000101001100010001001,000000000000011001000110011001100000,157,5181ms
100110100000000000000100000100110100,001000011010001011000001000001000000,010000000000010100110000011010001000,000001000101100000001010100000000011,155,4278ms
101111101000000000001000000100000000,000000000011011100010001010001000000,010000010100000001000100001010010001,000000000000100010100010100000101110,177,55ms
000010011010000001001000100100000100,000000000100100000100010011001001010,000100000001011010000100000010110000,111001100000000100010001000000000001,13,3889ms
000111011001100000010000000000000100,000000100000000000101011010010110000,100000000100001100000000101100001001,011000000010010011000100000001000010,142,11990ms
011011111010100000000000000000000000,000100000100000001001101010011000000,100000000001010010110000100100100000,000000000000001100000010001000011111,157,578ms
101001010010001000010010001000000000,000100001001100010000000110000001001,000010000100000000101100000111000010,010000100000010101000001000000110100,157,210ms
100000011001010000000010100010000001,000101000000101000110100000000101000,001000100010000110001000001000000110,010010000100000001000001010101010000,72,876ms
001000001001101000000100100010010000,010000100110000000001000001001000110,100001000000000110100011000100001000,000110010000010001010000010000100001,92,456ms
100000001001001000000101000100000110,000001000000000110101000000001011001,001010000010010000010010001010100000,010100110100100001000000110000000000,77,12080ms
101000010000101000000100000100010001,000000100001000011000010011001001000,010001000000010100111000000010100000,000110001110000000000001100000000110,157,47ms
101001111100000000000000100000100000,010010000001000100110000010010000100,000000000000011000000001001101010011,000100000010100011001110000000001000,133,6730ms
010010010011000001010010000001000000,000100101100010110100000000010000000,000001000000100000000101100000110110,101000000000001000001000011100001001,29,8664ms
100100001000101000001000000010001100,000010010101000111000100010000000000,011000100010000000100010000000100011,000001000000010000010001101101010000,128,30403ms
001110111000010000000010000000010000,010001000100100100000001010001000100,000000000011000001101100101000100000,100000000000001010010000000110001011,68,40785ms
011011010101000000000000001000100000,000000000010001101110110000000001000,000000101000100000000001000011010011,100100000000010010001000110100000100,83,13241ms
010010111100000000000010000000001100,100001000000100010101100100000000001,001000000010010001000001001100100010,000100000001001100010000010011010000,98,6500ms
000110010001100000010010000000010001,000001100100001000100100011000100000,000000001000010111001000100000000110,111000000010000000000001000111001000,20,206ms
111100100100100000001000000000100000,000010000010001000010010010000011010,000001000000010101100100100101000000,000000011001000010000001001010000101,157,161ms
010001011000000001011000000000000011,101110000001001000000000010000100100,000000100110010000100011100010000000,000000000000100110000100001101011000,72,7913ms
000010001010000010001000100100110000,110100110001000000000100001001000000,000001000100110001110001010000000000,001000000000001100000010000010001111,59,8229ms
111010010000110000001010000000000000,000000101001000000010101000010001100,000101000110001011000000000000010001,000000000000000100100000111101100010,157,5735ms
001101000011000100100000000000011000,000000110000010001000000100100000111,110000000000000000011000011011100000,000010001100101010000111000000000000,157,9712ms
000110011100000100000000100010100000,000000000010011000000001001100011010,001000100001000000110100010001000100,110001000000100011001010000000000001,89,13839ms
101111000000100000011001000000000000,000000110000001010100100010000110000,000000000111010101000000001101000000,010000001000000000000010100010001111,160,14507ms
110001001000001000011000000001000100,001110000000110000000110000100010000,000000000010000011000001010000101011,000000110101000100100000101010000000,73,5544ms
110011011000000000100010000010000000,000000000000000101010100111001100000,000100000011100000001001000100000011,001000100100011010000000000000011100,134,4390ms
011001011000010010000000011000000000,100110000000100001101000100000000010,000000000011000100010010000110001001,000000100100001000000101000001110100,73,68267ms
000000101001010110000000000001001100,010000000110000000010010101000010001,000110000000101000101000000100100010,101001010000000001000101010010000000,47,1773ms
111000111000010000000000000001001000,000110000000000100000100111000110000,000000000110101001100000000100000101,000001000001000010011011000010000010,157,322ms
001110001100000011000000100000000010,110001000010000100101000001000100000,000000010001110000000100010110000001,000000100000001000010011000001011100,86,15536ms
111111100000010000000000000100000000,000000001010001001100110000000011000,000000010100100100001000001010100001,000000000001000010010001110001000110,177,43ms
111101000000000100000000100000000110,000010000110000000111011000010000000,000000100000001001000000001101110001,000000011001110010000100010000001000,157,601ms
001100110010001010100000000001000000,100010001000000000001010100100100010,000000000100110000000101000000011101,010001000001000101010000011010000000,71,58860ms
100101101001001000001001000000000000,010000010100000000110100001100000100,001010000000100000000010000011110001,000000000010010111000000110000001010,107,35022ms
101100010101000000000010010000100000,000000001000001010100100101100000010,000001000010000100001001000010011001,010010100000110001010000000001000100,110,3501ms
001100001000011100001100000000000010,000000100101000001100010000100110000,110000000000100010010000001010001100,000011010010000000000001110001000001,118,2136ms
000001010000101001001000100001100000,001000001011000100010100001000000100,010010100100010010000000000100000011,100100000000000000100011010010011000,52,58526ms
111001110100000000000000000000000101,000010001000000100000010010011011000,000000000010100010110101100000100000,000100000001011001001000001100000010,132,4209ms
110001110010001000000001001000000000,000110001101000010100100000000010000,000000000000010101001010110010000100,001000000000100000010000000101101011,110,42195ms
100000101000010010110000010000010000,000010000000000001001110100101100000,011101010101100000000001000000000000,000000000010001100000000001010001111,157,2731ms
011000010000011011000010000000100000,000000001011000100000001001100010010,000111000100100000100100100010000000,100000100000000000011000010001001101,107,34534ms
011100111000000001000000000010000100,100010000100000010000001010000011001,000000000010001100110000100101100000,000001000001110000001110001000000010,102,32639ms
001111000011011000000000000000000001,100000100000000100101001010011000000,010000010100000000010010000000110110,000000001000100011000100101100001000,129,8947ms
001100010010001001000000000000010101,000001001000010100011100000000100010,110000100001000010000000100011001000,000010000100100000100011011100000000,136,7391ms
101001101000000001001100000010000000,010000000101100000010010101000000100,000000000010001110000001000101001010,000110010000010000100000010000110001,112,26666ms
010010100000100000000101000110001000,100100011101000000000010100000000100,001001000000010001110000011000000010,000000000010001110001000000001110001,99,13220ms
011101000100000000010010100000000100,000000100011100010100001000011000000,000010001000000101001100011000000010,100000010000011000000000000100111001,82,23037ms
000010110010001001000100001010000000,100000000001100010100000010000010011,001001001000000100001000100101001000,010100000100010000010011000000100100,47,4155ms
001111111000000000100000000000000010,110000000001011101001000000100000000,000000000000100010010011100010101000,000000000110000000000100011001010101,98,4299ms
010111000000000000011100010000000010,000000100101010000100000100001100001,001000000010001000000010000110011100,100000011000100111000001001000000000,110,61630ms
110001000110110000001000000010000000,001000100001001010000101000000010010,000000011000000100010010110101000000,000110000000000001100000001000101101,152,1525ms
000011110010000100011000100000000000,100000000000001001000010001011000011,000100000100010010100000010100101000,011000001001100000000101000000010100,81,10061ms
110001100000101000000000010001100000,000010001001000110001000001100010000,001100010000010000010101100010000000,000000000110000001100010000000001111,139,4300ms
101001000000000101000101110000000000,000110000001100000010010000000100011,000000111010011000000000000101001000,010000000100000010101000001010010100,128,9014ms
011010001000100011001100000000000000,100001110010001000000010000010000001,000000000000000100010001110100110100,000100000101010000100000001001001010,48,36649ms
000110111000000000100000010010001000,100000000010000001011010100001000001,000000000001001100000100001100100110,011001000100110010000001000000010000,70,69708ms
000110110010000000000001011001000000,000000000001000100010000000110110101,010001000100001011000110100000000000,101000001000110000101000000000001010,81,53080ms
011011001000000000000010010000010001,000000010111011001110000000000000000,000100000000100110000000001111001000,100000100000000000001101100000100110,90,81332ms
010000100100010000000000001010001101,000100000001000011110001100000010000,000000001010100100000010010101100000,101011010000001000001100000000000010,40,8512ms
010001101000100000001010000000010001,000010010110000010100001010000100000,000000000000010101000000101101001010,101100000001001000010100000010000100,46,8993ms
111101100000000000100100000000010000,000000000010100100001001010100001010,000010010100001001010010100001000000,000000001001010010000000001010100101,157,519ms
101100000000100100000001010000010010,010000011100000010000000001101000001,000011100000000000010100100000101100,000000000011011001101010000010000000,77,48995ms
111001100000000000000000001000100110,000110010010000010011100000010000000,000000001100011100000000110100010000,000000000001100001100011000001001001,146,12097ms
100011000001000001101000000000010100,000000000100101010000100001101000010,010100100010010100010000010000001000,001000011000000000000011100010100001,112,19037ms
110100100010000010000000000000100101,001001001101000000100000100100000010,000000010000100000001110001001011000,000010000000011101010001010010000000,96,10561ms
011000111001000000000000000100000011,100010000000100010011001010000001000,000100000100000101000110000011010000,000001000010011000100000101000100100,116,4536ms
010100001000011100000100000000010100,101000000001000010001001101000000001,000010110100100001000000000100100010,000001000010000000110010010011001000,83,34775ms
001010101000001010000010000001001000,000100010000100100011001101000000000,100000000111000000000000010100100101,010001000000010001100100000010010010,126,38147ms
010010000101001000010000010010010000,000100101000000001000000101001100010,101001000010100100000100000000001001,000000010000010010101011000100000100,121,4212ms
110011001000000000000001001000001010,001100100011011000000000000110000000,000000000100100000110000010001110100,000000010000000111001110100000000001,124,49166ms
101111110000000000000001000000000010,010000000001101100001100001100000000,000000001010000011000000010000111001,000000000100010000110010100011000100,148,3543ms
001011011010100000000000000001001000,000100000000000010000110100010110100,010000100001000101100001001000000001,100000000100011000011000010100000010,83,39384ms
011110010000010000010000100000001000,000000100000000100101101000000100101,100001001000000011000000011000010010,000000000111101000000010000111000000,136,9688ms
100011011100010000000000000000000110,000100100000001000001010001100010001,001000000011000111110000000000001000,010000000000100000000101110011100000,149,333ms
001010111000000000011000010001000000,010000000111000000100110100010000000,000101000000111001000000000100100100,100000000000000110000001001000011011,93,18492ms
011111111000000000000000000000100000,100000000100101101000101100000000000,000000000001010000001000011010001110,000000000010000010110010000101010001,117,22422ms
100100101000000000100100011000000100,000011000001000000011010100110000000,010000010110100101000001000000001000,001000000000011010000000000001110011,157,39570ms
011010010001000000100000100000001100,000001000000011100001000000011100010,100100100000000000010101011000010000,000000001110100011000010000100000001,157,1850ms
011010000000000110001000100010001000,000100101100000000110000000000010110,100000000000110000000111001100000001,000001010011001001000000010001100000,123,2572ms
111011010000000000110000100000000000,000000000001000101001100001010100010,000000000000100010000010010100011101,000100101110011000000001000001000000,154,7116ms
100101001000001010010000001010000000,001010000000000101101010000000000101,010000000001110000000001010001001010,000000110110000000000100100100110000,96,1457ms
011101010000100010100000000000010000,000000101000000100000101100100000011,100000000110000000011000010001101000,000010000001011001000010001010000100,157,358ms
000111111000000000000010000001000001,000000000101001100011000000000101100,101000000000100000100101100100010000,010000000010010011000000011010000010,177,227ms
010010011000001100000100000000001010,001000100000000010100001010001010100,100000000011110001010000001000000001,000101000100000000001010100110100000,102,5539ms
111100101100000001000000010000000000,000010000000111000111010000000001000,000000010011000010000000100101110000,000001000000000100000101001010000111,157,950ms
101110011000000000000000001010000001,000000100010000100001111000000010100,010000000101001011000000000100100010,000001000000110000110000110001001000,177,270ms
101100100001000001000000011001000000,000010011100100000100010000100000010,000001000010000010001001100000111000,010000000000011100010100000010000101,91,1469ms
111000110000000010000100000010001000,000000000011001000001011011000000001,000101001000000001100000000001010110,000010000100110100010000100100100000,157,669ms
101111011000000000001000000000000010,000000000011000100100000000010011101,010000100100111000010001001000000000,000000000000000011000110110101100000,177,716ms
000101111000000011100010000000000000,000000000101000000011000110100100100,000010000010011100000000000010001011,111000000000100000000101001001010000,64,61065ms
011101100001000000000000000000100110,000010000000010001000110100100010001,000000011000101000011000001001001000,100000000110000110100001010010000000,62,15820ms
010000111010001000000000100000101000,101010000000000101001011000100000000,000101000100100000010100001000000110,000000000001010010100000010011010001,54,7772ms
001001010000010101001010001000000000,100000000010000010100001110000101000,010110000100100000000100000010010010,000000101001001000010000000101000101,114,42493ms
011010100000000000100000010100100010,000100000110000010000110101000001000,000001001001100100000001000011000100,100000010000011001011000000000010001,116,7013ms
010101011101000000000100000010000000,100000000000101000001011100000100010,001000100000010000010000011100000101,000010000010000111100000000001011000,100,3761ms
010111001000000000001000000100100010,001000100000010001010000100011000001,100000000000101110100001001000010000,000000010111000000000110010000001100,162,4409ms
010011100100000000100000001100100000,001100000010001000000001100010010100,100000010000010100011110000000000001,000000001001100011000000010001001010,157,72ms
001111011000000001000000011000000000,100000000011110010001011000000000000,010000100100001100000000100010010001,000000000000000000110100000101101110,121,90309ms
010010101010010000001000000100010000,000000000101000100100000100010001011,101100000000000010000111001000000100,000001010000101001010000010001100000,157,1268ms
001010011100000010000001000010100000,100100000001100000001100011000001000,000001000010000001100010100001000101,010000100000011100010000000100010010,69,11044ms
010011010110000100000000000000100010,000000101000000000100010110100001001,001100000000000011000101001001010000,100000000001111000011000000010000100,75,41226ms
011101111001000000100000000000000000,000000000000000010011001101010000011,000000000010111001000000010001100100,100010000100000100000110000100011000,105,20529ms
011010101000100000000000001001000001,100000010110011001000000010100000000,000100000001000000011101000000011010,000001000000000110100010100010100100,66,14886ms
100001011100000000000000000100101001,010000000000001000010101011000010010,000100100010010011100000100001000000,001010000001100100001010000010000100,142,763ms
101010110100000010000000000100010000,000100000000000100001101000010100101,010001000011110000010000010000001000,000000001000001001100010101001000010,157,567ms
010111110000000000010001000010000000,100000000010100001000010110101000000,000000001001000010101100001000010100,001000000100011100000000000000101011,115,41680ms
011111000000000001000010010000010000,000000000011011100100000001011000000,100000011000100010011000100100000000,000000100100000000000101000000101111,177,422ms
010111101000000001000000000001000001,000000010001101000001001001000011000,101000000000010110010000100000100100,000000000110000000100110010110000010,157,4527ms
000000001101101000000101000000000101,011001010000000011100000000100100000,000010000000000100010000110011011000,100100100010010000001010001000000010,6,1062ms
011110111000000000000001000000001000,100000000110010101000000001000000011,000001000000101010110000000011010000,000000000001000000001110110100100100,129,9790ms
011110110000000000000011000010000000,000000000010001101001000000001001101,100001000001100000110100001000000010,000000001100010010000000110100110000,177,371ms
110100001000000000001000001001001001,000001010101000000010101000110000000,001000000010001001100010000000110100,000010100000110110000000110000000010,146,1417ms
010001000001001000001111000000010000,100000000010000101000000010100100011,000010010100100010010000100001001000,001100101000010000100000001010000100,21,13484ms
000101100000000000001000101101001000,010010000100100110010010000000010000,001000001011000001000000010010000110,100000010000011000100101000000100001,61,30214ms
001101100000000010010010000000100100,000010010100011001000001100010000000,110000001010000000100000010101010000,000000000001100100001100001000001011,157,347ms
011101001000000000100000000100001001,100010000101010001000001100000000010,000000000000101000011010011010000100,000000110010000110000100000001110000,122,7641ms
111110101000100100000000000000000000,000000010000000011101001000010001001,000000000011010000000110000100010110,000001000100001000010000111001100000,163,2738ms
010001110110000001000001000010000000,101000000001100000001000110000001100,000100001000010010000010000001110001,000010000000001100110100001100000010,71,6225ms
000010100011100001001010100000000000,010000010000011010110100000000001000,001100000000000100000001001110100010,100001001100000000000000010001010101,18,27314ms
110101010001010000001000000000000001,000010000010101001010100100000010000,001000100000000010000001011010001100,000000001100000100100010000101100010,118,7109ms
000001000010000100000000000111000111,010000100101110000000101010000000000,000100010000001011101000000000101000,101010001000000000010010101000010000,6,31587ms
100000100100100100000000010000110100,000011010001000010000100001011000000,011100000010010001000000100100000010,000000001000001000111011000000001001,157,209ms
011000101100000100001000010100000000,000110010000010011010000000010100000,000000000011000000000111000000011101,100001000000101000100000101001000010,89,4081ms
000010000000101101100000110001000000,010000001000000000011001000110001001,001000100110010010000000000000100110,100101010001000000000110001000010000,22,119559ms
010111111001000000000000000000001000,001000000010100100010100011000000001,100000000100011000000010100011000100,000000000000000011101001000100110010,177,1905ms
011101101000000100010000001000000000,000010010000100010100001100000110000,000000000100011000001010000101001001,100000000011000001000100010010000110,104,53553ms
010110011000000100010000010010000000,000001000000100000100100001000101110,001000100100000001000011000100010001,100000000011011010001000100001000000,114,19349ms
011100100000000010000101000000100001,100001011001000000010000010010000010,000010000110000000000010001001011100,000000000000111101101000100100000000,61,10317ms
101110001110000000000010000000010000,000001000000101001000000111000100010,010000110000010000000001000101001001,000000000001000110111100000010000100,177,250ms
100101000000100000000000101100001010,011010000010000000100010000000010101,000000111100001100001101000000000000,000000000001010011010000010011100000,86,16403ms
100001001001100010010000001001000000,001000100100001000000011000010001001,000110000010000001100100010000100100,010000010000010100001000100100010010,121,1725ms
011011100000000001100000010100000000,100000010001000000010001000011000101,000000000100111110001000101000000000,000100001010000000000110000000111010,116,22840ms
011100101110000000000000100001000000,000001010000010001100000011000001010,000010000000101010000010000110010100,100000000001000100011101000000100001,105,9914ms
110111100000001010000000000000000010,001000011000000001110000100010100000,000000000110010100001001000100010100,000000000001100000000110011001001001,156,13503ms
101100111000001000000010000000100000,000000000001000000110101100110000100,010000000100100011000000010001000011,000011000010010100001000001000011000,138,2197ms
101111001000000001000000001000000010,010000000010001010110010000000001001,000000100101000000001001100100110000,000000010000110100000100010011000100,177,137ms
101001011000000000000000100000100011,000110000000101001000000010100010100,010000000011000100010011001000001000,000000100100010010101100000011000000,119,11481ms
111110110000000100000000000001000000,000001000000011000000110000110001100,000000001001100001110001000000110000,000000000110000010001000111000000011,144,4853ms
001000011100100000001001010000000010,000001100011000000100010000001110000,110000000000010110000100001010001000,000110000000001001010000100100000101,127,1011ms
110001011000000100000001101000000000,000000100110001000000100000011100001,001010000000110000010010000000011010,000100000001000011101000010100000100,129,7660ms
010000001000110100010010000000110000,001000000011001001000100001001000001,000110010100000000101000100100001000,100001100000000010000001010010000110,133,1019ms
100111100100000000100100000000000001,000000010000010011000000011011000010,001000001010000000011000000100111000,010000000001101100000011100000000100,177,70ms
000011001000100000000101010000101000,010000100010010011110000000010000000,001100000001001100000010100001000010,100000010100000000001000001100010101,16,1040ms
100010000000100001000000101010100100,000001101101000010000001000100001000,000100010010010100100000010001000001,011000000000001000011110000000010010,76,1755ms
110000101000100010000000000000100011,001001000100001001011100000000001000,000000000000000100000011011101010100,000110010011010000100000100010000000,122,24647ms
110000110010000000100000001100001000,001001000000001010010100000011010000,000100001100000000001001010000000111,000010000001110101000010100000100000,143,758ms
001000111000100000010000000001000110,010001000011001000000000010000111000,100010000100010000100101100000000001,000100000000000111001010001110000000,138,1910ms
100001100000100100000000100000000111,000000000001010000110110011000001000,001010001100000000001001000111000000,010100010010001011000000000000110000,125,11257ms
100000111000010001000100000001001000,001001000010001010001000011100000000,000110000101000100000011000010100000,010000000000100000110000100000010111,120,2847ms
100101011000000100010000100000000010,010000100000001000101010001001000100,000010000011000010000101000000110001,001000000100110001000000010110001000,82,13024ms
100110001000010100000000110001000000,000000010101000000100110001100000010,011001100000101010000001000000000001,000000000010000001011000000010111100,132,11456ms
010001010100000000100101000100000100,000000000010110000011000110000010001,001010100001001110000010000000000010,100100001000000001000000001011101000,112,14184ms
000100010000001010000100101001000100,111000001010000000000011000000010010,000001000001000001001000010110101000,000010100100110100110000000000000001,0,508ms
111101110000000010000000001000000000,000000000100000000110111000000110001,000000000000010001001000100111001010,000010001011101100000000010000000100,132,5509ms
110011111000000100001000000000000000,000100000000001011000100111000000100,000000000111010000000010000111001000,001000000000100000110001000000110011,157,945ms
111101001000101000000000100000000000,000010010010010100000000000011100100,000000100000000011110101010100000000,000000000101000000001010001000011011,157,30753ms
101110100100000000000000000001100010,000001001000011000000001101100000001,000000000011100100101100010000010000,010000010000000011010010000010001100,134,13560ms
101011110000010000001000000000000001,000100000010000110000100100101010000,010000000101101000000001010010000100,000000001000000001110010001000101010,157,452ms
010110111000000000000010000100010000,001000000010010010001000001011000100,100000000101001100100000010000100010,000001000000100001010101100000001001,177,334ms
101000101000100100000010000000100001,000001000101000000010100010100001100,010000000010011000000001100001010010,000110010000000011101000001010000000,101,2379ms
001100000001100000110010100000100000,010011001000010000000100001100000010,100000100100001110000000000010001001,000000010010000001001001010001010100,107,10482ms
010000110100001101000000010000001000,001100001010000000011000000011000001,100010000001100010100001000100000010,000001000000010000000110101000110100,143,2507ms
100111111000000000000000000000001001,000000000010100110100100110100000000,000000000100000000010010001011110100,011000000001011001001001000000000010,141,4443ms
