100111100000000001000100100000000001,001000000011011010000000000010001010,010000010000000100101001001000110000,000000001100100000010010010101000100,163,14410ms
010101110000100000001000101000000000,101000000000010100100001000001000011,000000001110001000010100010000110000,000010000001000011000010000110001100,84,12262ms
110100100010000000001000010000010100,001001000000000101100100000010100001,000010001100010000010010101000001000,000000010001101010000001000101000010,128,4548ms
111110010000000001001010000000000000,000000100001010100000101101000000010,000001000100101000100000000001010101,000000001010000010010000010110101000,177,252ms
111110100000010000000000000010000010,000001000000001001000010101101001000,000000011100100100000101010000000100,000000000011000010111000000000110001,177,646ms
000001000001000001100011011000000010,000100001000001100001100100010100000,110010010100010010000000000000001100,001000100010100000010000000101010001,138,10314ms
110001010000000000111100000000000001,000000100000000100000001101110100100,001000001010111010000010000000000010,000110000101000001000000010001011000,157,4771ms
101001000100100000000010001001000100,010100001000001000000101000010011000,000010000000010000001000110100100011,000000110011000111110000000000000000,84,32597ms
111111010000000000000000010010000000,000000000000010001100100000001010111,000000100000101000000011100100101000,000000001111000110011000001000000000,177,3502ms
110000000001000100010000001001010001,000100011000000001001010010010000100,001010000100100010000100000100001010,000001100010011000100001100000100000,129,9075ms
000000011000010001001110000110000000,100000000110000000100001111000000001,010111000000101000010000000001001000,001000100001000110000000000000110110,73,19949ms
101101110000000000001010000010000000,000010000000001001010000010001001011,010000000110010100000001001000100100,000000001001100010100100100100010000,157,606ms
010001010001000110000000000001000110,100010000000101000010001011000010000,001100001000010001101000000000001001,000000100110000000000110100110100000,64,4429ms
011111010000000000000001001001000000,100000000000100010000010100000111100,000000001010001101010100010100000000,000000100101010000101000000010000011,110,5373ms
010001101000100000011010000000100000,101000010000001011000000010010000010,000010000100010100100000101000001001,000100000011000000000101000101010100,73,6546ms
110000110001000010100000001000000010,000000000000110001001101000011100000,001100000010000100000010110000011000,000011001100001000010000000100000101,129,1722ms
101101000011010001100000000000000000,000000110000000010010011011000100000,000000000100000000000000100011011111,010010001000101100001100000100000000,133,2801ms
001101000000110101000001000000010000,000010100011000000111100000000001000,100000010000001000000010101011000001,010000001100000010000000010100100110,86,35290ms
110001001001000110010000000000001000,001010010100001000001010000000010001,000100000010100000000101001101000010,000000100000010001100000110010100100,119,3691ms
010100101001000000000100001001000100,000001010010110000000000100000010011,000000000000000111001011010000101000,101010000100001000110000000110000000,33,304ms
110110001000011000000100000100000000,001000000101000100001000110000000110,000001100000000011000011001000101000,000000010010100000110000000011010001,138,953ms
101101010000001000010000010000100000,000000001000100100100000000111011000,000000100100000010001011000000000111,010010000011010001000100101000000000,122,15000ms
011010010100010011000000000000000001,100101000010001000000100101010000000,000000100000000100111001010001010000,000000001001100000000010000100101110,89,35373ms
110001000000011000001100000010000010,000100001000000000010001010100101100,000000110111000110000010000000010000,001010000000100001100000101001000001,133,29309ms
010100111000100010100000000000000001,000000000010000100011001111100000000,101011000100010000000000000000101100,000000000001001001000110000011010010,157,640ms
111110101001000100000000000000000000,000000000010110001000110110001000000,000001000100001010101000000010100100,000000010000000000010001001100011011,177,1103ms
111011100000100100000000000001000000,000000010010000000111000001010000011,000100000100001000000110100100001100,000000001001010011000001010000110000,157,98ms
101011110000000000010001000000100000,010000000111100001000010000001010000,000100001000011100000100000100000101,000000000000000010101000111010001010,139,3364ms
111100101000000000001001000000000010,000001000000001010000000100001101101,000000000110100101110100000010000000,000010010001010000000010011100010000,157,1276ms
101000010000000010001011000000010001,010000001110101001000000000000001100,000110000000010000100000110110000010,000001100001000100010100001001100000,136,13476ms
001011110001000000000000001001100000,010100000100101100110000100000000000,000000000010000011000100010100001011,100000001000010000001011000010010100,44,44678ms
011110110000000000011001000000000000,100000000100100100000000010010001110,000000000000000011100010101001010001,000001001011011000000100000100100000,136,43680ms
011101000000000001011100000000010000,100000110111010000000000000001100000,000000001000100010000001011100000110,000010000000001100100010100010001001,78,14039ms
000110011100001010000000000010001000,110000100010000000000000000100100111,001000000000010000111000011001010000,000001000001100101000111100000000000,74,182497ms
101001101100000000010000010000010000,000100010000000100000000100000101111,010010000010010000001100000111000000,000000000001101011100011001000000000,157,67ms
011001000000000001010010000100011000,000100001011100000000001001010000100,000010100100010000000000110001100010,100000010000001110101100000000000001,84,2187ms
011001101000000001000000000001000110,100000000000011000000110110100000001,000010010100100010010000001000110000,000100000011000100101001000010001000,92,10852ms
110101011000000000000000010000110000,001000100000100010110011000000000010,000000000110001101001000100000000101,000010000001010000000100001111001000,107,19221ms
000010000000101000010001010101001000,101000100010000001001100000000010100,000000011001000100000010001010100001,010101000100010010100000100000000010,0,548ms
100000010001100100000010001000001100,000001100100001001001000000100100010,011100000000000010000101010001000001,000010001010010000110000100010010000,97,2765ms
001000011000010110000000001000001001,100100000000100001001010100010000100,010000100101000000110001000001010000,000011000010001000000100010100100010,83,1993ms
010110001000000000100000000010100011,100000100010001001000000111000000100,000001000101100010000101000101000000,001000010000010100011010000000011000,122,5141ms
010011000100001000000000000010111000,000000010000010100111000001000000011,101000001011100000000101100000000000,000100100000000011000010010101000100,157,1831ms
010000101100000000110000001010100000,100000000001000101001011110000000000,001001000000010010000100000100011100,000110010010101000000000000001000011,94,68400ms
100010011010000000010000001100001000,011101000001110000000000000010100000,000000000000001001100110100000000111,000000100100000110001001010001010000,81,14606ms
111101011000000000000000100000000010,000000000010001101100001000111000000,000010000001000010010000011000011100,000000100100110000001110000000100001,140,1651ms
101111100000000000000000000001100001,000000000000001010111010010100000100,000000010010110101000100101000000000,010000001101000000000001000010011010,136,23539ms
100100000100010011010001000000010000,001010101000100000000000110000001010,010000010010000100000000000111100001,000001000001001000101110001000000100,126,23539ms
000100001001010000000000101000101010,100000000100101010100100010000000001,001011010010000001011000000100000000,010000100000000100000011000011010100,43,9903ms
101001001100100000000000101000100000,010100000000000011101001000001000100,000010000001011000000000010010011010,000000110010000100010110000100000001,100,3640ms
011110011000100000000010010000000000,100000000110001010000000000101101000,000001100000000000011100000010010110,000000000001010101100001101000000001,118,77659ms
111010100000000011010000000100000000,000001000100000000001000011011001100,000000001011111000000101100000000000,000100010000000100100010000000110011,157,1798ms
001111111000000000100000000000001000,010000000001000000010010010111100000,000000000110101010000000101000010001,100000000000010101001101000000000110,101,12967ms
011011101010000000000000000100000010,000000000100000000100001110010101001,100100000000110100010100001000000100,000000010001001011001010000001010000,157,416ms
100011010000100000000010000100101000,000000001100010011001000100000000101,010000100011001100000100001000010000,001100000000000000110001010011000010,116,19035ms
110000101001000001100000000010010000,000100010000000110010010110000100000,001010000010010000000101000000001011,000001000100101000001000001101000100,130,1329ms
000101101001010001000000000000100010,100010000000100100000000010010011100,011000000010001010001100001000000001,000000010100000000110011100101000000,77,39358ms
000110110000001000100001000100000001,011000001000110000001000100001000100,100000000001000101000110000000111000,000001000110000010010000011010000010,126,10383ms
100110011000000010000100101000000000,001000100011100001001010000000100000,010000000100011000100000010100010010,000001000000000100010001000011001101,173,2426ms
101101111000000000000000000001000010,000010000101011001100000100010000000,010000000000100100000011010000010101,000000000010000010011100001100101000,142,1624ms
110111001001000100000000000000000100,000000100010101011000100000110000000,001000010000000000101001001000011010,000000000100010000010010110001100001,177,1383ms
101000100010000000100100000100010001,000100000001001111000000101000100000,010011011000100000000010010000001000,000000000100010000011001000011000110,157,743ms
000011110000001001000100001000001000,100000001010100000110000000100110000,011100000100010000000010110010000000,000000000001000110001001000001000111,73,3638ms
111000001000000110000000000010101000,000001100100100001000000000101010100,000000000001010000100111101000000001,000110010010001000011000010000000010,111,211670ms
001011001000100110001000000010000000,100000110010000001000010000001000110,000000000101011000010000010000101001,010100000000000000100101101100010000,40,48262ms
100010001001001000011000000101000000,000001000000000101100000100010010011,011100000110000010000001001000001000,000000110000110000000110010000100100,157,181ms
111000110001000000000010000100100000,000000000100100000001001011001001010,000101000000001110000000100000010101,000010001010010001110100000010000000,127,5385ms
000010010011101011100000000000000000,000101001000000000000000010011110001,000000100000010100011001101000000010,111000000100000000000110000100001100,0,17924ms
100000100000101000110100100000100000,010000010011000110001000001000000100,001001000100000000000001010110001010,000110001000010001000010000001010001,129,8844ms
101100010000001010010000100100000000,000000000011000000001001001011110000,010001001000000001000110000000001110,000010100100110100100000010000000001,137,5219ms
011111111000100000000000000000000000,000000000000011101010001100000001010,000000000110000010000010000111110000,100000000001000000101100011000000101,136,40171ms
110101100001000000000000001000000110,000010000100000001100100000101101000,001000011000011100000000100010010000,000000000010100010011011010000000001,118,18689ms
111111111000000000000000000000000000,000000000001001000001110010010010001,000000000010010001000001100101001010,000000000100100110110000001000100100,177,79ms
111010011001000000000000000011000000,000100000010000000011110000100000011,000001100100110010100000001000001000,000000000000001101000001110000110100,157,621ms
101100101000100000000100001000001000,000000010100001000000000100011110010,000010000011000101010000010100000100,010001000000010010101011000000000001,105,20868ms
100010101000000000000000011010001100,001000000000010110100000000101010001,010000010101100001000011000000000010,000101000010001000011100100000100000,121,16643ms
001111000001010000001000100000010000,100000010110000000110100000000000110,000000000000000110000010001111001001,010000101000101001000001010000100000,65,12460ms
011010001010000001001000000010000010,000001100100000000100000100100010101,100000010000001100010010011001000000,000100000001110010000101000000101000,157,3097ms
011001001000000000000100001001100001,000100000001110001001000100000010010,100010000000001000010000010110001100,000000110110000110100011000000000000,157,17726ms
100001011000100000010000011001000000,001000100000011000100000000000010111,010110000001000000001010100110000000,000000000110000111000101000000101000,177,193ms
001111010000010010000010000010000000,010000000011100000001000001001100010,100000000100000000110100010100001001,000000101000001101000001100000010100,177,156ms
111010101000000100000101000000000000,000001000100011000000000010010001110,000000000010100010101010001000100001,000100010001000001010000100101010000,157,3740ms
000100110011000000000100101010000000,101000000000101000101000010100001000,000001001000000101010001000001000101,010010000100010010000010000000110010,11,1717ms
100110100000000000000101001000001100,000000001001101000100010000010010010,000000000010010101010000110000100001,011001010100000010001000000101000000,89,15641ms
100101001000110001011000000000000000,011000000000000010100001011000010100,000000100001000100000100000101101010,000010010110001000000010100010000001,84,20875ms
011010000000000100010000001000010110,000100000010010000000000110111000001,100000111001001001100010000000000000,000001000100100010001101000000101000,157,1275ms
101011000010010001000010001000000000,000000000001001000111001000110000010,000100111100000000000000010001010001,010000000000100110000100100000101100,157,1392ms
110001011000010000010000100001000000,000100000000101011100010010000100000,000010100110000100000100000110000100,001000000001000000001001001000011011,157,756ms
110110000010000000000101001001000000,000001100001010000000000110100101000,000000011000000110110010000010000010,001000000100101001001000000000010101,153,1004ms
100101011000000000010100000010100000,000000100010010000000000010101010011,011000000000101010001011001000000000,000010000101000101100000100000001100,157,848ms
100111111000000000000000001000100000,010000000001001010000100100000001110,000000000000110000001011000111010000,001000000110000101110000010000000001,177,593ms
100101111000010001000000010000000000,000010000011101010010000000000100010,000000000100000000000001001110011101,011000000000000100101110100001000000,137,6291ms
010100000000011010000010010010000001,100001010000100001000100001000000110,001010100010000100010000000000111000,000000001101000000101001100101000000,50,2164ms
010111001010000010000000001000100000,001000100000101100010110000000000001,100000010100010001001000000101000100,000000000001000000100001110010011010,177,8213ms
111011000001101000001000000000000000,000000101000010000010010010000110010,000000010100000110000000001010001101,000100000010000001100101100101000000,143,3701ms
110111010000000001000000001000000010,000000101001000010001000100001010100,001000000010000000110000000110101001,000000000100111100000111010000000000,177,777ms
101100111010101000000000000000000000,000000000000000011000110100011010010,010000000000010100110001001000001100,000011000101000000001000010100100001,157,3341ms
011110111000010000000000000100000000,000000000001000000100100001010011011,100001000010101000000001110000100000,000000000100000111011010000001000100,177,145ms
110100011000000001000000000010001010,000000000001110100000001000000110101,001011000010000000000110011001000000,000000100100001010111000100100000000,144,6406ms
110101001011000001000000000100000000,000000010000000100011000100011001010,001000000000110000100011001000110000,000010100100001010000100010000000101,157,373ms
111111110000000000000000010000000000,000000000000010101100011000000100011,000000001101100010000100100100010000,000000000010001000011000001011001100,162,347ms
110010111000000000100010100000000000,000000000010001110001101001000000001,000000000100100001000000000110011110,001101000001010000010000010001100000,135,60473ms
110000010000000000001100101101000000,000010000001000001110001000000100101,001101001110000110000010000000000000,000000100000111000000000010010011010,157,2236ms
001011010111000000001000010000000000,000000100000010101010101100100000000,100100001000100000000000001000110110,010000000000001010100010000011001001,157,1980ms
001110001000100100100000000000100010,010000110101000010000000000010001100,000001000010000001001010100100010001,100000000000011000010101011001000000,75,53331ms
111100100000000100100000110000000000,000001000000101010000101000001100100,000010001101000001011010000100000000,000000010010010000000000001010011011,157,196ms
110101000010001001000000000000110000,000010001000110110000100010000000100,001000000001000000011001101100001000,000000110100000000100010000011000011,157,6036ms
011100000001101010100000000000010000,000000001000010000001110010001101000,100001100010000100000000100100000110,000010010100000001010001001010000001,136,1645ms
100010100010010000001000000011001000,000000011001001000100000001000000111,011000000000000110000010110000110000,000101000100100001010101000100000000,107,1951ms
000111100000000100000100000001100010,001000000001100000000001100110001100,000000001000001010011010011000000001,110000010110010001100000000000010000,38,5678ms
100010111000010000101010000000000000,001000000100001111000000010000011000,000001000010100000010000000011000111,010100000001000000000101101100100000,116,6685ms
011111001000010100000000100000000000,000000010100100010100010010100100000,000000100011000000000101001010001001,100000000000001001011000000001010110,100,22649ms
101001100000001001011000000001000000,000010011001010100000010000000110000,010000000000000000100001011010001110,000100000110100010000100100100000001,143,10056ms
001010100000010000001011000000110000,000100000100000010010100100010001010,110000000011001101100000000100000000,000001011000100000000000011001000101,157,2845ms
000100111100001000000011000000000100,101000000000110100010000001011000000,010001000010000011000100010100010000,000010000001000000101000100000101011,94,2732ms
010101000101000000100000101000000001,100000111010001000000001010000000100,000010000000100011001000000010110010,001000000000010100010110000101001000,72,13442ms
010001001000000001001001101000100000,100010010000000000000100000110011010,000100000101011010000010010000000001,001000100010100100110000000001000100,21,14030ms
111000010000000010100010000000100010,000011000000000101000000110011000100,000000001011101000001101000000010000,000100100100010000010000001100001001,126,2565ms
000101110010101000000000001100000000,111000000001000000100100010000100001,000000001100010001000011100010000100,000010000000000110011000000001011010,70,2241ms
010111101000000000100010000100000000,100000010001000100000000011000101010,001000000010101001010100000010000001,000000000100010010001001100001010100,133,5410ms
111011111000000000100000000000000000,000000000000101010000100111000001001,000100000111000000011010000110000000,000000000000010101000001000001110110,157,58ms
100011100100001100001010000000000000,000000011000100000000101000111001000,010100000011000000010000001000100011,001000000000010011100000110000010100,157,878ms
110100000000000001100001000000000111,000010111000000100000000011101000000,001000000000111010010100000010001000,000001000111000000001010100000110000,118,600ms
001010110000001001000000100100001000,010001001101100010001000000001000000,000100000000010100000110000010100110,100000000010000000110001011000010001,31,9077ms
001011100000000000010010001110000000,000100001101000000001000110001100000,010000000010101010000000000000011101,100000010000010101100101000000000010,87,21457ms
001111001000110000000010000000000001,010000010010000000001000100001010110,000000000100000010010001011100101000,100000100001001101100100000010000000,81,38433ms
010101111001000000000001000000000001,000000000110010100100000001101001000,001000000000001011010000000010010110,100010000000100000001110110000100000,62,21893ms
111101101000010000010000000000000000,000000000100000101000110001001110000,000010000011001010000001010000000101,000000010000100000101000100110001010,134,1020ms
001011000000000000101000001101000001,010100100100001011000000010000000100,000000010001010000010101100000001010,100000001010100100000010000010110000,40,51917ms
100010000001101001000000010000000101,010001110000000110000001001100000000,001100000010000000110100000001110000,000000001100010000001010100010001010,93,3129ms
011001011000000000000000000000111100,100100000000000000100010011110000001,000010100100100110001001000001000000,000000000011011001010100100000000010,102,54422ms
000011001000000010000010000100011001,000000110111010000000100011000000000,011000000000101101010000000000100010,100100000000000000101001100011000100,45,52617ms
011000101011000001001100000000000000,000110000000100000100001100010001001,100000010000001010010010001001010000,000001000100010100000000010100100110,143,8389ms
000100010100010100001001001000010000,010000100001000000000000010111100010,100011001000001000100100100000001000,001000000010100011010010000000000101,121,14840ms
001101010001000101000000000100000010,010000100100000010100000010010010100,100000000010101000010010100001001000,000010001000010000001101001000100001,136,10267ms
000001101000001101110000000001000000,000010010111010000000001100000001000,111100000000100000001000000100110000,000000000000000010000110011010000111,157,1595ms
011110001001010100000001000000000000,100001010000001001110100000000000100,000000000100000000001010110101001010,000000100010100010000000001010110001,116,101380ms
111101111000000000000000000000000010,000000000011100001000100001100010001,000000000100000010011010100010001100,000010000000011100100001010001100000,143,2728ms
001110010100000000100010000100001000,000000001000110000000000011010110010,000000000010001111011001000000000001,110001100001000000000100100001000100,105,14269ms
111000100000000010010000010000010001,000100000001100100001100100001001000,000010010100011001000001000100000010,000001001010000000100010001010100100,152,844ms
100111000010000000000011000010000001,010000111001010000100000010000001000,001000000100000111001000001000010010,000000000000101000010100100101100100,116,22316ms
110011100000000000000100000001101000,000000000100001001100000100110010010,000000011010010000000011001000000101,001100000001100110011000010000000000,111,28619ms
100110111001010000000000000010000000,010000000000101101000000100000100011,000000000010000010101101000100010100,001001000100000000010010011001001000,156,962ms
110011000010100000000000000000001011,001000001100010101010010010000000000,000000100001001010100100001010010000,000100010000000000001001100101100100,114,256163ms
101000011001000000101000000001100000,000010000010001010000100100110001000,010000100000100100010001001000000101,000101000100010001000010010000010010,133,600ms
000010111001000010000100001010000000,010101000100000100000011000100000001,001000000010011000100000010001010100,100000000000100001011000100000101010,21,7390ms
100110000010010000011100000000100000,010000110001100000000001100010001000,001001000100001110000000011000000010,000000001000000001100010000101010101,124,5877ms
001010001010010011000000000000000011,000000000001100000100101100001101000,100100100000000100010010010110000000,010001010100001000001000001000010100,118,4816ms
011110000000000001000010000001010100,000000101000100100100001010100001000,000000000111010000010000001010100001,100001010000001010001100100000000010,102,22448ms
100111110001000010000000100000000000,000000000110000100101001000100001010,011000001000100001000110010010000000,000000000000011000010000001001110101,145,15634ms
010010001100100000111000000000000001,101000010000000100000011101000000100,000000000010011010000000000110111000,000101100001000001000100010001000010,88,26731ms
101001010100000011010000000000100000,000000000001000000001011100001011100,000100000010101000000100011010000001,010010101000010100100000000100000010,102,4892ms
001010000000001010000000011010001100,110001001000110100000010000100000000,000000110110000001001000100000010001,000100000001000000110101000001100010,11,2638ms
111001010001000000000000000101100000,000010101100001010001001010000000000,000000000000010101100000101010000101,000100000010100000010110000000011010,157,20220ms
110111101011000000000000000000000000,000000000000101011000100000010111000,001000010000010000100010110001000001,000000000100000100011001001100000110,177,1636ms
001000110000000101000100000100010001,100101000000100010001010010000100000,000010001100011000100000001000001010,010000000011000000010001100011000100,60,1158ms
110110011000001000000100000000000100,000001100010000100101000001000010010,000000000001110010000011010100100000,001000000100000001010000100011001001,158,6896ms
011000000001000010001010100110000000,100000010100010100010000000001011000,000110000000100001100101001000000100,000001101010001000000000010000100011,85,2003ms
000101100010010000001000011000100000,010010000000001010000000100000011011,100000010100000001010100000111000000,001000001001100100100011000000000100,126,5122ms
110110111000000000000100100000000000,000000000110000001010010011000000101,001000000001011000001001000000011010,000001000000100110100000000111100000,159,1760ms
010010011000101001000000000100000100,100000100000010010010010010000000011,001000000110000000101000101010001000,000101000001000100000101000001110000,116,1374ms
001010011000010000001001110000000000,010000000001100010100000000101001010,000100100010000100010010001010100000,100001000100001001000100000000010101,56,19920ms
001110011000010000000000101000000001,110000100000001001010001010000001000,000000000011000110000000000011110010,000001000100100000101110000100000100,51,22839ms
111001110010000000001000000000000010,000000000001100010000000101101010100,000110000000011001010001000000101000,000000001100000100100110010010000001,152,1094ms
011011011000100000100100000000000000,000000000100000010001000001101010011,100000000011000000010001110010000100,000100100000011101000010000000101000,157,2581ms
101001111000010000000000110000000000,000100000011001100001011000001000000,000010000100000000110100001000001110,010000000000100011000000000110110001,157,4019ms
010101100000000100001000010101000000,100000001101110001100100000000000000,001010000000001000010011000000001101,000000010010000010000000101010110010,89,14383ms
011101011000000100100000000010000000,000010000001100001001000000001010011,100000100000001010000110110000000100,000000000110010000010001001100101000,157,1353ms
100000011100000001111000010000000000,011010100010000100000100001000100000,000001000001011010000011000001000100,000100000000100000000000100110011011,91,14869ms
110111110000000000000000010000001000,001000000101000101000110000000000110,000000001010010000011000000110100001,000000000000101010100001101001010000,177,238ms
001110111001000000000000000001100000,000000000100111000100010000100010001,110000000010000001010001010010000010,000001000000000110001100101000001100,177,77ms
011011000101010000100000010000000000,000000001000000010000011101100001100,100000000000101001010000000000110011,000100110010000100001100000011000000,157,1339ms
011001100001010000010010000000001000,000100000000101001101000110000000010,100000001110000000000101001000100100,000010010000000110000000000111010001,129,29081ms
010110101000001110000000000000100000,000001000010100000001000011010010001,000000010001010001110100100001000000,101000000100000000000011000100001110,86,10887ms
101001011100100000000001001000000000,010110000000000010001010010000110000,000000000000011100100000000101001101,000000100011000001010100100010000010,129,18497ms
101011010000000000000110000000011000,000000101011000000000000101101000100,010100000100001011010000000010000001,000000000000110100101001010000100010,144,2548ms
100001111010000000000010000010000100,011100000001110000000100000100000001,000010000000001101001000010001011000,000000000100000010110001101000100010,69,12806ms
110111011000000000001000000010000000,000000000010001101000110000100101000,000000000100110000100000111000010010,001000100001000010010001000001000101,177,2754ms
011001010000110001000011000000000000,000000100001000010111100000010000001,000010000100001100000000111100000100,100100001010000000000000000001111010,91,12474ms
010100110000000010001010000001010000,100000001101001000100001100000100000,001001000010000100000100010010001100,000010000000110001010000001100000011,47,5518ms
010110000001100000001000000010101000,000000100100010010100100000100010001,001000011000000100010011001000000100,100001000010001001000000110001000010,95,8559ms
000010101010000010100000000100100010,101001000100010000010010010000010000,010000000001000001001100001010001001,000100010000101100000001100001000100,72,3675ms
100000001100010000011100000001000100,010001000001101100100000100000100000,000000110010000000000010011000010011,001110000000000011000001000110001000,71,3260ms
101110010000000001000000100100000100,000000000100101100100010001000100010,010001000010000010001000000010011001,000000101001010000010101010001000000,177,1977ms
111010001000011000000000110000000000,000100000110000010000010000010001011,000000010000100101101001000000110000,000001100001000000010100001101000100,122,12552ms
111101001000001000000000001010000000,000000000000000000110111100001001100,000010000001110110000000000100100001,000000110110000001001000010000010010,157,656ms
111001001000000000100000000001010001,000000110100010010001000010110000000,000110000000101101010010000000100000,000000000011000000000101101000001110,177,258ms
001000101001000000011000100010000010,100001000000010100000111000001001000,010010010110000011000000000100000100,000100000000101000100000011000110001,121,2140ms
001110101000001100100000000100000000,110000000000010011000100100000000110,000000000110100000011001011000010000,000001010001000000000010000011101001,112,21630ms
011011010010000000010010000000000001,000000000001001000000000011001111010,100000100100100000100101000100000100,000100001000010111001000100010000000,157,567ms
110001101000001001000100000000000010,000100000001010100000001000111000100,000010010000000010010010010000111000,001000000110100000101000101000000001,125,14626ms
100111010000000000000001001001000010,000000100000110010100010010000001001,011000001000000100001000100100100100,000000000111001001010100000010010000,160,6530ms
010010111010010000100000000001000000,000100000100000010001100100000101001,100000000000100101010011001100000000,001001000001001000000000010010010110,157,2151ms
100100100010010000100000001000010001,001010010100000001000000000011100010,010000000001100110011100000000001000,000001001000001000000011110100000100,71,20757ms
011010100000001001101000000001000000,000000010001110000010101001000001000,100001001010000100000000100110100000,000100000100000010000010010000010111,157,179ms
000010001000101000100100001010010000,010001000001000001010001000000001101,000000110010000110001010000101000000,101100000100010000000000110000100010,46,280ms
011111101000000000100000000000000010,000000010000000000001100010101010101,000000000001101100010010001000101000,100000000110010011000001100010000000,121,42491ms
100011000100000000001111000000000010,010000001010011100000000101100000000,001100010000100000100000010010110000,000000100001000011010000000001001101,140,4963ms
001001111111000000000000000001000000,000000000000100001101101000110000001,100100000000011000000000001000101110,010010000000000110010010110000010000,128,7781ms
010000011100100001000000000110000001,100100000000000010100101000000110100,001010100010010100011000100000000000,000001000001001000000010011001001010,120,12543ms
010111110000000010000100000100000000,100000000001010000010000010000100111,000000001100000000101011001011000000,001000000010101101000000100000011000,132,2599ms
110011101000000000001000000000010001,001000000010110110000100010000100000,000100000000001001100010001111000000,000000010101000000010001100000001110,157,101ms
100000111001110000000010000000000001,010011000010001000100000000001100010,001000000100000110011001010010000000,000100000000000001000100101100011100,80,15587ms
000111111000000000100000000000000011,000000000101001000000000110111010000,010000000010010010010111000000000100,101000000000100101001000001000101000,93,5882ms
000110010000010011100010000000010000,110001001010000000000100110000000001,000000100000001100011001000000101100,001000000101100000000000001111000010,29,2813ms
001001001000000100001001000001100010,100100000000100010110110000000000001,010000010000011001000000011010001000,000010100111000000000000100100010100,50,3779ms
011000010001100000001000001010000010,100000100010011010100001000000001000,000010001100000001010110000001100000,000101000000000100000000110100010101,70,8230ms
011000011000100010000010000000001100,000001000000000001010000010111100001,000110100101000100000001001000010000,100000000010011000101100100000000010,90,45556ms
010101010100000000001000000101010000,101000000000100101000100100000100010,000000100010000000010011011010000100,000010001001011010100000000000001001,93,761ms
100011101100000000000100000000010010,010000000010000001000000001110101001,000100010001110000110001000000000100,001000000000001110001010110001000000,157,5791ms
111101010100000000000001000000000001,000000001000011011100000111000000000,000000100001000100001010000111100000,000010000010100000010100000000011110,157,1539ms
110110110000000000000000000111000000,000001000100000100100010111000000001,001000000011110000011000000000011000,000000001000001011000101000000100110,177,46ms
101100000000000000011100001100010000,010001000001101000000000100010001010,000010110100000010000010000000100101,000000001010010101100001010001000000,118,12164ms
010010110100000000100000110000000010,000001000000001010011010000000100101,001100001011010100000001000001000000,100000000000100001000100001110011000,107,21789ms
010000100000000001010000001100100101,000000010100110010000000110010000010,100110000001001100000001000000011000,001001001010000000101110000001000000,124,5091ms
100100111000010000010000000000001010,001010000011000011000100000010000100,010000000000101100000000101101100000,000001000100000000101011010000010001,123,1473ms
111001011010000001000000000000000010,000000000001000000001001110100101001,000100100000010100010100001010010000,000010000100101010100010000001000100,137,3467ms
010111000100000000000111000000100000,100000001001010000001000000101010001,001000110010100000110000100000001000,000000000000001111000000011010000110,127,8434ms
101110110000000100000000100001000000,000000000100000011101001000010100001,000000001010101000000010011100010000,010001000001010000010100000000001110,141,8352ms
001001000000101001000000000010100011,000100110000000100000011010000010100,100000000110000010010100101100000000,010010001001010000101000000001001000,121,5709ms
100101101100010001000000010000000000,010010000001100000010000001101000001,001000010010000110000010100010000100,000000000000001000101101000000111010,125,16629ms
100011111010000000000000000100000100,010000000000000001001010011001001001,000000000101111110010000100000000000,001100000000000000100101000010110010,136,15948ms
101110100000001010000010010000000000,000000001110000001001100000100011000,000000010000100100110001100000000011,010001000001010000000000001011100100,177,3791ms
011011110100010000000000000000100000,000100000011000100001100001101000000,100000000000101001000000100010010101,000000001000000010110011010000001010,157,597ms
100100110001000010100000100010000000,001010000000000000000110011001110000,010000000100011000001001000000001110,000001001010100101010000000100000001,129,8261ms
110110100000010001000001001000000000,000000001000001000101010010000101010,000001010000100010000100100011010000,001000000111000100010000000100000101,142,6436ms
000000100000000010000100101110101000,010000010000010100100011010000000100,101001001010001000000000000001010010,000110000101100001011000000000000001,136,16262ms
101010011000000010000001000010010000,010000100000010000001010000101001010,000000000101100101110000100000100000,000101000010001000000100011000000101,120,10979ms
000111001000100000010000100001100000,010000000000000010101100001000010101,001000010100010100000011010000001000,100000100011001001000000000110000010,81,22030ms
101101100000000000000010100100000001,010010010010000001000000010001001100,000000001001001000010100001010100010,000000000100110110101001000000010000,117,31021ms
011100101000100000100100000000000001,100001000100010100000000000001010110,000000000010000001011001110100001000,000010010001001010000010001010100000,107,29158ms
110000100000000000000000111001110000,000110001101000000001101000100000000,001001000000001011100000000010000110,000000010010110100010010000000001001,124,8916ms
010011111000001000000010000000000100,001000000001100101010001000010000010,100000000010000000100000111100110000,000100000100010010001100000001001001,157,444ms
010011010010000111000000010000000000,000000000100011000101000100010010100,100000101001100000010000001100001000,001100000000000000000111000001100011,134,75639ms
110101010000100000000000100010100000,000000000011010001001000000001011100,001010001000000010010000001100000011,000000100100001100100111010000000000,143,16259ms
001000111001000100000000000001011000,010001000000101010010100000000100100,100100000100000000101011100100000000,000010000010010001000000011010000011,157,363ms
111100010010000000100110000000000000,000000100100011001011000100000000001,000001000000000110000001000010111010,000010001001100000000000011101000100,139,5115ms
011110100001000100000000001000001000,000001001100101010000000010100000010,000000010000010000011001100001100100,100000000010000001100110000010010001,74,42169ms
100011001000010000001001000000010100,000000100110001110100000001001000000,011100010000000001010000100000000011,000000000001100000000110010110101000,105,13567ms
000110111000001000000000110010000000,100000000100000010110010000001010001,010000000000110001000000001000101110,001001000011000100001101000100000000,51,3521ms
111001111100000000000000000001000000,000110000000101101010000000100010000,000000000010010010001010011010000010,000000000001000000100101100000101101,141,3624ms
101100011000000000000110000100000100,010000000011000100101000000001101000,000010000100100010000000111010000010,000001100000011001010001000000010001,141,584ms
011101111000000001000000000010000000,100010000001010010110000011000000000,000000000100100100000001000001101011,000000000010001000001110100100010100,96,141836ms
001001011000100000000000000000110101,000100100000000001001000100101001010,110000000010010100000101010010000000,000010000101001010110010001000000000,128,84346ms
010100001000000000000100101010100010,100000100011110010000000010000001000,000000010000001001111001000100000100,001011000100000100000010000001010001,80,17316ms
100001010101001000000010000000100001,000010100000010010011000000010001010,010000001000100100100001100001000100,001100000010000001000100011100010000,134,589ms
101111110000000010000000000000000010,010000001000001100001000000001100101,000000000011000000100110101100001000,000000000100110001010001010010010000,152,13141ms
101000111100000100100000000000100000,000000000001110010010001101010000000,000001000000001000001000000001011111,010110000010000001000110010100000000,117,3018ms
010010010010001000000000001001010100,001000001100000000000101010000101001,100001100000110111000010000000000000,000100000001000000111000100110000010,124,21833ms
111011011000000000100000000000100000,000100000000111010000000000011010010,000000100000000100001100111100000100,000000000111000001010011000000001001,157,322ms
111100000010000100110000000000010000,000000110000000000000110011001001001,000000001100011000000001100010100010,000011000001100011001000000100000100,147,2224ms
011010101100000000000000100000011000,100000010000100110101000000010100000,000100000011010001010000010001000010,000001000000001000000111001100000101,72,12675ms
000011111010001000000010000000000001,011000000000000010100001010000010110,000100000001010001011100000000101000,100000000100100100000000101111000000,30,3236ms
111100111000010000000010000000000000,000001000000000110100001101000010010,000010000010001000011100000011100000,000000000101100001000000010100001101,134,954ms
110010110000000000000001000110001000,001001000001100010111000000000010000,000100001110011100000100100000000000,000000000000000001000010011001100111,157,9848ms
001110110000000000000100000000010011,110000000100001000000001010101001000,000001000001000100111010000010100000,000000001010110011000000101000000100,98,5031ms
101111101000000000001000000001000000,000000000101010010000110100000100100,000000000000001100110001001110001000,010000010010100001000000010000010011,152,3567ms
001111110000010000010000000100000000,000000000100100011101010000001001000,010000000000001100000001101000110001,100000001011000000000100010010000110,91,5903ms
111011101000000000000000010000000100,000100000001000110001000101000100010,000000010100100001100101000001010000,000000000010011000010010000110001001,157,435ms
111001101000100000000001000000100000,000010000110010010010000110100000000,000000010001001000101010000010001010,000100000000000101000100001001010101,157,1204ms
001000001000001000000010001000111010,000001110001000100011000000011000000,100100000110000001100100010000000001,010010000000110010000001100100000100,118,561ms
011101010000000001001000010010000000,100000000100100000000100101001000011,000000100001010000110011000000100100,000010001010001110000000000100011000,87,101412ms
101101001000010000000010000000010001,010000100100000010101000100011000000,000010010011001001000100000100001000,000000000000100100010001011000100110,112,6926ms
000100101000100001000000101011000000,011000000111010000001010000000000010,000001010000000010100001000100100101,100010000000001100010100010000011000,45,1927ms
100110110100000000000100000100000010,001000000010011010010010001000000001,010001000001100001001000010000101000,000000001000000100100001100011010100,165,950ms
001010010100000001100000000101000010,010001001010000000000001011010100000,100100000001100100010000000000001101,000000100000011010001110100000010000,143,2155ms
001110100000110000100000101000000000,000001000011001001010011000001000000,000000010000000100001100000110101010,110000001100000010000000010000010101,68,58596ms
000011011010000100100000000001010000,001000000101101001010000001000000001,100100000000000010001010000110100010,010000100000010000000101110000001100,125,1387ms
111111011000000000010000000000000000,000000100000100010101000000010011100,000000000010011100000111010001000000,000000000101000001000000101100100011,162,571ms
010000000001010010100100100001000100,101000100000001101001010010000000000,000110001100100000000000000000011011,000001010010000000010001001110100000,83,29073ms
101101101001000000000000000001000001,000000000010101000110000011110000000,010010000000000111001001000000100100,000000010100010000000110100000011010,126,6383ms
101100001000000000010100010011000000,000000000010000011101000100100001100,010010000101011100000001000000010000,000001110000100000000010001000100011,134,7120ms
010011011100000000000000010100001000,000100000001000110100001100000010001,001000000010101001001100000010000100,100000100000010000010010001001100010,100,10252ms
110010100000001000100001000001010000,000100010110000000010100000000001110,000001000001000111001000100010100000,001000001000110000000010011100000001,114,1076ms
100100001100000000000110000001001100,000010100001000001010000001010010010,010000000010110000001001110000100000,001001010000001110100000000100000001,102,3020ms
100011110000000000000100010001000001,000100000011010011001000000010100000,011000000100000100100011100000000010,000000001000101000010000001100011100,157,1441ms
011110010100100010000000010000000000,000001000000010000010010100100010101,100000101010001000000000001010101000,000000000001000101101101000001000010,177,2790ms
100100101100000010000000010000000110,000000010010000000010010000101111000,011001000001110001000001001000000000,000010000000001100101100100010000001,157,2956ms
001110000010000001001000001001010000,010000000000100000100001010100100011,000000101000010000010110000010001100,100001010101001110000000100000000000,50,18256ms
000010100000010001010100100000100100,000101000000001000001001000110010010,000000010100100100000010011000001001,111000001011000010100000000001000000,0,407ms
010110110110001000000000000010000000,000000001000000010100010011001011000,100001000000110001010001000000000101,001000000001000100001100100100100010,177,236ms
111110011000010000000000001000000000,000000000010100001000101010000101001,000000100000000110100010100011000010,000001000101001000011000000100010100,169,3293ms
100110010000000010000010100010001000,000000000000001100100100001100100101,010001001010100000000001000001010010,001000100101010001011000010000000000,128,85984ms
010111100001000000000010000100100000,000000000010001100101100000011000010,000000010000100011000000101000011001,101000001100010000010001010000000100,72,9353ms
010001111010000100000000010000001000,000010000100100000110010101000010000,000100000000011011000000000000100111,101000000001000000001101000111000000,56,34852ms
110000001100000000001000000001110010,000100010000110100010001001000001000,000001100010000001000100100100000101,001010000001001010100010010010000000,157,2822ms
000110101010000000010000100010000001,000000000100001100001001000101000110,101001000000110011000010001000000000,010000010001000000100100010000111000,139,32884ms
100101000000000101000011000000100100,000000001001100000110100000001010001,011010100100001000000000101100000000,000000010010010010001000010010001010,137,741ms
001101100100100010000000000000010100,000010000010001100010000011010001000,000000011001000001100000000101100001,110000000000010000001111100000000010,105,8720ms
001100101000000100000000011110000000,010000000001010010000101000001001100,000011010000100000000010100000010011,100000000110001001111000000000100000,56,3282ms
110111100000010000000000000000001100,000000001100101001000010000001100001,000000010010000000101100110100000010,001000000001000110010001001010010000,177,688ms
110111111000000000000000000000010000,000000000000110010110000000110100010,000000000100000100001010011001000101,001000000011001001000101100000001000,156,1211ms
111000011011000000010000000100000000,000100000000000010001010010000110011,000010100100010100000100101001000000,000001000000101001100001000010001100,157,303ms
000001110001010001000100001000000100,000010001000001110000000000110101000,100100000010100000101010000000010001,011000000100000000010001110001000010,98,17039ms
101100100001001010000000000001100000,000000001100000000010101101000000011,000000010010100001000000000110011100,010011000000010100101010010000000000,120,80681ms
000010011000000000000010010100100101,001000000010001000001101000010011000,010001000101100101100000100000000000,100100100000010010010000001001000010,90,50142ms
100000000000000010011100000011001001,011100001000110000000001011000000000,000011000011001100100000000000010010,000000110100000001000010100100100100,90,15101ms
010010100001100000000001001000100010,000000000000001001101000100101001100,001101000010000110000010010010000000,100000011100010000010100000000010001,55,5311ms
111100001100000000010000100001000000,000000100001100001000010000010001110,000011010010010100000001000000100001,000000000000001010101100011100010000,157,2549ms
010100100000100010000010010000011000,000000010001000100010100001001100010,100011000000000001001000100110000100,001000001110011000100001000000000001,130,4506ms
011100001000001010000000001010100000,000001010000110100010000000000001110,000000000100000001100111000100010001,100010100011000000001000110001000000,116,7515ms
000111101000000000010001001000010000,011000000010001100100000000001001100,100000000101000001000000100100100011,000000010000110010001110010010000000,142,10172ms
101000001000101000000100000000010110,000100100001010101001000000101000000,000010010000000010000010011010100001,010001000110000000110001100000001000,80,10970ms
111111101000010000000000000000000000,000000000100001001100001000110001001,000000000011100010010000110000010100,000000010000000100001110001001100010,156,553ms
110110101000010000000000001000010000,000001000000000101111000000010001100,000000000101001000000010010101100001,001000010010100010000101100000000010,177,2574ms
010101011000000000010000100000010100,000010000001010101000000010011000010,001000100110100010000010001000001000,100000000000001000101101000100100001,94,35266ms
001100100101000000000010100001000010,010001001000000100000001010000101001,100010000010111010000000001000010000,000000010000000001111100000110000100,89,13716ms
111110001000010000000000001000100000,000000110000000000001000100101010110,000000000011101101100001000010000000,000001000100000010010110010000001001,164,7450ms
110011110000001000000110000000000000,000000001010000000001001100000110110,001100000100000111000000010011000000,000000000001110000110000001100001001,157,501ms
001101101000000001000000001001001000,010000000011001000000100000010100011,100000000000100100111011100000000000,000010010100010010000000010100010100,123,42379ms
001111011010100001000000000000000000,000000000000000100001001100101110100,010000100100011000110010000000000001,100000000001000010000100011010001010,133,58348ms
011010111010000000000000100000000010,000001000100001001110100001001000000,000000000000110110000010000010101100,100100000001000000001001010100010001,60,94696ms
100010110000000000010101010000100000,010001000100100110000000000100010010,001000000010001001101010001000000001,000100001001010000000000100011001100,122,88021ms
110011111100000000000000001000000000,000100000010000100100100100000001101,000000000000101001001001000111000010,001000000001010010010010010000110000,136,1813ms
111010000010000000000010001000100010,000100110001001000101000000000001001,000001001100010100000001110010000000,000000000000100011010100000101010100,126,3512ms
010100011001001000000010000110000000,000000000010100001000000110000010111,000011000000000110101000001001100000,101000100100010000010101000000001000,62,8006ms
000101001000000000101001000000011100,110010000000110010000000100100100000,001000110011001000000000011000000001,000000000100000101010110000011000010,49,35094ms
011011001000000000011000001000010000,100000010001100110000100100010000000,000000000100001000000011000001101011,000100100010010001100000010100000100,80,55255ms
010001011101000000000000010010001000,001000000000101001011010001000100000,000000000010010000100000100101010011,100110100000000110000101000000000100,95,23476ms
011001111110000000000000000100000000,000000000000100001100011100010001010,000110000001010100001100001001000000,100000000000001010010000010000110101,136,1789ms
000000000110010100000000110000001011,100001010000000010010100001001010000,001000100000101000100011000000100100,010110001001000001001000000110000000,13,816ms
111101100000001000001000000000010000,000000010010010010100010100010001000,000000001001000101010001010001000010,000010000100100000000100001100100101,110,2669ms
101000110000000000100110000000001001,000100000111000011000000001101000000,010000001000010100001000100010100010,000011000000101000010001010000010100,141,2218ms
011011111000000000010000000000010000,100000000100000010100010011010001000,000100000001010100000000100101100001,000000000010101001001101000000000110,109,10688ms
100001000010000000000011100010010010,000000011100010010010000001001100000,000100000001001100101100010000000001,011010100000100001000000000100001100,57,23866ms
000101000000110000000011000010001010,000000001101000110010000000000010101,010010110010000000100000101100000000,101000000000001001001100010001100000,77,3447ms
011101001000000001000000000000100011,000000010100110000001101100000001000,000010000001000100000010011011010000,100000100010001010110000000100000100,86,22228ms
110100111100001000000000000010000000,000011000000010100000010011000000101,001000000001000000111101100000001000,000000000010100011000000000101110010,157,492ms
101111111000000000000000000000000100,010000000001000001000010011110001000,000000000100101000010000100001010011,000000000010010110101101000000100000,164,739ms
100100011001000001000001000001000010,000001000000001110110000011010000000,011010000100100000000010100100100000,000000100010010000001100000000011101,143,1012ms
001100000100100101100100000000001000,010000100011010000001000100000000011,100011000000000000010001011011000000,000000011000001010000010000100110100,148,2738ms
001101001000011000010000100010000000,000010010000100001000010001100011000,010000000110000000100001010000100011,100000100001000110001100000001000100,102,1092ms
100001101001001000010000010000000001,000010000010010101000000100100110000,011000010100000010000111000000000010,000100000000100000101000001011001100,135,7632ms
010110010000000010000000011010000001,000001001100011000110100000000001000,001000000000000100000001100101110100,100000100011100001001010000000000010,93,15562ms
000001100010100011100100000001000000,100100000001010000010010100000100001,001000010000000000001001011000001110,010010001100001100000000000110010000,7,33272ms
000101111000100000000000010000101000,000000000110000001010100101001000100,100000000000011100100011000010010000,011010000001000010001000000100000011,90,69714ms
011000100001110000000010000010001000,000000010000000010010000010100110011,100100001110000101000001001000000000,000011000000001000101100100001000100,157,1865ms
111010111000100000000000000000001000,000001000000001001100010100010000101,000000000110000010011001010001010000,000100000001010100000100001100100010,157,1347ms
011101100000000100000000101001000000,100010011100000000001010000100010000,000000000001010011000100000010000111,000000000010101000110001010000101000,56,19538ms
111010010001001000000000100000100000,000000001010010100011111000000000000,000101000000100001100000000001001101,000000100100000010000000011110010010,128,9172ms
101010000000010000010011000000010010,010100101010000110000000000110000000,000001000000100001001100101000101000,000000010101001000100000010001000101,44,6882ms
101000101010001000000100001001000000,010000000101000001010001110000010000,000101010000000110100010000000000011,000010000000110000001000000110101100,95,14008ms
111010110000000001001000010000000000,000000000011000000010011000101000011,000100001000110100100000001000010100,000001000100001010000100100010101000,151,1582ms
111110110000010100000000000000000000,000000001000100001101010010000010001,000000000110001010000001001011000010,000001000001000000010100100100101100,177,366ms
110011001001000001000000100000000100,001000000000001000010110001011000010,000000010000110010000001010100001001,000100100110000100101000000000110000,117,5306ms
111001000000001000001101000000000001,000000000001010100110000101001100000,000110000100000000000010010010001110,000000111010100011000000000100010000,149,10224ms
001011101100000000000000001001001000,100000000000010001100010100110100000,010000000011100110010100000000000001,000100010000001000001001010000010110,75,9978ms
010111011000000000000000110000000010,001000000100011000000110000001010100,000000000010100011101000000110100000,100000100001000100010001001000001001,132,4025ms
110010010000110001010000000000001000,001000001101000010000001011000000100,000100100000001000001000100011010001,000001000010000100100110000100100010,110,21962ms
010110100110010000010000100000000000,000001001000001100000010001110100000,000000010001100011100100010000001000,101000000000000000001001000001010111,136,13474ms
110111000001100010000100000000000000,000000011100000000110000001100001100,001000000000011100000000010001100011,000000100010000001001011100010010000,143,5251ms
100110001011000001001000010000000000,000001000000101010100001000000001110,011000000100010100000000000110110000,000000110000000000010110101001000001,177,5472ms
110100010010101001100000000000000000,000001001001010100000011001010000000,001010000000000000010100010000011011,000000100100000010001000100101100100,157,1484ms
001111100100000000000000000111000000,000000000001100011010001000000010110,110000001010001000100100101000000000,000000010000010100001010010000101001,177,233ms
101111011000000000000000010000000100,000000000101100010010101000100001000,010000100010010000100010100001100000,000000000000001101001000001010010011,177,1540ms
000011100001101010100000000100000000,111000010100000101000001000000000010,000000001010000000010110011001100000,000100000000010000001000100010011101,21,9137ms
111110111000000000000000100000000000,000000000001000110100011000000110100,000000000010001001011100010000000011,000001000100110000000000001111001000,166,672ms
000110001001101001000000000001001000,001000000000010110100100001000010100,010001100100000000010000110010000010,100000010010000000001011000100100001,111,9332ms
000010110000000100010000000101011000,110001001001000000100000011000000001,000100000010010001000100100000100110,001000000100101010001011000010000000,13,4033ms
110100110100000010010000000000100000,000000000000011001001100001101000010,000010001010000100000010110010000001,001001000001100000100001000000011100,134,1257ms
001100011000001010110000000010000000,010000100011000000000010000001010101,100000000000100000001001101100101000,000011000100010101000100010000000010,157,9056ms
110001110000010010000010000100000000,001000000010100001011001100000000100,000110000001001000000100011001010000,000000001100000100100000000010101011,137,2419ms
101111001000000000001001000000010000,000000010101000000000010110110001000,000000000010110010110100000000100001,010000100000001101000000001001000110,160,4243ms
101101011000000000000011000001000000,010000100001100101100000110000000000,000010000000001000011100000110000101,000000000110010010000000001000111010,119,55349ms
101110001011000100000001000000000000,010001000000111000001000001010000100,000000100100000010110000010100011000,000000010000000001000110100001100011,163,1624ms
110000011010010000000010000100010000,001100000000101010000000010001001100,000000100100000000101001101000000011,000011000001000101010100000010100000,157,441ms
010001100010000000000010000101100001,001010000100001000111100000000010000,100100001000110011000001000000000010,000000010001000100000000111010001100,128,12868ms
011011100010011000000000000001000000,000000001101100100001000100010010000,000000000000000001100001011000101011,100100010000000010010110000100000100,55,51445ms
000111000010000110010000000001000001,001000001000001000101001000010001010,110000000000110001000110001000000100,000000110101000000000000110100110000,119,3632ms
010111111010000001000000000000000000,101000000000001100101000000010011000,000000000100010000000101110000100011,000000000001100010010010001101000100,120,53170ms
110101110000000000000000001000000011,001000001100000000001011000001110000,000010000000010110110000010010001000,000000000011101001000100100100000100,143,5533ms
001111101000000010000000000100000100,010000000100000101100000010001101000,100000000011000000011011100000000001,000000010000111000000100001010010010,163,1419ms
001000000001000101010000001100001100,000000000000110010101100000011000001,010100001000001000000010110000010010,100011110110000000000001000000100000,41,6160ms
010010101000000101000010000000000011,001000010001000000110000001011001000,100001000110100010000001100100000000,000100000000011000001100010000110100,157,1586ms
001101111000000010000000000001010000,100000000001011001000100000110001000,000010000010100000101010000000100011,010000000100000100010001111000000100,49,6118ms
010001110000011001001000010000000000,100000000000000000100100000101011101,000110000011000000010010100010000010,001000001100100110000001001000100000,92,69632ms
000001111000100000000100000000011001,000100000100010000010000110000100110,011000000001001011100000000101000000,100010000010000100001011001010000000,100,6544ms
101110101010000000000000000010010000,000000010000100011000101000000101010,010000000000000000101010101001000101,000001000101011100010000010100000000,177,1606ms
100110101000000001100000001000001000,001000000100100000011100000110100000,010000010001011000000000100000010101,000001000010000110000011010001000010,162,1238ms
010000111001000001001010001000000000,100010000100001100000000100001100001,000101000000110000110101000000000100,001000000010000010000000010110011010,72,55907ms
011100011000000010100000000001000010,100001000001001001010000101100000000,000010000100010100001100010010000001,000000100010100000000011000000111100,98,7017ms
000000101010001000110000100100000001,001100000000010001000001001001001010,010001000101100010000110010000000000,100010010000000100001000000010110100,76,11620ms
000000111000000100100001001000100100,100100000011100001010000100000001000,001010000100011010000000000101000001,010001000000000000001110010010010010,62,234036ms
011101110000000100000101000000000000,000000001000000001101000101100100010,000010000111010010000000000011001000,100000000000101000010010010000010101,110,32577ms
100101110000000100010000000100000001,010000000001010000000000110011001100,001010001010001001000110000000100000,000000000100100010101001001000010010,123,5221ms
101010101000000001000100101000000000,010001000110010000000011000010001000,000000000001101000011000010100000011,000100010000000110100000000001110100,115,22155ms
110011010001000000100000000011000000,000100000100011011000001001000001000,001000000010100100000010000000100111,000000101000000000011100110100010000,132,4378ms
101110011000000000000010000110000000,010000000100110110001000100000000001,000000000011000000010100001000011110,000001100000001001100001010001100000,153,1979ms
111101000000100001100000000000000010,000000111000010000001001010010000100,000000000110000010000000001101101001,000010000001001100010110100000010000,157,537ms
011111011000000000000000000110000000,100000000100000100101101000001001000,000000000010001010000010101000010110,000000100001110001010000010000100001,136,756ms
110000111100010000000001000000000001,000010000000000000010110111100000010,000101000010000110001000000010010100,001000000001101001100000000001101000,143,5108ms
111011110000011000000000000000000000,000100000001000001001000000011001101,000000001000100110010000011000010010,000000000110000000100111100100100000,129,239ms
000110100000001000100010100100010000,100000000000110110001001011000000000,001000001100000001010100000001001100,010001010011000000000000000010100011,81,83328ms
010101101000101000010000100000000000,000010010100000100101100000000001100,101000000000010001000011000111000000,000000000011000010000000011000110011,157,819ms
000101010100000100011100000000000010,000010100011100000100000100000000101,100000001000000001000011001010101000,011000000000011010000000010101010000,108,2972ms
101010001101000100100000000010000000,000000100000100000011001000001010101,010100000000010001000010111000000010,000001010010001010000100000100101000,157,972ms
100001001000000000000000111001000011,000010110000000001001100000100001100,010000000110010000010011000010100000,001100000001101110100000000000010000,102,9761ms
010011110100000000000000000010110000,100100001000100000110001000100000100,001000000000000100001110100001001001,000000000011011011000000011000000010,92,11492ms
001010111100000000000000100000011000,000101000010100010001000000110000010,110000000001000001100001001001000100,000000000000011100010110010000100001,157,3693ms
010011101000000110000000100000010000,100100000010001000000010000011000101,001000010101000001110100000100000000,000000000000110000001001011000101010,121,19851ms
100000101001000000000100001011001000,000011000100010001010010100000000100,011100010010001000100001000100000000,000000000000100110001000010000110011,157,316ms
101111000000000001000011000100000000,000000001100001010001100001010000001,010000100010000000110000010001001010,000000010001110100000000100000110100,177,35ms
011111110000000100001000000000000000,000000001100001000110001001000001010,100000000000010000000100000111110001,000000000011100011000010110000000100,177,477ms
000101011000000000000000001100001101,100010000101010000110001010000000000,000000100010100010001110000000110000,011000000000001101000000100011000010,45,30352ms
010000010100101100100000000000001001,000010000011000001000110000010000110,100000101000010010001000011100000000,001101000000000000010001100001110000,119,9364ms
111100011000010100000100000000000000,000000000101000010001000011001000101,000010000000001001100001100010010010,000001100010100000010010000100101000,135,5146ms
101010100001000001000100000001000010,000000000010100010110000000010011100,000001000100000100001001101000100001,010100011000011000000010010100000000,79,11336ms
001100010000100000000110010101000000,000000101000001100001000000000110101,110000000111000011110000000000000000,000011000000010000000001101010001010,157,202ms
000011101010000001010000000010000001,101000000100010000000010000000111100,010100000000101000001001100101000000,000000010001000110100100011000000010,81,12202ms
010110111010000000000100000000100000,001000000001000100001000010001010110,000000000100110011100000001000001001,100001000000001000010011100110000000,116,12262ms
101110000000001010010000000100001000,000000000001110101101000000000010010,010000001000000000000011011010100001,000001110110000000000100100001000100,177,1197ms
100010010000000101000000110011000000,010100001010011000000000001100000001,001000000001100010101100000000001010,000001100100000000010011000000110100,63,2075ms
001001100010000000100001100010000100,010000001101000011010010000000010000,000000000000011000000000010101101011,100110010000100100001100001000000000,36,60478ms
000011010001000010000110100000001000,100000000110110000000001000010010100,010000001000000000101000001101100001,001100100000001101010000010000000010,74,65866ms
000111110000011000001000100000000000,000000000100000100110100001000110001,000000000010000011000001010100001110,111000001001100000000010000011000000,49,26726ms
100001110101000000000100000101000000,000000000010101001100000001000011001,011000001000000110001001010000000010,000110000000010000010010100010100100,140,3059ms
001001110001010000000000010001000010,000100000000100001010010000110100100,000000000010000000101001101000011001,110010001100001110000100000000000000,37,29957ms
111000111000000000000000000011000001,000001000100100001011100010100000000,000010000001001010100010100000100100,000100000010010100000001001000011010,136,1593ms
100111011000011000000000001000000000,001000000100100010011100100000000001,010000100001000000100001010001000110,000000000010000101000010000110111000,166,6166ms
101000000000000010001011001010000010,000101000000010001000000000001011101,000010110011000000100100110000000000,010000001100101100010000000100100000,119,141633ms
010000001001000000000110111000000010,100011000100110000000000000010001001,001100100010000011100001000100000000,000000010000001100011000000001110100,88,32660ms
001100111000010010010000000000001000,100000000010000100000111110000000010,000010000100101000101000000100100001,010001000001000001000000001011010100,90,32177ms
101010110001000000000000000010101000,000101000010010000101001000000000011,000000001000100100000000111001010100,010000000100001011010110000100000000,122,2338ms
000001001000001000001011000010010001,100100010000100110010000100100000000,011000100100010001000000001001000010,000010000011000000100100010000101100,76,4015ms
101011101000010100001000000000000000,000100000100100010110100100010000000,010000010011001000000000000100111000,000000000000000001000011011001000111,157,19512ms
100001100100010000000110000000010010,010000000000000010011000001011001001,000000010011000101000000110100000100,001110001000101000100001000000100000,87,3295ms
010000110101100000000000001000110000,101000000000011101000000000100000011,000110000010000000101010000010001100,000001001000000010010101110001000000,89,76185ms
000000001111000001000010001000110000,010001000000011000010001010110000000,101100010000000000101000100000000101,000010100000100110000100000001001010,148,2271ms
100111001000010000000010010000000100,000000000000101100100000000011101010,010000000100000010011000101000010001,001000110011000001000101000100000000,148,7171ms
000111010110001000000000100000001000,000000100001100000100101000010100010,010000000000010111010000001000000101,101000001000000000001010010101010000,79,12924ms
010111010000001000000000100000110000,000000101000010001000100001100001100,001000000110100110010001000000000001,100000000001000000101010010011000010,113,7951ms
101011001010001010000000000010000000,010000010001010000000010000100101001,000000000100100101000000011001010010,000100100000000000111101100000000100,128,119320ms
100101100000000100000000100000110001,011000000001000000100010000110001010,000000001010011001011001000000000100,000010010100100010000100011001000000,74,9406ms
101110111000000100000000010000000000,010000000000101010001010000000001101,000001000100010000110100000100110000,000000000011000001000001101011000010,177,308ms
101001110000001000010000000010000100,000010000000100011100001010000110000,010100000111000100000100001100000000,000000001000010000001010100001001011,157,91ms
110100001100010001100000000000000001,001010010000000100010100001011000000,000001000001100010000011100000001100,000000100010001000001000010100110010,115,6307ms
000110000110010000100010011000000000,001000000000001010011000000001100101,100000001000100001000000100100011010,010001110001000100000101000010000000,143,6967ms
000100000001110011000010010000000010,000010001100001100010100100000100000,001001010000000000001001001011000001,110000100010000000100000000100011100,28,20756ms
111101110000010000000000000000100000,000000000011001011110010000000010000,000000000000100000001000111101001100,000010001100000100000101000010000011,144,6324ms
110101111000000010000000000001000000,000010000000011000010100010000101001,000000000010000100000010001110010110,001000000101100001101001100000000000,157,4421ms
001011111000010000000000010000001000,000100000010001010000000101110100000,010000000001100001101000000001000011,100000000100000100010111000000010100,80,6883ms
000001010000010010000010000001011010,100000100010000000010101101010000000,011000000001001101000000010000000101,000110001100100000101000000100100000,17,1368ms
111011001000000001000000001000000010,000000100110001010010101000001000000,000000010001000100000010010100010101,000100000000110000101000100010101000,130,6283ms
111111000010100000100000000000000000,000000010001000000011010110100000001,000000101000011001000000000001110100,000000000100000110000101001010001010,161,1440ms
101011100000000000000001001000011000,000000000000011010011000000110100001,000100000001000101100110100000000100,010000011110100000000000010001000010,112,15395ms
000000110010000011001000100000010010,111010000100001000010001000001000000,000000001000110000100000011010100100,000101000001000100000110000100001001,16,1191ms
111000101000000000000000000011110000,000110000100001000010010101000000001,000000000001100010000101010100000110,000001010010010101101000000000001000,157,4652ms
110011011010000000000000000001010000,000000000101000001111001010100000000,001000100000110100000110000010000001,000100000000001010000000101000101110,142,1669ms
001000010100010000000100000011110000,100000100001001010001011001000000000,000000001000100001110000000100001101,010111000010000100000000110000000010,44,30307ms
011001110000100000000001100000000100,000110000110001010000010000000010001,000000001001000101001000011001001000,100000000000010000110100000110100010,42,13037ms
000001011001100000000001001000100100,111110000000000000001110100000000000,000000100000001100010000010011010010,000000000110010011100000000100001001,0,819ms
110010000000010001011000001000000100,001000001011001000100101000000010000,000001000100100010000010010001000011,000100110000000100000000100110101000,89,26798ms
101010010001000000000001110010000000,010000001010010110000000000001000011,000000000000100001110000001000111100,000101100100001000001110000100000000,88,42317ms
011010011000000000000000000101100100,100000000100001010100011000000010010,000001100001000100001000100010001001,000100000010110001010100011000000000,119,83419ms
000111011000100000000000100010000010,010000000100001000100000011001001100,100000100010000110001100000100000001,001000000001010001010011000000110000,152,650ms
110101101100000000000000100100000000,001000000000000000000101011010101100,000010000001110001111000000000010000,000000010010001110000010000001000011,157,165ms
111111001000000000000000000000000011,000000000010001001100011001100001000,000000110101110000010100010000000000,000000000000000110001000100011110100,177,223ms
000011000010110100000100000110000000,100100000100000000001001111000000100,000000110000000011010000000001101001,011000001001001000100010000000010010,0,1864ms
011101101110001000000000000000000000,100000010001000000100100010100100001,000010000000000010001011101010010000,000000000000110101010000000001001110,116,12934ms
111111100010000000000000000000001000,000000000000010010101000010100100101,000000010001001000010001101001010000,000000001100100101000110000010000010,137,2901ms
111011010000000001000000000010010000,000100000000001010110110100100000000,000000100001100100001000001000100110,000000001110010000000001010001001001,122,7517ms
110001111000000000000000001010100000,001000000100110011000000000000011100,000010000011001100100110000000000010,000100000000000000011001110101000001,139,14489ms
100111101010000000000000000100010000,011000010000010011010000000000101000,000000000101000000100011010011000001,000000000000101100001100101000000110,147,6420ms
011111000001000000100001000100000000,000000000010100100001100010011100000,100000011100000011000010100000010000,000000100000011000010000001000001111,177,254ms
001001010010000000011000000100101000,100000100100001010000100000001000110,010110001000010000100001100000000001,000000000001100101000010011010010000,109,23326ms
010001000010010010010000101010000000,000010001001001000000000010000010111,100000100100100000101010000001001000,001100010000000101000101000100100000,120,2089ms
000000010011000000010110001000010010,100011001000000110000001000001100000,001100000000001001001000110100000100,010000100100110000100000000010001001,28,516ms
111000000010000000101001000010100000,000000000001001110010000100001000110,000010010100100000000010011100000001,000101101000010001000100000000011000,149,64ms
101111010000000010000010000100000000,000000100000000000011000110000101110,000000001000111101000101000010000000,010000000111000000100000001001010001,138,1937ms
000100100000000000011000011011000100,100000000110001000000111000100001000,001001001001110000000000100000000011,010010010000000111100000000000110000,23,9672ms
011000110011100000000000000101000000,000011000000010011110000000000011000,100100000000001000001110100000100100,000000001100000100000001011010000011,143,892ms
101011111000100000000001000000000000,000100000011010000010000000001001101,000000000100000100101000011010010010,010000000000001011000110100100100000,157,519ms
110110010001000001000100010000000000,001001100010000100100000000000101010,000000000000111010001001101100000000,000000001100000000010010000011010101,135,25597ms
101100110000000010000000000001000101,000001001000100100100011000000010010,000010000001011000010000011110000000,010000000110000001001100100000101000,144,761ms
110100101000000000000000100110000010,001001010010100101000010000000000100,000010000101000010110100000000100001,000000000000011000001001011001011000,136,28788ms
111001100000001010000000010001000000,000000010000000001110011000100010100,000010000111100000001000100010100000,000100001000010100000100001000001011,157,369ms
101011011010000000100000000000000001,010100000000111001000000101000000010,000000000001000010001101010011000100,000000100100000100010010000100111000,111,11580ms
100101010000000001000000000011110000,010010000000000100000110111000000001,001000000011010010001001000000000110,000000101100101000110000000100001000,109,14937ms
010011001010000000010000001001100000,100000100100000011000010100000001010,001100010000011000000101000010010000,000000000001100100101000010100000101,60,4923ms
001100001000010100100000000100001100,110001110101000000000000100000000001,000000000010000011001100001010100010,000010000000101000010011010001010000,52,8981ms
111110000101000000000000000000000110,000000101000000011111000000001100000,000001000000010100000011001100010001,000000010010101000000100110010001000,177,69ms
011100010000000000000000110001100100,000011000100010110000100000100000010,100000101001000000001000001000011001,000000000010101001110011000010000000,122,24665ms
100000110001000100100100011000000000,001100000010000010001010000011001000,010001001000001000010001100000010010,000010000100110001000000000100100101,142,60001ms
010100010010100000000001100010000100,100000001001000001011010000001010000,000011000100001110000000010000001010,001000100000010000100100001100100001,60,3340ms
011000111000010011000000000100000000,100101000101001000010000001000000100,000010000010100100000001110000110000,000000000000000000101110000011001011,77,57925ms
110010101100001000000100000000000100,000100000011100010100000000011010000,001001010000010101001000000000001001,000000000000000000010011111100100010,130,7348ms
011100100000100000000010010010001000,100000000011010100000000101000100010,000001001100000001011100000100000001,000010010000001010100001000001010100,108,1414ms
110010011000000010000100000001001000,000000000100011100011010000010000100,001101000000000000000000111000100011,000000100011100001100001000100010000,123,17612ms
011110101000000000100000011000000000,000000010100100000000100000001011011,100000000011000001000011100100000100,000001000000011110011000000010100000,177,709ms
010010000110011000000000100110000000,101100100000000011001100000000100000,000000001000100000010000011001001011,000001010001000100100011000000010100,52,3225ms
010101001001100100000001000100000000,101010100010000010100000000001000001,000000010000011000010010001010100010,000000000100000001001100110000011100,44,5529ms
001100110000000000011001100000000100,000000000001101010100010010100001000,100000001100000001000100000010100011,010011000010010100000000001001010000,108,46941ms
001001101000000110000010010000100000,010000000001000001110100001000010001,100010000110100000000000100000001110,000100010000011000001001000111000000,120,2342ms
010110011000000100110000000100000000,000000100111101000000001000001000001,100000000000010010000110010000011100,001001000000000001001000101010100010,170,2213ms
011010110001000010001000000010000000,100101000000001100010000001000000110,000000000110000001000010110001100001,000000001000110000100101000100011000,79,20414ms
100100010100100100000000100000100100,010001101000000001110000000000010010,000000000001011010001110000100000001,001010000010000000000001011011001000,92,11482ms
010011100110000000000000000011010000,000000000000000000010111101000000111,100100000000111101001000000100000000,001000011001000010100000010000101000,157,342ms
001011011000010000000101000100000000,010000000001001010001000010011000100,100000100010100000000000001000101011,000100000100000101110010100000010000,125,2186ms
011100110000001100000100000000001000,000010000001000000101010001110000001,100000001010010001010001010000000100,000001000100100010000000100001110010,131,12937ms
101010111100000000010000000001000000,010000000010000000101010010100000011,000101000001000000000101100000110100,000000000000111111000000001010001000,124,600ms
001101110010000001000010000001000000,110000001000100000010100000100000101,000000000100001000101001100000111000,000010000001010110000000011010000010,85,14011ms
011100111000001000000000001100000000,100000000111000000100000010011100000,000011000000100000011111000000010000,000000000000010111000000100000001111,90,16449ms
110001100010000000000000001011010000,000000000000101010001110000000001011,001100011000010100000000000100100100,000010000101000001110001110000000000,157,10196ms
001010101100000001010100001000000000,100000010010010000000000010110000101,010000000001100000001011100000001010,000101000000001110100000000001110000,102,6215ms
111100110010000000000001100000000000,000011000100000000000110000000111001,000000000001000101110000010011000100,000000001000111010001000001100000010,157,1653ms
100011011000100000100000000000010100,000100100010001000000011101100000000,010000000000010100011000000010100011,001000000101000011000100010001001000,143,1299ms
011000001000000100001000010000001110,000010010000110001000001100000110000,000100100000001010100000001110000001,100001000111000000010110000001000000,96,2122ms
110010001000011000000001000000101000,001000000101100000110100100001000000,000101000000000001001000001110010001,000000110010000110000010010000000110,157,1353ms
001000100000001001010000010010100100,010000000100010000001100001000011010,000101010000100100000001000101000001,100010001011000010100010100000000000,38,6146ms
011111100000000000000000011000010000,000000000011100110010000100000000011,100000001000000001101111000000100000,000000010100011000000000000111001100,177,1429ms
001101011000000000001001100000001000,010010100100000010010010010000100000,100000000000001101000100001000000111,000000000011110000100000000111010000,93,69263ms
000100011000010000000000001101001010,011000100010000000010011110000000000,000001000100100100100000000010110001,100010000001001011001100000000000100,45,58490ms
