100100011100001000001100000010000000,000001000001000111010001100000000001,011010000000100000000010010000011010,000000100010010000100000001101100100,132,5451ms
010100101000001000010001010000010000,100000000010000011101110000001000000,000001000100110000000000100000101101,001010010001000100000000001110000010,43,33585ms
001000101000010000000100001000011010,000000010000001001100011100100000001,000011000001100010011000010000000100,110100000110000100000000000011100000,20,3675ms
111001111000010000000000001000000000,000100000011000000001001000010001101,000000000000001100000110110100010010,000010000100100011110000000001100000,127,7176ms
000010010101100000000010100000001010,010100101010001000000100001000000001,100000000000010100010001010011000100,001001000000000011101000000100110000,62,9053ms
111110101000000000000100000001000000,000000010100111000010001100100000000,000000000010000000101000011000100111,000001000001000111000010000010011000,177,1480ms
111010010000100001001000100000000000,000000001000000100100100001101100100,000101000011011000010000010010000000,000000100100000010000011000000011011,136,5164ms
100101100001000000000000101000010100,000000000010100100001011010010000010,001010000100011011100000000000001000,010000011000000000010100000101100001,118,38179ms
111001001110000000010100000000000000,000100010000010000100010100101001000,000010000001100011001000001000010001,000000100000001100000001010010100110,144,548ms
011001110001000010100000000001000000,100100001000001000010100100000110000,000010000010110000000010001100001001,000000000100000101001001010010000110,99,32509ms
011111111000000000000000000010000000,100000000100110001000000001100010001,000000000011000110011011000000000010,000000000000001000100100110001101100,117,21485ms
110011101000000000001000100100000000,000000000011100010100000001010110000,000000000000011101000010010001001100,001100010100000000010101000000000011,112,14743ms
011110110000000001000100000000000001,000000000000000000010011101011010100,000001001110001110000000010000100000,100000000001110000101000000100001010,103,46866ms
110011100000010110000000000000000001,000000010000001000001001110010101000,000100000000100001000100001100010110,001000001111000000110010000001000000,131,6106ms
111010101000000100000001000000000100,000100000001000000110000010110100001,000001010110011000001010000000001000,000000000000100011000100101001010010,157,4182ms
010001011001001010000000000000011000,001110000100010001000000010010000001,000000100010000100110111001000000000,100000000000100000001000100101100110,67,90424ms
010001001000100001001000000010010100,000000000001011000100010010000001011,001000100010000100010100001001100000,100110010100000010000001100100000000,55,3832ms
101110000000001000111000000001000000,000001010001010000000001100000110100,010000100100000101000010001000000011,000000001010100010000100010110001000,177,104ms
011100101100000000000000000011000001,000010000001000000101100110000010010,000000000010110111000010000100100000,100001010000001000010001001000001100,120,6604ms
010100001000001000000010001010100010,100010100011000000000001110100000000,001001010100100100010000000000001001,000000000000010011101100000001010100,76,7548ms
111110110000000100100000000000000000,000000000010101010001010110010000000,000000000001010001010100000001011100,000001001100000000000001001100100011,162,2026ms
010111010100000000000100000001000010,001000100000110110100000011000000000,100000000011000001010001000100000101,000000001000001000001010100010111000,177,6506ms
100101011000000100000100010001000000,000010000010100001101000000000011010,001000000100001010010011001000000001,010000100001010000000000100110100100,122,10380ms
110111101000010000000000000000000001,000000000100001000000001100110101100,000000000010100001110100011000010000,001000010001000110001010000001000010,148,8975ms
110101111010010000000000000000000000,000000000100000000101110001110001000,001010000000100110010001000000110000,000000000001001001000000110001000111,157,3123ms
000111111000000001000101000000000000,101000000100100100011000000000010001,010000000011000000100000001011101000,000000000000011010000010110100000110,94,13383ms
100000101000010011000000010010001000,000000010111100000100000100000000101,011000000000000100010001001000110010,000111000000001000001110000101000000,102,3429ms
011011101000100010000000000001000000,000000010001000001001101000100000110,100100000010001000100000000010101001,000000000100010100010010111000010000,157,149ms
100000111000000000000100000110000011,010000000010000011110010000000010100,000110000100010000001001111000000000,001001000001101100000000000001101000,155,10322ms
101001010000000100100000110000000100,000010101011011000000010000000001000,000100000000100001001001001101010000,010000000100000010010100000010100011,123,13714ms
000011011000100000001000010000011000,111000000000000000010010001011000100,000100000101001010100000100000000011,000000100010010101000101000100100000,47,1657ms
100001111100000001000000100100000000,001000000010111000101001000000000010,000110000000000110010100000001000101,010000000001000000000010011010111000,154,846ms
101010010100000000000000000001111000,000001100010000100000101010000000011,000000000000111001100010001100000100,010100001001000010011000100010000000,127,12609ms
011110000100010000011010000000000000,000000100010001100000100011000100010,100001010000000000100000100000011101,000000001001100011000001000111000000,177,502ms
010101110000000000100001000000000110,001010000100001011010000000000100001,000000000011100100000100111000001000,100000001000010000001010000111010000,68,14759ms
010100111000000000000100100000001001,000001000000000010010000001010110110,001010000001011100000011000001000000,100000000110100001101000010100000000,68,45128ms
000111011010001001100000000000000000,100000000000110010010100000011000001,000000100001000000001001100100110100,011000000100000100000010011000001010,78,11587ms
110000111000000010001000000010000010,000100000010011000100100101100000000,000000000101000100000001010001110100,001011000000100001010010000000001001,131,7236ms
101010011010000100000001000000100000,000100000000001001011000001001000110,000000000000100010100010110110010000,010001100101010000000100000000001001,130,8240ms
010000110001000010000100110000000100,000111001000000000100010001101000000,101000000110010100000000000010100010,000000000000101001011001000000011001,114,28322ms
100111001000001010000000100000000001,000000100010010000101001000001001100,010000000101100100010100000010000010,001000010000000001000010011100110000,153,1815ms
001100001100110001000000001000010000,100011000000001100010000100000001001,010000000000000000000011010111000110,000000110011000010101100000000100000,89,42839ms
001101111000010100000000000000000001,110000000011001000100001010000100000,000000000000100000001010101000011110,000010000100000011010100000111000000,62,18235ms
001110100010001000000010100000000001,000000010101000100000001000011101000,100001001000100001100100000100000010,010000000000010010011000011000010100,153,2787ms
100100010000111000101000000100000000,010011100001000000000100001001001000,001000000010000000010000010010010111,000000001100000111000011100000100000,113,6921ms
111101101000010000000000000000001000,000010000001101011000000010000100001,000000000000000000001101101111000100,000000010110000100110010000000010010,157,1684ms
000101100000010000000000100010111000,001010001011000001000001001000000001,100000010100000010000010010100000110,010000000000101100111100000001000000,116,5074ms
000000111100000010000101100000100000,000111000000101000000000001110000001,011000000010000100111000010000010000,100000000001010001000010000001001110,69,29565ms
011101011000000010010001000000000000,100000100001000001000010000010100011,000000000100010100001100111000001000,000010000010101000100000000101010100,96,28353ms
011111110000000000100000001000000000,000000000000100010000001000110111001,100000000010011000011100100000000100,000000001101000101000010010001000010,177,304ms
010010101000000010000111100000000000,001000010000000100101000000101110000,000100000111001001000000000010001001,100001000000110000010000011000000110,77,63859ms
011000010100001100000100001000000001,000100001010100000010001010000100010,000001000001000001001010100000011100,100010100000010010100000000111000000,63,1796ms
010110011111100000000000000000000000,100000000000000011000010010001001011,001001000000010000110100001010000100,000000100000001100001001100100110000,141,1832ms
010111011000000000000000101000000001,000000100100000001100001000001101100,101000000011100110001000010000000000,000000000000011000010110000110010010,170,5740ms
100100110110000000010000000001000100,001001000000000010001010000010111000,000000001001110000000000110100000011,010010000000001101100101001000000000,112,14149ms
111001000000100000001010010000010000,000000100010010100010100000001100010,000010010100001001000001001110000000,000100001001000010100000100000001101,153,101ms
111110001000000000000001001000000010,000001000000001000001010100100011100,000000100110000110100000010000100001,000000010001110001010100000011000000,177,195ms
110010011000001000000000000101100000,000000000000000010101010100010010011,001000000010110100010001010000000100,000101100101000001000100001000001000,140,20348ms
110000110000111000001000000100000000,001000000110000000000000101011011000,000010001000000100010111010000000010,000101000001000011100000000000100101,124,2344ms
101000010001110000000000000000011001,000011000000001001001010000101000100,000100001010000010100001010010100000,010000100100000100010100101000000010,124,3627ms
101110101000000000010010000010000000,010000000101001010000000011000110000,000000000000110001001101100101000000,000001010010000100100000000000001111,162,388ms
110001001000100011000000000001000010,001010000000001100011101001000000000,000100000110000000000000110010111000,000000110001010000100010000100000101,146,4978ms
101000100100000000000111000110000000,010001001010010000100000000000111000,000100000001000111000000010001000011,000010010000101000011000101000000100,102,3988ms
000101101000000000000100100000011100,000010010000100000000000010111000011,111000000100010100011000001000000000,000000000011001011100011000000100000,146,33699ms
010101010000000001000000010101001000,001000001010010100000100100000010100,000000100001101000101000001010000010,100010000100000010010011000000100001,88,6289ms
000100011010010010000100010000000100,000000000100000001000010000111001011,100011100001001000001001000000010000,011000000000100100110000101000100000,72,16749ms
100110010001001000010000010000001000,010000101000000110000000001010100001,001001000000100001100111100000000000,000000000110010000001000000101010110,142,83017ms
101110111000000000000000000001000010,000001000000010001000101100000110100,010000000011100010101000001100000000,000000000100001100010010010010001001,177,104ms
110101001001000010000000100001000000,001010110000000000000101010000000101,000000000000011101010000000100011010,000000000110100000101010001010100000,110,62818ms
010111100000000010001000000110000000,100000000001010000000111010000110000,001000000010100100010000000001000111,000000011100001001100000101000001000,83,17021ms
100011110000000000000010000010011000,000000000100001110001101100000000100,001100001010010000000000000101100010,010000000001100001110000011000000001,157,2892ms
100110101011000000001000000000000010,011000000100000010010100000010010100,000001010000101001000001100000100001,000000000000010100100010011101001000,90,3576ms
000000001001000101000100001100101000,000001100110011000100011000000000000,100100000000100000010000110001010100,011010010000000010001000000010000011,42,25195ms
010111111000000000010000001000000000,101000000100110000000110000011000000,000000000010001110000001000100011100,000000000001000001101000110000100011,105,38885ms
001010101000100000100001100000100000,000000000100011100001000000010001110,100101000000000010000110011100000000,010000010011000001010000000001010001,129,20102ms
011011100011000010000000000100000000,000000010000001100101100000000000111,100000000000010001010001100011100000,000100001100100000000010011000011000,157,880ms
101010100000000000101000001010000100,000101001000001001000110000100010000,000000000110010110010000010001001000,010000010001100000000001100000100011,133,2238ms
011101110000000000010000000001010000,000000001100101000000001101000100100,000000000001010100101000010110000001,100010000010000011000110000000001010,121,3191ms
111011010010000010000000000001000000,000000000100000100000001100010010111,000100101000010001001100010000001000,000000000001101000110010001100100000,140,5212ms
101100100000000000011000001110000000,000000010110110000000110000000100001,000011001001000110000001010000000010,010000000000001001100000100001011100,139,135ms
010110110010000100000000000001010000,001001000000010000011010100100100000,100000000101000010000000010010000111,000000001000101001100101001000001000,166,9466ms
000100110000000001000010010001001001,111000000100000000100001100010000100,000001001010101010000100001100000000,000010000001010100011000000000110010,13,518ms
100000110110000000000100000001000110,010000001001011000000010001000001001,000100000000100001001000100110110000,001011000000000110110001010000000000,80,9233ms
000011111000000110000100000000001000,000100000000100001010000110001100010,011000000101001000000000000010010101,100000000010010000101011001100000000,105,35167ms
101001001100000100000000000011000100,000010010010100010000100000100001001,010000100001011000011011000000000000,000100000000000001100000111000110010,154,10412ms
111010100000001000000000100100000100,000100001110100010001100000000100000,000001000001010001100011010000000010,000000010000000100010000001011011001,146,12374ms
111101111000100000000000000000000000,000000000000001101010010000001100110,000010000010000010100001100110001000,000000000101010000001100011000010001,157,799ms
100111111001000000000000000100000000,011000000000101001001001000000001100,000000000010000100010110000011110000,000000000100010010100000111000000011,134,12131ms
110011110000000000100000001000000100,001000001001001101010000000110000000,000000000100010010001001110000011000,000100000010100000000110000001100011,157,1259ms
100110001100000001000000100010000100,001000110000001100000001000000011010,000000000011100010001000011000100001,010001000000010000110110000101000000,109,17641ms
010001101000010000000011000100100000,000000010010001001010000001000001110,100100000100100010001000010001010000,001010000001000100100100100010000001,144,1242ms
011110101000000000010100001000000000,000000010010001000000010100001011100,100000000101010010000001000100100001,000001000000100101101000010010000010,177,1960ms
100011001010000001000011100000000000,001000000000001000010100010000110101,000100000001100100000000001011001010,010000110100010010101000000100000000,78,21949ms
000110111100000100000001000000000100,110000000010010000000000001100110001,000001000000000000101010110010001010,001000000001101011010100000001000000,92,36431ms
101111010010000000000000000010000100,000000000101000001101000101001001000,000000101000011010000010000100100010,010000000000100100010101010000010001,177,369ms
000000011000000001000000111110001000,000001100100100000001110000001010000,101010000000001010110000000000000101,010100000011010100000001000000100010,119,1465ms
011101111000000000000000000110000000,100010000100101000001001100000000010,000000000000000111000010010001110001,000000000011010000110100001000001100,112,12139ms
110100100011000000000001001000000010,000000010000100000011000010010110100,001010000100001000100010000101001000,000001001000010111000100100000000001,157,217ms
000000110000101000000001110000000110,000010001000010101011010000000001000,111000000011000010100000000001000001,000101000100000000000100001110110000,114,4291ms
111010111000000000001000000100000000,000101000010001001110000000000000110,000000000000100110000111000001001001,000000000101010000000000111010110000,143,862ms
001110111010001000000000000000001000,100000000000010000010100001010110100,010001000000000101100010110000000001,000000000101100010001001000101000010,102,188636ms
001101110000011000000000010000100000,000000001111000000000000001010010101,100000000000100000010111100100001000,010010000000000111101000000001000010,115,17172ms
000000101100110100100000001000100000,100001000011000000010100010001010000,011110010000001001001000000000000001,000000000000000010000011100110001110,108,16300ms
010110000000011000010000000111000000,001000110100000001000010000000010110,000000001011100110001000101000000000,100001000000000000100101010000101001,64,56639ms
101011110000101000000001000000000000,010000000110000010000010110000110000,000000000001010000010100001101001001,000100001000000101101000000010000110,119,35440ms
001111100000000010100100000100000000,000000000110100000011001010000100100,010000000001011101000000100001000010,100000011000000000000010001010011001,112,14673ms
100111101010100000000000100000000000,010000000001010000010010011000100001,001000010000001011001000000000011100,000000000100000100100101000111000010,134,4599ms
011000100000000010100010001001001000,000000000001001100000001100110000110,000110001110100000010000000000110000,100001010000010001001100010000000001,113,9503ms
111011000100101000100000000000000000,000000010001000100001000000110010110,000100101000000011000100111000000000,000000000010010000010011000001101001,157,451ms
011001010000001100000001100000001000,000000001010000011011000011000000001,000000000101110000000110000011100000,100110100000000000100000000100010110,67,35962ms
001101010000010010001000100001000000,000010001000001000110010010000100001,000000100111000100000101000100001000,110000000000100001000000001010010110,69,13291ms
110010010110000000100011000000000000,000101100000100001000100100010000010,000000001000000100001000000101011101,001000000001011010010000011000100000,143,3591ms
010001111001000101000000000000000010,000100000010000010101010000011001000,101010000000100000010000011000100100,000000000100011000000101100100010001,140,7153ms
000111010101000000100010000100000000,111000000000110000001000100000001001,000000100010000100000001000011110010,000000001000001011010100011000000100,106,4516ms
111001011000001100000001000000000000,000000000101000010100110110000000100,000110000000000001011000000001001011,000000100010110000000000001110110000,163,4250ms
011100011000000100000100000100000100,100001100010010000001010000000101000,000010000001000001100000101010010010,000000000100101010010001010001000001,105,8113ms
000100101000000001001001001010100000,000010000010101000110000110000000001,001000010100000010000010000001001110,110001000001010100000100000100010000,35,9889ms
111111111000000000000000000000000000,000000000000001100000010000100101111,000000000010100001011001100010010000,000000000101010010100100011001000000,177,76ms
011011000101000000000000010001000010,100000000000010101000001000100101001,000100100000000010100110101000000100,000000011010101000011000000010010000,101,4621ms
000010011011010010000000000000001100,100101000000001000001101000010010000,000000000100100001100010101100000001,011000100000000100010000010001100010,51,35532ms
011111100000010010000000000000001000,000000000000001000100010100011110001,100000000110000001011000001100000100,000000011001100100000101010000000010,177,1161ms
111000011000000100000000010100010000,000011100000000010001100001000001100,000000000111011000010001000000100001,000100000000100001100010100011000010,157,2849ms
100111011001100000000000000000000001,000000000100011000110110000000011000,001000000010000010000001100110000110,010000100000000101001000011001100000,164,1484ms
011101000100000010000010001000000001,100010000000110100101000010001000000,000000110010001000000100000110000110,000000001001000001010001100000111000,104,8439ms
001010100011000000011000001010000000,100000001100010101000000000000110010,010001010000001010000100000001001001,000100000000100000100011110100000100,58,27721ms
010111101000000000000010001000000001,000000010010000110000000100110100010,000000000100111000001100010000001100,101000000001000001110001000001010000,77,32832ms
110010000100000010100001000000000101,000101010000010100000010100000100010,000000100011001001001000010001010000,001000001000100000010100001110001000,126,1457ms
001101011000000000111100000000000000,100000000111000100000001001000001100,010000000000011000000010110001110000,000010100000100011000000000110000011,115,48079ms
110000101000000100000011000000100001,001001000110001001100000000001001000,000100010000010010000000001100010110,000010000001100000011100110010000000,120,14256ms
111010000000000000110010010000010000,000100001010010110000100001001000000,000001010101001000000000000000001111,000000100000100001001001100110100000,157,5982ms
010100000000000000010010110011000010,000010110100100010000001000100001000,000001001011011000000100001000000001,101000000000000101101000000000110100,48,13390ms
101100000000100000001011010100000000,010010100010000010000000000001001101,000001010100010001110000000000010010,000000001001001100000100101010100000,126,9126ms
000001101010010000000000001100000011,100100000000000000000011010011001100,000010010100001100110100000000010000,011000000001100011001000100000100000,65,26255ms
101010000000000110001100001000000100,000100000010101000010001000100000011,000001001101010001000010100001000000,010000110000000000100000010010111000,86,25962ms
111101010000101000000000000000000010,000000001100010110000001101000100000,000010000011000000000110010110000100,000000100000000001111000000001011001,151,1203ms
010100011000000100001010100000001000,001010000001100000100101010000000001,100000100100001010010000000001000110,000001000010010001000000001110110000,128,21989ms
101000000010000100000000010001101001,000100000000011000010001100010010100,000011100101000000100110000000000010,010000011000100011001000001100000000,122,2914ms
111000101000010000000000000000011001,000010000010000110101001001010000000,000001010100101001000010010000100000,000100000001000000010100100101000110,145,11445ms
001010111100000011000100000000000000,100100000000010100100000000001010011,010001000000101000001010011000100000,000000000011000000010001100110001100,89,29607ms
000101000010000010000010011101000000,001000011101000100000000100000010010,000000100000101001110000000010101000,110010000000010000001101000000000101,28,1104ms
100101111000010000001100000000000000,000010000111100000100000001001000100,001000000000001111000010010000101000,010000000000000000010001100110010011,101,8175ms
101101111000000000000000000100000010,010000000100100010000010000000110101,000000000001000101000101111000001000,000010000010011000111000000011000000,143,976ms
011100110100000010010000000100000000,000011000001001000100101110000000000,000000001010010100000010001001010010,100000000000100001001000000010101101,87,89290ms
110000001000010010000100000011000010,000100000010100100111000100000000100,000001110101000000000010001100001000,001010000000001001000001010000110001,144,691ms
001101001110001001001000000000000000,100000000000000010110100100010001100,000010000000000100000011011000110001,010000110001110000000000000101000010,61,134645ms
001000001000011000000110000000111000,000011100000100000010000110100000100,000100000110000111100000001001000000,110000010001000000001001000010000011,36,4949ms
001111010010000100000001000010000000,000000000001011011000000100100110000,000000000100000000101010001001001011,110000101000100000010100010000000100,93,61774ms
010000010001011001100000000010000100,001110100010000110010000000000100000,100001001000000000000101001101000001,000000000100100000001010110000011010,123,13662ms
001010000001110111000000000000000001,000000101010000000101000001110010000,010001010100001000010101000000001000,100100000000000000000010110001100110,73,104604ms
000101011000010000010000000000101010,000000000010000110101011000001000100,100000100101101000000100100000010000,011010000000000001000000011110000001,84,14824ms
010011011000000001100011000000000000,000100000110000100000000001110001010,000000100001010000011000100000010101,101000000000101010000100010001100000,102,11058ms
010101011100000010000000001000000001,000000000001100101100001100010000100,101000100000010000000100000001011010,000010000010001000011010010100100000,157,612ms
010010110001001100000010000000000001,000000000100100000011001100001010010,100001000000010010100000010010001100,001100001010000001000100001100100000,115,12486ms
110100011001000000010000001000000100,001011000000100000000010110001000001,000000100000011100000100000010110010,000000000110000011101001000100001000,90,59866ms
011101101001000001000000001000000000,000010000000110000011001000000011010,000000010000001110100010100000100001,100000000110000000000100010111000100,92,10468ms
101011010000100001000000010001000000,000100001001010100110000000000010100,010000000100001010000001101000100010,000000100010000000001110000110001001,120,3181ms
111100111100000000000000000001000000,000011000000100110000110011000000000,000000000001000001001001100010111000,000000000010011000110000000100000111,133,9886ms
010000101001000010000001000000011010,100010000000000001000000111001000101,000000000010011100100100000110100000,001101010100100000011010000000000000,37,27048ms
011100100000010001000101000000000100,100000000110101010000000010000110000,000000001000000100111000101000000011,000011010001000000000010000111001000,62,29371ms
110110000010000000010000000010010100,001000100000101001001001100000000010,000000000000010110000000011101001001,000001011101000000100110000000100000,159,22807ms
000001001101100001001000000001000001,000110000000010110100000000110000100,011000000010001000000011010000010010,100000110000000000010100101000101000,25,2520ms
100011000100000100000000110010010000,000000110011001000000001001100000001,000100001000010000100110000001100010,011000000000100011011000000000001100,114,276ms
101101001000010100001000000000000100,000000010010101000000000111100000001,000000100100000001000101000001011010,010010000001000010110010000010100000,124,2123ms
110010001000110100100000000001000000,000001010011001000000010000100010010,001100100000000000001001011000100001,000000000100000011010100100010001100,141,8504ms
110001100010100000000000000010000101,000110010000001100110000001001000000,001000000001000011000101000100001010,000000001100010000001010110000110000,144,3713ms
101011011000000100001000001000000000,000000100000110010000000100100100110,010100000111001000000000000011010000,000000000000000001110111010000001001,157,2237ms
001000111000010100010000000010001000,100010000000000001000110010101010000,000100000101001000100001001000100010,010001000010100010001000100000000101,75,3096ms
110001000100110000010000000000011000,000000010001000100100100011000100010,000110000000001000000011000011000101,001000101010000011001000100100000000,134,3670ms
100100001110100100000010000000000001,011000010000001000000001000001010110,000001000001000010001100100010101000,000010100000010001110000011100000000,69,17858ms
101000111000001000000001000000101000,000011000001000010010110010000000100,010000000010010100101000100011000000,000100000100100001000000001100010011,152,3923ms
010011001000010001001100000100000000,001000010100000000000000110001110010,100000100000000000110000001010001101,000100000011101110000011000000000000,157,9399ms
101111100001000000000110000000000000,000000000000010010100000001011101010,000000010010000101010000010000010101,010000001100101000001001100100000000,137,4672ms
111110000010001000000000100010000000,000000000000000011100001001000101101,000001011100100000010010010100000000,000000100001010100001100000001010010,163,334ms
001100111101000000000010000010000000,100001000010000001110000000100001001,010010000000000100001000111000010010,000000000000111010000101000001100100,75,3595ms
101011101000100000001000000000000001,000000000101001100100010001000010010,000000000000010011000101010100101000,010100010010000000010000100011000100,91,44557ms
111100000001000010001100100000000000,000010001000010001000011000001110000,000001110000000100000000011010000110,000000000110101000110000000100001001,120,5095ms
001010011010000000000000010100000101,010000000000000100011101100001000010,000100000001111000000010001000110000,100001100100000011100000000010001000,55,6640ms
000110010100010010000010000100100000,000000001000000001010100100011010001,001000000010000100001001011000000110,110001100001101000100000000000001000,68,5756ms
000110000001100000010001010000010010,001000001100000011001000100100000100,110000000010010100000110000010001000,000001110000001000100000001001100001,105,1436ms
001000011000000100000010001001011000,000001000100010011000101010010000000,010010100010000000110000100000100001,100100000001101000001000000100000110,73,7155ms
011110100001100000000000000001000100,100000000000000010010100101000101010,000001010000011101000010010000000001,000000001110000000101001000110010000,99,13879ms
100001011000000011001000000010100000,010000000001001000000110001101000001,000000000110100000000001100000011110,001110100000010100110000010000000000,86,36999ms
000101001000000101000000110001010000,011000000101100000100000000100001001,000000110010010000011101000000000100,100010000000001010000010001010100010,6,2260ms
000110101100010000001000010000010000,101000010011100001010001000000000000,000001000000001110000110000001000110,010000000000000000100000101110101001,40,22011ms
100011010000001000000000011000001100,010000001011000000111000000010000001,001000000000100010000011100001100010,000100100100010101000100000100010000,68,1225ms
111001100101000000000100000000100000,000100000000001000100010011101000001,000000010010100100001001000010001100,000010001000010011010000100000010010,144,1494ms
000001100001101011100000000000001000,000110010000000000001010000111000010,111000000000000100010001000000010101,000000001110010000000100111000100000,117,28052ms
000101111010000000001000001000000100,100010000100010001100001100001000000,011000000001101110000100000000010000,000000000000000000010010010110101011,56,16277ms
011110111000000000000000000000101000,100001000100100000111000000100000001,000000000011001001000111000011000000,000000000000010110000000111000010110,112,48624ms
001100100001001100001000110000000000,000000001000010010000010000101010101,100000010100000000010000001010101010,010011000010100001100101000000000000,99,138564ms
110011001110000000001000000000010000,000000000000001010110000001101000011,001000000001110101000010010000001000,000100110000000000000101100010100100,116,17532ms
110111010000000000000000000100001001,001000000101001001100000100000010100,000000100010100100000111000001000010,000000001000010010011000011010100000,163,876ms
100001010001000001001010000010010000,000010000000010110000000011001100010,000000101100101000000101000000001001,011100000010000000110000100100000100,65,834ms
010011111000000000010000110000000000,001000000000001100101100000010001001,000100000010010000000011000000110110,100000000101100011000000001101000000,77,24230ms
100011011000100001000001000001000000,011000000000000100010110110100000000,000100100010000010100000001010011000,000000000101011000001000000000100111,99,11963ms
101111000011000000000000000100100000,010000001000011100001000010000011000,000000000000100001010011101001000100,000000110100000010100100000010000011,120,9263ms
100001000000010000010000101000110100,000010000001100011001110000000001000,011100100010000000100000000110000010,000000011100001100000001010001000001,157,251ms
010101000001101000100000000010010000,101010001010000001000001000100000010,000000100000000110001110101000000100,000000010100010000010000010001101001,38,4015ms
001001001000100001000000010010001010,110000100000001010101010100000000000,000010010100000100000001001100000101,000100000011010000010100000001110000,48,10825ms
000111000010001001000001001000010000,001000101000100110010000000000000110,100000010001000000000010100100101001,010000000100010000101100010011000000,119,2630ms
100000010010100000101010000010001000,010100001100001000000000000101010100,001010000001010011010000010000000001,000001100000000100000101101000100010,85,42144ms
001111110010100000000000000000001000,010000000001010000000000011101000110,100000000100000111110000000010100000,000000001000001000001111100000010001,177,360ms
011000001000101110000000100000000100,000010010000000001111010000100010000,000101100100010000000000010001100010,100000000011000000000101001010001001,73,10285ms
001111000000011000010000000000011000,000000000000000001101110110001000001,000000101011000110000001000010000100,110000010100100000000000001100100010,50,12216ms
101010110100011000000000000000001000,010000000010000011100000001100010001,000101001001100100000011000000100000,000000000000000000011100110011000110,132,16528ms
010010010110001000000000100000011000,001100000000110001000100000010000110,000000100001000010100010000101100001,100001001000000100011001011000000000,91,40726ms
110101101000010000000010000000000010,000010000101000010001001010100000100,001000010010000000000100000011111000,000000000000101101110000101000000001,146,949ms
110011011000010000000001000100000000,000000000001001100110000000001010110,000100100010000011000100010010001000,001000000100100000001010101000100001,143,190ms
100110000000000010001000000110100100,000000010011100001100001000001000010,010001100000011000000110010000000001,001000001100000100010000101000011000,162,4653ms
110110111010000000000000000100000000,000000000100110100000100100001000110,000001000001000000001001001000111001,001000000000001011110010010010000000,162,464ms
011111010010000010100000000000000000,000000100001011000000101010000110000,100000001000000100010000100111001000,000000000100100001001010001000000111,177,607ms
101110100000100001010000000001000000,010001000000011000100011000100010000,000000011000000010001000000010101011,000000000111000100000100111000000100,119,28710ms
111110100000000000001000000000100001,000000001100010010000011001000010010,000000000001100000110100110011000000,000001010010001101000000000100001100,177,2688ms
010011000000010000000000000110001101,000000000011001110010000110001000000,000100100100000001001010001000110000,101000011000100000100101000000000010,86,28785ms
100001100111000000001000100000000001,010100011000000101000010000110000000,000000000000111000010100010001001100,001010000000000010100001001000110010,66,13593ms
000010110001000001000000010011010000,000000001100010010000100001000001101,011100000010001000101010100000000000,100001000000100100010001000100100010,105,18324ms
000101110010000001000010010000000001,001000001000010000001000000111010010,110010000001000100110000000000100100,000000000100101010000101101000001000,136,29459ms
110110110000000010010000000001000000,000000000001011000000100001010011010,001000001000000101101010110000000000,000001000110100000000001000100100101,177,2131ms
110010101100000000100000100100000000,000001000000111001010001000001000010,001000010000000010001010010010001100,000100000011000100000100001000110001,157,22ms
011000011000001001100000100000001000,000001100100000000001100001110000010,100000000001100110010000000000100101,000110000010010000000011010001010000,129,1804ms
010110100000011000001000001000000100,001001010000000000100100100110000010,000000000110000000010010010001011001,100000001001100111000001000000100000,73,100855ms
100111010000011001000000000000000010,000000000011100000010000101100000101,000000100100000110101100000000011000,011000001000000000000011010011100000,124,35483ms
101111111000000000100000000000000000,000000000000010000011000101110101000,010000000001101110000000010001000001,000000000110000001000111000000010110,177,66ms
011001001000000010000100010011000000,000100100101000100000010100000100010,000010010010111000100001000000001000,100000000000000001011000001100010101,79,16043ms
101001101001000001100000000100000000,000010000010000000010011011000011000,000100000100100010000000100010100101,010000010000011100001100000001000010,157,250ms
010111001000010000000000000100001100,001000000100001110000000101000010001,100000000010000000010101010010100010,000000110001100001101010000001000000,177,1584ms
100000100100110000001010000001010000,000110010010001000000100001100100000,000000000000000001110001000010001111,011001001001000110000000110000000000,79,15210ms
000001000110000111001010000000010000,000000110000010000010000110000100101,011010001000101000000000001001001000,100100000001000000100101000110000010,72,10468ms
100110110000110000000001000000000010,000001000000000110011010000001010001,001000000010001000100100100110001000,010000001101000001000000011000100100,177,1113ms
100011100001000010000001000100001000,000000000100110100000100100011010000,011100011010000000100010000000000010,000000000000001001011000011000100101,157,153ms
010101100001001001000100000000000010,000010001100000000101010100001000001,000000000010110110010000010000110000,101000010000000000000001001110001100,52,32444ms
000000000001001000100001010010100110,101000111000100100001000100000000000,010001000100010001010000000001010001,000110000010000010000110001100001000,40,16114ms
111101000100000000000101000000100000,000000001010001001010000111000010000,000000100001110010000010000010000110,000010010000000100101000000101001001,128,3579ms
111111100010010000000000000000000000,000000000000100010000101010010001101,000000011101001100000010100000000010,000000000000000001111000001101110000,177,42ms
001110101001000001000100010000000000,000000010000111010100001100000001000,100001000100000000000010001000100111,010000000010000100011000000111010000,149,3243ms
010010111000010010000000000000000011,100001000001001001000010000001001100,000100000100000000110001011100010000,001000000010100100001100100010100000,108,4730ms
011101001000000000000100000101000100,000000110111010000000001000010001000,000010000000100100101010010000010010,100000000000001011010000101000100001,114,11114ms
010011110011000000000000000100000100,000100000000011011001001100000010000,001000000000100100010100011010000010,100000001100000000100010000001101001,98,14773ms
100011101000010000000100001000001000,000000010000001100010000110101010000,011100000000100000100011000010100000,000000000111000011001000000000000111,144,774ms
101100011110000010001000000000000000,010001000000000000110101110000000010,000010000000111100000010001010001000,000000100001000001000000000101110101,140,115525ms
101001100101000000001000000001000100,000000010010011000000100010000011001,010000001000100110110000001000000010,000110000000000001000011100110100000,157,485ms
101000110000100100010100000010000000,000000001000001010000010101001100010,000010000011010000100000010000001101,010101000100000001001001000100010000,111,1242ms
100001110000000000100000011110000000,001010000100100011000100000000001010,000100000001000100000011100001010100,010000001010011000011000000000100001,126,417ms
110010100000000010101010000000001000,000000000011111001000000001000010100,001000010100000000000000100011100011,000101001000000100010101010100000000,157,1594ms
110101110000000000001100000001000000,001010000000001100010000100110000001,000000000001100010100011010000000110,000000001110010001000000001000111000,143,2215ms
000110110010000000000000010000001110,000000000100101111100010000100000000,111000000000000000000101001011000001,000001001001010000011000100000110000,162,4255ms
110111110000000000010010000000000000,001000000010000010000101100000010110,000000000000111100100000001100001001,000000001101000001001000010011100000,177,356ms
011010110010100000000010001000000000,000000001001001100001000000010011010,100101000100010000100000100100000100,000000000000000011010101010001100001,157,323ms
011111000110000000010000000000000010,000000011000011001000100000010100100,000000000001000110001000110001010001,100000100000100000100011001100001000,106,14678ms
010000100000100000111010000000000110,000000001001000111000000000101100001,001000010010011000000000101010010000,100111000100000000000101010000001000,53,15550ms
011110010000011000000000000000010010,000000000100100010101010000000101100,100001100000000000010001111100000000,000000001011000101000100000011000001,177,1006ms
110110011001100000000000000000000010,000001000010001010001101000100010000,000000000100000001100000111011100000,001000100000010100010010000000001101,177,951ms
011010010000000000000000101001100100,100000101000000000111000000100010010,000001000001110010000101010010000000,000100000110001101000010000000001001,57,18198ms
100100101000100001000000100001000010,000000010010001010100010010110000000,001001000101000100010100000000101000,010010000000010000001001001000010101,120,1785ms
000011010010000110000000000010000011,000100000000111001000010001000110000,010000001001000000101000110101000000,101000100100000000010101000000001100,81,1916ms
111101001000001000100000000001000000,000000010011110000011000000010001000,000010000000000001000101010100000111,000000100100000110000010101000110000,157,64ms
111101011000000000000100000000000001,000000000011010001000011011000100000,000000100100101010010000000011000010,000010000000000100101000100100011100,131,2676ms
000011001100000011001000000000100010,001000100001010000010100011010000000,100100000010001100100000000100000101,010000010000100000000011100001011000,128,5951ms
111011111000000000000000100000000000,000100000000001000110000001001100101,000000000100010101001010010100010000,000000000011100010000101000010001010,144,1502ms
000010111000000000010001110000000100,101100000000011001000000001100010000,010000000011000010001110000001000001,000001000100100100100000000010101010,29,11637ms
101110011000000001000001000001000000,000000000010101000001010101100001000,010001000000000110100000010010010100,000000100101010000010100000000100011,161,1199ms
001100010010000000000010101100010000,110001000001010010010000010000100000,000010101100100000000001000001001010,000000000000001101101100000010000101,74,7717ms
111111000000000000000010000000000011,000000000100010011001101000000001100,000000010011101100010000001001000000,000000101000000000100000110110110000,124,3742ms
001100011000001110100000000000001000,000010000010010001000010010000100101,100000100000100000010101001000010010,010001000101000000001000100111000000,116,3419ms
000001111010011000000000000101000000,100000000001100001000010100000110010,010000000000000110101100000010001001,001110000100000000010001011000000100,71,20374ms
110100111110010000000000000000000000,001000000000000111001010001010001000,000001000000001000010100110001100100,000010000001100000100001000100010011,157,283ms
000110100000001100010000000000010110,000001000000010000101000001001101001,101000001001100000000101000110000000,010000010110000011000010110000000000,111,29579ms
101111110000000000000000001001000000,000000000110010001001000110100000001,010000000001001110010010000000010100,000000001000100000100101000010101010,147,3530ms
000100010010001000001111000000010000,100001000000000100000000110100000111,011000100100000011010000000001001000,000010001001110000100000001010100000,80,8008ms
111111101000000100000000000000000000,000000000000001000001011000101111000,000000010010000010100100011010000001,000000000101110001010000100000000110,177,4264ms
001101101010100100000000000000000010,000000000100000010011000101100100001,110000000000011001000101000000001100,000010010001000000100010010011010000,157,2194ms
110101000001000110000100000000000010,000000000110100001011001000010000100,000010110000001000100000110101000000,001000001000010000000010001000111001,157,4127ms
001001010000000000110000010010010100,110100000011100001000000001100000000,000000100100011100000001000001001001,000010001000000010001110100000100010,64,15839ms
110101100000000000101000100001000000,000000001001001001000100000110100100,000010000110110000000011000000010001,001000010000000110010000011000001010,135,2002ms
001010010000101000100001000010000010,000000001010000100010000100100111000,000000000101010011001100001000000001,110101100000000000000010010001000100,28,31976ms
000101010100000110000100001000000010,000000000001101001000001010100001100,000010101010000000011010000001000001,111000000000010000100000100010110000,40,1749ms
000001011001000000000001100000010110,000100000000010001011010001100100000,110010100010101000000000000001001000,001000000100000110100100010010000001,142,3830ms
101001110101000000000000000000001100,010000001010001010000110100001000000,000110000000010001000001011010000010,000000000000100100111000000100110001,122,18627ms
111111001010000000000000000000001000,000000100000100001010110100001000010,000000000101001100101000010000010001,000000010000010010000001001110100100,177,617ms
110100010000100100000000001000100010,001000100010000000011000100001000101,000000000001001010100011000110001000,000011001100010001000100010000010000,142,9684ms
111000000110000011000000001000100000,000000000000011000100000110011010010,000110000000100000001011000100001001,000001111001000100010100000000000100,164,4400ms
111011001001100100000000000000000000,000000010010010011110000010000000010,000100000000001000000011001011110000,000000100100000000001100100100001101,126,5374ms
100000001001000111000000011001000000,000100000000111000100001100000110000,001010100100000000011010000000001100,010001010010000000000100000110000011,89,5389ms
111011110000001000001000000000000000,000100000000000000100110001001001110,000000001100000011000000010110010001,000000000011110100010001100000100000,157,5974ms
100100111000000000010001001000100000,001010000000010101001010000001000100,010001000011000010100100000100000001,000000000100101000000000110010011010,157,252ms
110111111000010000000000000000000000,000000000011000000010100010000110110,000000000000100001001010101001001001,001000000100001110100001000110000000,152,1252ms
010110101001101000000000000000100000,001000010100000100010010000110000100,000000000000010001001101011000011000,100001000010000010100000100001000011,74,37484ms
000111101000000010100100001000000000,011000000000100000000011000100001110,000000000110011100011000010000100000,100000010001000001000000100011010001,103,25566ms
010000011100000000010011000000001100,101001100000011000000000100010000010,000000000010000110100000001101010001,000110000001100001001100010000100000,86,10540ms
101010001000000100100000000001001010,010000100010110001010000001000000001,000001000100000000000110010110010100,000100010001001010001001100000100000,139,4912ms
101100010001001000010000011000000000,000001001010010101000101000001000000,010000100000100000100000100110000110,000010000100000010001010000000111001,157,840ms
001011010100100000000000000100010100,000000001010000111100000010000100010,000000100000010000001110101010000001,110100000001001000010001000001001000,82,4650ms
101101100000000101000000001001000000,000010001101000000100001000000110010,000000010010111000001010100000001000,010000000000000010010100010110000101,107,9894ms
101011000000000010000101000010010000,010000101010000100000010010100000001,000100000001101001101000001000000010,000000010100010000010000100001101100,95,8759ms
011000000000011101000010010000000001,000100000100000000101100100011010000,000011001010000000010001000100100100,100000110001100010000000001000001010,66,5994ms
011111101000001000000000000001000000,000000000010110010000011101010000000,000000010001000101000100000000111001,100000000100000000111000010100000110,98,21060ms
011010000110000000000000110001000001,100000001001001111000000000110000000,000000010000100000110110000000001110,000101100000010000001001001000110000,76,10033ms
010111110001000000110000000000000000,001000000100011000000010001100011000,000000001010000011001100100010000001,100000000000100100000001010001100110,116,5015ms
111001010000000100100000010001000000,000010100010010010001010000000000110,000000001100100001000001100010011000,000100000001001000010100001100100001,143,1149ms
111010011100000000000000000110000000,000101000000000110010010001001000001,000000000001101001000100110000010100,000000100010010000101001000000101010,157,35ms
001011110000001001000000101000000000,010000000000000010100000000000111111,100000001001000100001011010001000000,000100000110110000010100000110000000,108,8679ms
100110011001000111000000000000000000,010000000000010000000111110010100000,000001000100000000110000001101001100,001000100010101000001000000000010011,156,1900ms
100010110100000000011000010001000000,010100001000011010100010001000000000,000000000000000000000001100110101111,001001000011100101000100000000010000,88,61629ms
110100001010001001000000000000001100,001001100000000100011000010001000001,000010010101010000000010101000100000,000000000000100010100101000110010010,120,35764ms
100010010011000000011000001000010000,011000001000100001000010010110000000,000101000100001110100101000000000000,000000100000010000000000100001101111,126,4413ms
000111110000011000000010000000010000,101000001110100000000000001001001000,000000000001000110000101110000100100,010000000000000001111000000110000011,41,5146ms
100111110000000000100001000000010000,000000000101110010000010000010100100,000000001000001101010000110100001000,011000000010000000001100001001000011,155,1768ms
100010011111001000000000000010000000,010100000000010110000000000000110101,000000000000000000111100110101001000,001001100000100001000011001000000010,118,52047ms
100110100000011000001000100010000000,000000001100100001000010010100100100,011001010011000010100000000001000000,000000000000000100010101001000011011,156,8238ms
010010000000010000100000011010001100,001001010001100100001010100000000000,100100100000000000010101000100110000,000000001110001011000000000001000011,157,118412ms
110001110100000000000010000010010000,001100000000001000000100111001000100,000010000000010100001001000100101001,000000001011100011110000000000000010,157,1319ms
000110001000001000100100001000100010,000001000000010010000011100010010100,001000000111000001010000000001001001,110000110000100100001000010100000000,82,6629ms
000011110000000010000101000100000100,000000000000011001010010010001110000,110100000110000000100000100010001000,001000001001100100001000001000000011,157,35ms
111101100000000000100000000011000000,000000011011000100000000111000100000,000000000100010011000011000100000101,000010000000101000011100000000011010,157,111ms
100101110000100000100000000000100010,010000001101000011000101000000000100,000010000010010100001000010001011000,001000000000001000010010101110000001,97,7862ms
001111001000000011000000000100000010,010000100000001000101000110010001000,100000010110010100010001000001000000,000000000001100000000110001000110101,177,3562ms
011010011110000000001010000000000000,000100000001001100000000110100011000,100000100000100010000001001011000100,000001000000010001110100000000100011,143,667ms
110101010000000000000010010100010000,000000001100101000110100001010000000,001010100010000001001000100000000101,000000000001010110000001000001101010,129,13499ms
011100111000100000001000000000000100,100001000010011000010000000001010010,000010000101000010100001000100100001,000000000000000101000110111010001000,122,2677ms
010010011100010001000001000100000000,100101000011000010000010001000000100,001000000000100000010100100010101010,000000100000001100101000010001010001,80,15997ms
001110011001000000000000100100000100,110000000110000000000011010000100010,000001100000110000010100000011010000,000000000000001111101000001000001001,87,3354ms
011000110000010010000100100000100000,000010001000001100010011011000000000,100000000101000000100000000111010100,000101000010100001001000000000001011,157,5033ms
100101010001000000100010100000010000,000010000000011010001100010000101000,010000101110000101010000000000000001,001000000000100000000001001111000110,157,1162ms
111000100010001000010000000000000101,000000000000110000101000001011101000,000100001001000001000101100000010010,000011010100000110000010010100000000,109,10522ms
010101001000100000000000100000010110,001010110010011000000000000000001001,100000000101000000011110000001100000,000000000000000111100001011110000000,114,74135ms
100000011000001010100100100000000001,000111100010000000000001010010100000,000000000001100100001000001001011100,011000000100010001010010000100000010,68,3103ms
011011010010000001000000000000001001,000100001000000100000101100001100100,100000000001010010001000011100000010,000000100100101000110010000010010000,146,10863ms
111100101000001011000000000000000000,000001010010000100001100000001100001,000010000000000000000011011100011010,000000000101110000110000100010000100,150,5942ms
001110110000000000001010100010000000,010000000010011000110100000000000101,000000000100100110000000010001110010,100001001001000001000001001100001000,66,7376ms
010001000010000010100100101010000000,101000100100010000001001010000010000,000100010001000100000000000100101011,000010001000101001010010000001000100,74,26006ms
101000011001000000000101000010001000,000110000100000000001010100000000111,000000100010100110000000011001100000,010001000000011001110000000100010000,79,1982ms
100010111000000000010010010000000100,000000000001010000000000100111001011,001001000100100010100001001000010000,010100000010001101001100000000100000,132,16235ms
011000111001000000000100000000010100,000100000000011001010000101110000000,100001000100100000001010000000101010,000010000010000110100001010001000001,136,6018ms
011111011000000010000000000001000000,000000000001000000001010001010010111,000000100000001101000101000100101000,100000000110110000110000110000000000,125,14895ms
001001101000010001010000000000000101,010100000110001100000010000101000000,000010000000000010100000111010100010,100000010001100000001101000000011000,41,2191ms
101110001110000000000000001000100000,000000000000000101001000110100011100,010001000000011000110011000000000010,000000110001100010000100000011000001,177,722ms
100101101000100010010000000100000000,011000000010000100000010011000001010,000000010101001000000100100001100001,000010000000010001101001000010010100,129,281ms
111100001001000000100001000100000000,000000010100110000010100010000101000,000000000000000111001010101000010100,000011100010001000000000000011000011,132,15617ms
111011101001000000001000000000000000,000000000000001110100100001100100010,000000000000010001000011010000011101,000100010110100000010000100011000000,125,10814ms
000100100000001000000011000011100010,100001000011100010010000010000001000,001010011100000000001000100100010000,010000000000010101100100001000000101,62,1879ms
010001100110100100000100001000000000,001000000000000001100001100100100011,000000000000001010011000010011011000,100110011001010000000010000000000100,52,130946ms
010110010000000100000100000000100101,000001100000110010110001001000000000,001000001011000001000000000101010010,100000000100001000001010110010001000,105,418296ms
010011100100000000100000000010001010,100000011000101010000000010100010000,000000000000000000010101101001100101,001100000011010101001010000000000000,77,44113ms
011010111000000010000000100000000010,100000000000010100100111010100000000,000100000011100000011000000010001100,000001000100001001000000001001110001,65,28575ms
000010100100010100000000010100100001,101000010000100000110001000010001000,000101000011001000001010100000010000,010000001000000011000100001001000110,42,11010ms
101100111000000000000010000010001000,010001000000001001100001010000100010,000000000110010100011100000000000101,000010000001100010000000101101010000,102,5956ms
111010001000000010000000100001000100,000100000100100100000000001100101001,000001110011010000001000010000000010,000000000000001001110111000010010000,132,12273ms
100010101000000000101000011000001000,000000000001001000010101000011100010,000100010110110100000010100000000000,011001000000000011000000000100010101,124,272461ms
100000000000000100010100101010000011,000110101100000001000000010001000100,010001000011001000000011000000101000,001000010000110010101000000100010000,75,3756ms
101101101000010100000000000000010000,000000000000101000001010111100001000,000000000101000011100001000001100100,010010010010000000010100000010000011,128,23450ms
001001110100000000000000000010001101,000110000001000000011010001101000000,110000000000111110000000000000110000,000000001010000001100101110000000010,152,2936ms
011001100000010000010011000000010000,000000010111000100100000000011001000,100010001000001010001100100000000010,000100000000100001000000011100100101,134,3884ms
001111101001000000000100000000000001,100000010000010001100000100110001000,010000000010001010011011000000000010,000000000100100100000000011001110100,82,18075ms
001100000000010000000010010001001110,100000010001100001001100000000100001,010010001010000100100000101000010000,000001100100001010010001000110000000,63,4876ms
101110010000000010000000010001100000,000000000000001100011101101000000001,000001100111110000000000000000010010,010000001000000001100010000110001100,177,6469ms
101100101000010010000010000000100000,010000010000100000000100000011011001,000011000010000000101001110000000010,000000000101001101010000001100000100,129,26433ms
001010001100001001000110000000001000,100001100000000000100001011010000010,010100010010000110000000100100100000,000000000001110000011000000001010101,75,53852ms
110011111000000010000000000000000001,000000000000000001110111001100100000,001100000011010000001000110000001000,000000000100101100000000000011010110,143,25147ms
010011010010010100000010001000000000,100000101000000000101001000000101010,001100000101100000000100100100010000,000000000000001011010000010011000101,97,63654ms
101001111000000010010000000000010000,010010000000010000001000110010100001,000000000100101001100011000101000000,000100000011000100000100001000001110,139,1785ms
111101110000000000001000000000010000,000000001100000011110000101001000000,000000000001001100000101010000101100,000010000010110000000010000110000011,109,3620ms
110111011000000000100000000001000000,000000100000001000000001100110001011,000000000000110011000110010000110000,001000000111000100011000001000000100,161,1000ms
011010101000001010010000000010000000,000100010110000001100000000000000111,000000000001000100000111010100011000,100001000000110000001000101001100000,74,13845ms
001110001100100000000000100000101000,100001100000010010010001010000000010,000000000000001000000110000111010101,010000010011000101101000001000000000,80,99128ms
010010100001000100010100000000001010,000101000000101000100011000000010001,001000001000010011001000110000100000,100000010110000000000000001111000100,40,6183ms
101111011101000000000000000000000000,000000000000000100000111001000111100,010000000000110001011000000111000000,000000100010001010100000110000000011,177,69ms
100100100010001000000000100010100010,000010010000100110101010000100000000,011001001000000000010000001001001100,000000000101010001000101010000010001,144,22741ms
100101000000000101100001000011000000,010010000000001000010100011000010100,001000000010110000001010100100001000,000000111101000010000000000000100011,105,2708ms
111000001001000000001000000101000001,000011010010100000010100001000001000,000100100000000111000010100000100100,000000000100011000100001010010010010,116,16414ms
010110111000000000000100100000010000,100000000000110000001010001100001010,000001000101000110100000010000100001,001000000010001001010001000011000100,108,6139ms
110111100000001000000000000000100001,001000010000100000110011000001000100,000000000011000111000100010010001000,000000001100010000001000101100010010,138,22330ms
001011011010000000000001010000001000,100100100100000000001000000000110101,000000000000011001010010101110000000,010000000001100110100100000001000010,64,7244ms
010001110110000000000000000010110000,000000001000100111001000001000001010,000000000001010000110011100001000100,101110000000001000000100010100000001,89,3797ms
100010001110000001000001000000000011,001001100000010010100100000001001000,000000000001001100010000110110100000,010100010000100000001010001000010100,90,8519ms
101001011000000000100000001101000000,000110100000000000010011000010010010,010000000011100101001000000000001100,000000000100011010000100110000100001,139,8991ms
110001111000000000000100100000010000,000010000100100001110000000000101100,001100000001010100000001010001000001,000000000010001010001010001110000010,114,2131ms
100001101100010000000000000010100010,011000000010100010000000100101001000,000010010001000000001011000000010101,000100000000001101110100011000000000,110,31737ms
101001000000001101000000000111000000,010000010110010010000001000000000101,000100101001000000000110101000001000,000010000000100000111000010000110010,115,7788ms
111100110000010000001000001000000000,000010000001000100100100000011110000,000001000100001010000010110100000010,000000001010100001010001000000001101,150,846ms
101100001101000000010100100000000000,000010110010000010001001010010000000,010000000000110100100000001101000100,000001000000001001000010000000111011,157,932ms
111000110000100010000000010001000000,000001001011011000000010100010000000,000000000100000001111101000100100000,000110000000000100000000001000011111,157,5473ms
011010001010000000000101000000011000,000000000001100001101000010101000010,100001000100011100000000001010000100,000100110000000010010010100000100001,157,2554ms
001111011000000000000010001000000010,000000100010001100010000010000100101,010000000101000000001001100110010000,100000000000110011100100000001001000,119,3627ms
100001001001001101000000000000001001,001000100000000000011001101001000100,000100000110000010100100010000100010,010010010000110000000010000110010000,84,48050ms
001101100001010001000000000001100000,100010000010001000100100010010001000,010000000100100100010010100100000001,000000011000000010001001001000010110,119,7633ms
001001011010000000000011001000010000,110000000000000100011000000000100111,000000100101100010000000110001001000,000110000000011001100100000110000000,50,2398ms
001011101000000000000000000000001111,000000000010100101001000000110110000,110000010000000010110001100001000000,000100000101011000000110011000000000,144,24000ms
101111101010000000000000000000010000,000000010100011100000000010101000010,010000000000100000101101101000000001,000000000001000011010010000010101100,160,2972ms
111110010010010000000000000000100000,000000000001000011011000010010010010,000001100100101100100001000000000001,000000001000000000000110101101001100,177,2729ms
101000101101000000000001010000000001,000100000000100001101100000000011010,010010000010000100010010000011000100,000001010000011010000000101100100000,136,408ms
111111011000000100000000000000000000,000000100000000011001101010100000001,000000000110100000100000100010101010,000000000001011000010010001001010100,177,200ms
011011110100000000000000000000100001,100000001010000011100000010000010100,000100000000110100000100100110001000,000000000001001000011011001001000010,120,6540ms
001011001001000010000000000010011000,000000000000010001011000110100000110,010000100010000000000101001001100001,100100010100101100100010000000000000,63,77190ms
100010000001000000000011010000001110,000101000110000001010100000001100000,000000101000111000000000001010010001,011000010000000110101000100100000000,45,7467ms
111000010000000000000000100100000111,000000100100110000100111001000000000,000010000001000111011000000000110000,000101001010001000000000010011001000,109,29554ms
000100000001100000010100000001011010,100000100100000010101000010110000000,010010000000011101000010100000000001,001001011010000000000001001000100100,18,901ms
010000111100100000000001000000001001,001100000001010000010100010010000010,100001000010000001100000001001110000,000010000000001110001010100100000100,137,375ms
011100000000110010000010000001010000,000001101111000000000000000010001001,100010000000001000001000111100000100,000000010000000101110101000000100010,112,15880ms
010100100010000010101001001000000000,000011001001001000010000010000001100,101000000000100001000110100100000001,000000010100010100000000000011110010,143,12838ms
101011100000000001001100000010000000,000000010001001110100001000101000000,010100000100100000000000011000000111,000000001010010000010010100000111000,121,3283ms
110010110010001000100000000000000001,000000001000000100010010110110000010,000101000000010010001100001000100100,001000000101100001000001000001011000,132,1437ms
111001110000000000000000000110001000,000100000001111001010001001000000000,000010001010000100000010110001000010,000000000100000010101100000000110101,157,3173ms
110100101000000000000100001001100000,000000000010101001100000110100010000,000000000101010110000010000010001100,001011010000000000011001000000000011,108,69928ms
110111001000001100000000000000000001,000000000101100000000010010101100100,000000010000010000111001001010000010,001000100010000011000100100000011000,139,12304ms
001010110000000110000100100000000001,000100000001001000000001010001011100,100001001010110001010000000000100000,010000000100000000101010001110000010,110,7787ms
110000000100101010010000000011000000,000000010000000000101000001100010111,001111000010000100000101000000001000,000000101001010001000010110000100000,177,13268ms
000001110010010110000100000000000100,001000000100100000011000000100111000,110010000001001001000010000010000001,000100001000000000100001111001000010,110,27440ms
011010100000011100000000000001001000,100001001000000000000110000110100010,000000000100100011110001010000000100,000100010011000000001000101000010001,81,70431ms
111011100100000000100000000010000000,000000001001100000010000001000101110,000100000010011010000110100000010000,000000010000000101001001010101000001,157,105ms
110110010000000000000000000110010010,000000001010100000100011001000001100,000001100100011011000000000001000001,001000000001000100011100110000100000,177,977ms
111010110000000000000000001001001000,000100000001010000000011010110000001,000000000000001101011100000000110100,000001001110100010100000100000000010,121,16191ms
010010001101000100000000000100101000,100000110000000011000000001011000100,000001000010111000000011000000010001,001100000000000000111100110000000010,63,70127ms
101000001000010010001001000000100010,000010100110001000000010000101001000,000101010000100000100000100010010001,010000000001000101010100011000000100,126,6197ms
110110100000000000100100100000100000,000000001101101010000010010000001000,000001010010000100000000001011010100,001000000000010001011001000100000011,177,1147ms
101111001000001001000000000001000000,000000010001100100000000100110010010,000000000110010010100110000000100001,010000100000000000011001011000001100,163,19811ms
000011100000000000011000110000100100,000000010000110001000011000110001000,001100001110000110000100000000000001,110000000001001000100000001001010010,62,13928ms
011100001000011000000011000000000010,000000100000100000001000011110011000,000000000101000110110000000001000101,100011010010000001000100100000100000,89,22882ms
110110101000010000000110000000000000,000001010000001010010001000011100000,001000000011100000001000111000000001,000000000100000101100000000100011110,160,963ms
000100001100000001001011001000001000,100000010011000010000000000100010101,000000100000001100110100100010100000,011011000000110000000000010001000010,13,15630ms
010011101100010000000001000000010000,001000000010100101000000010000101100,000100000000001000011110001100000001,100000010001000010100000100011000010,92,10676ms
011011011000100100000000001000000000,100000100011000011100000110000000000,000100000100011000001011000100100000,000000000000000000010100000011011111,101,103801ms
010001010010100100000001000100000001,000000000000011001001110000011000100,001010101100000000000000110000110000,100100000001000010110000001000001010,95,5980ms
001001100000100011000000000000010011,000000010001001000001110001100001000,000100000000010000110001010010100100,110010001110000100000000100001000000,31,22884ms
001011111100000000000000000000101000,000100000000011101010001100000010000,110000000001000000101100001001000001,000000000010100010000010010110000110,157,443ms
000111100001000000000001000000010101,001000000110100011001000100000000010,010000010000010000110000011001100000,100000001000001100000110000110001000,85,5984ms
100010100000000100100000100000001011,000000010001100010001011000001010000,000000001000000001010100011100100100,011101000110011000000000000010000000,69,14570ms
110001011000000000001001110000000000,001100100100000110010010000000000001,000000000001100000000100001110110100,000010000010011001100000000001001010,102,61437ms
011101100000000000001100001100000000,000000001000110000010001010001000011,100010010000001011000000100000011000,000000000111000100100010000010100100,144,855ms
100101001100001101000000000000000010,000010010000000010010110001001010000,010000100001000000000000100110001101,001000000010110000101001010000100000,157,4399ms
111110111000000000000000000000100000,000000000000111000100110000000010110,000000000101000001010001011010000001,000001000010000110001000100101001000,154,1506ms
010100110000100000010000011100000000,000000001100000100100110100010100000,100000000000001011001000000000001111,001011000011010000000001000001010000,106,26629ms
100100000000001100001100000100110000,001010000111000011000010010000000000,010000100000110000010000001010001001,000001011000000000100001100001000110,91,76336ms
011101010000001000000100100001000000,100000001000100001011000001010000100,000010000001010000100010010100000011,000000100110000110000001000000111000,102,11936ms
011000101101100000000100000000000010,100000000000001000001001010000110101,000000000010010101110000100101000000,000111010000000010000010001010001000,92,51782ms
110000010000000010101000001000110000,000010100001000101010000010010000100,000000001010111000000001100100001000,001101000100000000000110000001000011,114,1174ms
010101111000000000000000000001100100,000000000000010111000110001000000011,001010000001001000010000100110010000,100000000110100000101001010000001000,116,36779ms
011110001001000000010001010000000000,000001010000011101000000000000100011,100000100110000000101100100001000000,000000000000100010000010001110011100,177,2928ms
100011111000100001000001000000000000,000000000000000110001100101000010101,001100000011011000010010000000100000,010000000100000000100000010111001010,128,1817ms
010101101000000000010000000000110010,000010000000111000000101000100001001,001000010011000110101000100000000000,100000000100000001000010011011000100,121,8293ms
110101011110000000000000000000010000,001000000000101010011000000001001100,000010000001000100100000101010100010,000000100000010001000111010100000001,133,547ms
101101000000011010100000000000000001,000010011010100000000000010000111000,010000100000000101001010000110000100,000000000101000000010101101001000010,150,546ms
001011100100100000000101000000010000,000000010001000110110010000000100001,000100001000011001001000000101000100,110000000010000000000000111010001010,80,4207ms
110011010001000000001000000000110000,000000000010100000100010011000000111,001000000000011111000100000010001000,000100101100000000010001100101000000,100,5724ms
111001101000000100000000000110000000,000100000000111000000000110001001001,000010010100000011001010001000000010,000000000011000000110101000000110100,157,33ms
000010000110000000010110001000010100,110000111000000000100001000100000010,001100000001010110001000000000100001,000001000000101001000000110011001000,0,2447ms
100110111000001000000000100100000000,000001000100000110011001001010000000,011000000011000001000010000001010001,000000000000110000100100010000101110,177,646ms
000100111000100010000000011000000010,001001000001000001001001000001110000,000010000000010100100000100010001101,110000000110001000010110000100000000,21,995ms
100111100000000000000000100000010110,011000000000001000001100011101000000,000000011101100110000010000010000000,000000000010010001110001000000101001,116,24728ms
111100011000000000001000101000000000,000000000100100011110001000001000100,000010100000001100000000010000110011,000001000011010000000110000110001000,142,2546ms
011111001001001000000000100000000000,100000000100000001111010000000100001,000000110010000000000000010111010010,000000000000110110000101001000001100,117,11659ms
110001101001000001000000000000011000,000000010100001010000010110001000010,001110000000110000001000000100000101,000000000010000100110101001010100000,157,7458ms
000000010001010010000000100010011010,100100000100000001011101000001000000,000011001000101000100000001000100100,011000100010000100000010010100000001,11,1073ms
101011001000000000100100100000001000,000000000001100001010001011101000000,010100100110000100001000000000010010,000000010000011010000010000010100101,157,1103ms
111011011000000000001000000010000000,000100000000001100110010010001100000,000000100010100000000101000000010111,000000000101010011000000101100001000,125,2807ms
001001111000000000000000000011100010,100010000000000110110000010000001001,010100000110000001001100100100000000,000000000001111000000011001000010100,116,15073ms
011110011000001000100000000000000100,000001000010000101010000010100101000,000000000100100000000111101010000010,100000100001010010001000000001010001,121,20928ms
001110000001101001000000100000010000,010000000000000010110001010000001101,100000100100010100001100000010000010,000001011010000000000010001101100000,124,12556ms
000111001000011010000010000000000001,100000010000000100100001110110000000,000000100101000001001000000001101010,011000000010100000010100001000010100,58,7085ms
011001101000101001000001000000000000,000110010000000000000000011101000110,100000000110010000100110000010010000,000000000001000110011000100000101001,157,16975ms
001011000010100010000100000101000000,100000000001000001010011000010000101,010000110100010000001000110000001000,000100001000001100100000001000110010,93,4523ms
000011101000100000000001100000101000,101000000000000100001010001011000001,000100000100011011100000000000010100,010000010011000000010100010100000010,48,1406ms
111110011000000000010000000100000000,000001100000001100000000011010000110,000000000011110001101000000000100001,000000000100000010000111100001011000,177,194ms
010000001110010000010000110000000001,100001100000001100001000000110010000,000110000001000010000101001001001000,001000010000100001100010000000100110,54,3789ms
000110011101000001000000000010100000,101001000010000000100111000100000000,010000000000011100010000100000000111,000000100000100010001000011001011000,97,7135ms
110111000100000100000000001000001000,000000111001000000001100000110000100,001000000000011000110010100001100000,000000000010100011000001010000010011,177,1499ms
001001000010000001000101100000101000,000100000100100100010000001010000011,100010100001001010101000010000000000,010000011000010000000010000101010100,95,33201ms
010111000000000111000000000001000001,000000000101100000100011100010000100,001000110010001000010000001100000010,100000001000010000001100010000111000,108,28982ms
001110010000000001000000010011100000,100000000011000100010001000100000011,000000000000111000001110001000010100,010001101100000010100000100000001000,47,42017ms
110110001001000010000100000100000000,001001100000011100000001010000000010,000000000100100000010010000001110101,000000010010000001101000101010001000,149,12776ms
111100100010000000000000000010101000,000011000001011000001000000101000100,000000011000000011100011110000000000,000000000100100100010100001000010011,157,2691ms
101101110000000000000001100000100000,000000001010111101100000000000000100,000010000000000010001110011010000010,010000000101000000010000000101011001,129,3249ms
001100101010000011010000000000000100,000001000100000000000011100011100010,010000000001111000000000010100001001,100010010000000100101100001000010000,77,13962ms
001000000010100001000110100101000000,010110001100011000000000010000100000,100000010001000110000000001000001101,000001100000000000111001000010010010,58,11521ms
001101000001000000000001001100001010,100000010100100100000110010000000100,000010100010001000100000100010010001,010000001000010011011000000001100000,67,2217ms
101100110000001100001000000100000000,000011000000010010010001000000100110,010000000111100001000000101010000000,000000001000000000100110010001011001,157,4465ms
111111110000000100000000000000000000,000000000110011010000100000100100010,000000000000000001110011101000001100,000000001001100000001000010011010001,163,1043ms
010100010110100000000000000110000100,000011000000001010000011001000100001,100000100000010100001100100001010000,001000001001000001110000010000001010,157,387ms
110100110000001000000001000000001100,000010001111000011000100000000000010,000000000000110100101010001010000001,001001000000000000010000110101110000,131,96106ms
000011000001101000100001010100000000,101000010000000000001000100000010111,010000100010010110010010000001000000,000100001100000001000100001010101000,57,22573ms
110000100011101010000000000000010000,000100010000010100000100100100100001,000001001100000001001001000010001010,001010000000000000110010011001000100,134,41239ms
101011111011000000000000000000000000,000000000000000011101100000010100110,000000000100110000000001111100000001,010100000000001100010010000001011000,132,3074ms
000010101000000011000001100000000101,000000000111001000011000001100000010,110001010000100000000100000011010000,001100000000010100100010010000101000,102,9470ms
001111111000000000000000000110000000,000000000001101110000001101000000100,110000000010000000110010000001010010,000000000100010001001100010000101001,177,37ms
001000100010001100000000110101000000,010100001000000001000101000000000111,100001000001010000111000000010100000,000010010100100010000010001000011000,112,478ms
111000111000010000110000000000000000,000000000000100010000100110100110001,000101000101000000000011000010001100,000010000010001101001000001001000010,157,23ms
110100000101100000000001100100000000,000011101000000000001000000001110100,000000000010011100110100001000000001,001000010000000011000010010010001010,136,11058ms
110010111000000000001000010000001000,001001000101001010010010000100000000,000100000010000000000101101010110000,000000000000110101100000000001000111,106,29158ms
011001000000110100000000100001000010,000110000100001000001001000100101000,100000110001000010100100000010000100,000000001010000001010010011000010001,137,906ms
101010111000010000000000001010000000,010100000010000000101001000100010100,000000000001001111000110000001000010,000001000100100000010000110000101001,84,15848ms
000000100011000001010100010000001001,110000000000010000100001101010100000,001000011100000110000010000001000010,000111000000101000001000000100010100,32,3724ms
101010101001000000000101000000000100,000101010100000010100000001001010000,000000000000010001011000100100101001,010000000010101100000010010010000010,111,15946ms
101101011010000000000010010000000000,010010000000100100100100100110000000,000000000001001011000001000000011101,000000100100010000011000001001100010,96,25910ms
111111010000000010000100000000000000,000000000000111001000010000000011110,000000101001000000010001101000100001,000000000110000100101000010111000000,154,3983ms
100111000000100110000100000000001000,000000110001001000100010000101010000,001000000100000001010000110010100010,010000001010010000001001001000000101,150,1667ms
010110001000010010000000010001010000,001001000000001101000010000100001010,100000110010000000101101001000000000,000000000101100000010000100010100101,177,44011ms
101101010000001000000000000110010000,010000101000000001001000001000000111,000010000001000110110001100000001000,000000000110110000000110010001100000,128,10571ms
110000011001100001000000001000100000,000000000010011010000010010001010010,000001000100000100101100000100001100,001110100000000000010001100010000001,120,31456ms
001000010010001100101000001000100000,010011001000010010000001000000000110,100000100000000000000110110111000000,000100000101100001010000000000011001,109,1526ms
011001011000000000000000110010001000,000010000010000011110100000100000001,100000000001010100000011000001000110,000100100100101000001000001000110000,157,2322ms
001100110100000010100000000000001100,110000000011100100000000000101000010,000000000000000001011011011010000001,000011001000011000000100100000110000,65,10676ms
011011001000000010000100010010000000,000100000100100001110001100001000000,100000110011011000001000001000000000,000000000000000100000010000100111111,157,28192ms
011001111000000100000001000001000000,000010000000010011001000010010110000,000100000110100000000100001000001110,100000000001001000110010100100000001,85,16208ms
011011111000010000000001000000000000,000000000001001100000100011100100100,100100000000100001000000100001011010,000000000110000010111010000010000001,146,8487ms
011100010000000000010001010000001100,000000000010010100101110000100000010,100000001001100010000000001011000001,000011100100001001000000100000110000,141,10950ms
111100010000000000000010000000011010,000001001000010100000001101000000101,000000100010101001001000010110000000,000010000101000010110100000001100000,143,351ms
110001010100010000100000000010010000,000000000010000001001011110100100000,001000001001000110000100000000001011,000110100000101000010000001001000100,123,3354ms
101110110101000000000000000001000000,000000000000101010001100000110100001,010000001010010001000000101000001100,000001000000000100110011010000010010,177,385ms
000001010100010000000001010010001100,010000000000100000001110001101100000,000100000011001001010000100000010001,101010101000000110100000000000000010,0,511ms
110011000001000000000010000110001000,000000000000100000101001100000110011,001000101100000100010100001001000000,000100010010011011000000010000000100,157,2058ms
000010001011000101000001000001000100,101000110000010000010100001000000001,000101000000101000000000110100010010,010000000100000010101010000010101000,6,640ms
001000110000000010011000000100100100,010101000000000000100100011001000010,100000001001010001000000100010011000,000010000110101100000011000000000001,95,39229ms
010000000010110000001000000011110000,100101010001001100000000000000000101,000000101000000011100001010000001010,001010000100000000010110101100000000,14,3740ms
