111110010001000000010000000001000000,000000000000011001000011000010010110,000001101100100000001000100000100001,000000000010000110100100011100001000,159,2738ms
100000010000000001011011000100100000,001000101100010000000000101001000001,010110000010000100000100010000001100,000001000001101010100000000010010010,157,776ms
101100000000001000010010000000000111,010010001001010010100100010000000000,000001010110000001001000000001101000,000000100000100100000001101110010000,105,21411ms
110100001000101000001000000001001000,001000100001010000110000000100000101,000001010010000100000001011010000010,000010000100000011000110100000110000,95,3785ms
001101111010010000001000000000000000,100010000000100001010010010101000000,010000000000000100100100101010100010,000000000101001010000001000000011101,100,16182ms
100110100001000010000000001100010000,010000010010110000111000000000000010,000001001000001000000110010011000100,001000000100000101000001100000101001,134,2416ms
010110010001010000000000000001101000,000000000000100001010001000110010101,101000001000001010101000011000000000,000001100110000100000110100000000010,177,20043ms
001111110000000000011000000000010000,010000001011100001000100000000100010,000000000100010100000010101100001100,100000000000001010100001010011000001,96,21917ms
000001100000100000101110000000101000,010100000010000101000001010100000001,100010000100001010010000000010010100,001000011001010000000000101001000010,111,646ms
100010011000000001100001000000100100,000100100100100010010000110000000001,000000000001011100000000000111011000,011001000010000000001110001000000010,103,34602ms
101001011000000100000000010000100001,000000000101110000011100000010000010,010010100000000010100010000100010100,000100000010001001000001101001001000,152,448ms
100100111001000000001001000000000100,011000000000100001000110000100100001,000001000010011010100000001010001000,000010000100000100010000110001010010,102,2429ms
000110010000000100100100000011000100,000001101000000001001001001000100010,110000000010101000000010010000010001,001000000101010010010000100100001000,153,2797ms
101110110000100000100000100000000000,000000001000010100011000010101000100,010000000110000010000010000010011001,000001000001001001000101001000100010,177,296ms
100111011000010000000001000000100000,000000000010100000001100001101010010,001000100001000101100000010010001000,010000000100001010010010100000000101,141,1258ms
111111001000000000000000000000100001,000000110000110010000100010001000010,000000000110000000100001101100010100,000000000001001101011010000010001000,177,183ms
101100110000000000000101001000000010,000000001010000100101000010001010100,000011000001101001010000000010001000,010000000100010010000010100100100001,115,2213ms
110001001101111000000000000000000000,000000100010000000001101010010100010,001110000000000111000000000001011000,000000010000000000110010101100000101,177,12506ms
111011010000000000001000000000010100,000000101000001000010000011000100011,000000000010000110000111000011001000,000100000101110001100000100100000000,144,3178ms
100011011000000101010000000010000000,011100000000101010100011000000000000,000000100010010000000100100100000111,000000000101000000001000011001111000,73,12970ms
010000101101000000010000000001100001,001001000000001100100000110100000010,100100000000010010001111001000000000,000010010010100001000000000010011100,131,32331ms
100011010000000000000010001100001001,000000000000101010011000110000100010,011000101011000001000000000010010000,000100000100010100100101000001000100,157,1184ms
111101100000000010000000000000001001,000010001001000001111001000100000000,000000000100101100000010110001010000,000000010010010000000100001010100110,139,8308ms
010001011100000000000010001000101000,101000100000101100000100000010000100,000000000011010010111000000000000011,000110000000000001000001110101010000,69,4838ms
110110001010000000000000101001000000,001000000100000010010101000000101100,000000000001011000001010000010010011,000001110000100101100000010100000000,137,14858ms
110101000001000010000010000100000100,001010100100100100101100000000000000,000000001000011000000000000011110011,000000010010000001010001111000001000,117,119770ms
101010010100000000001000011001000000,000000100000101010010010000010010100,010000001000010101000000100100000011,000101000011000000100101000000101000,153,531ms
010011001001001001100000000001000000,100100000010000100000110000010001100,001000100000010010000001101100010000,000000010100100000011000010000100011,95,2114ms
001010110000101000100000001000001000,100000000110000110000001010010010000,010101001001010000000000100000000011,000000000000000001011110000101100100,61,17340ms
011011110001000000000001010000000000,100000001000000001000000101010100101,000100000010100110001000000100010010,000000000100011000110110000001001000,88,26850ms
111001110000000000001001010000000000,000000000010011100000000000011001110,000100000000100011110110000000100000,000010001101000000000000101100010001,157,568ms
010110000000011001010100000001000000,000001001000100010001010110000000010,100000010001000000100000001100111000,001000100110000100000001000010000101,177,4783ms
111001111000100000000010000000000000,000100000001010010001000000000101011,000000000000001101010000111110000000,000010000110000000100101000001010100,117,5225ms
111100111000001000010000000000000000,000010000100100000000000000110010111,000000000010010101101100000000101000,000001000001000010000011111001000000,157,5261ms
111110110000000010000000000000001000,000000000001100101001001001100100000,000001000100001000110000000010010101,000000001010010000000110110001000010,177,194ms
100010111000010000000000100001000001,001001000100000001001100000000001110,010100000001000000100011001100100000,000000000010101110010000010010010000,157,241ms
011111110010001000000000000000000000,000000000100010001010110000010000110,100000000001000110100000100100110000,000000001000100000001001011001001001,177,553ms
010001000110100000010100000001100000,001010010000000000001010001110000001,100000100000000001100001100000011100,000100001001011110000000010000000010,110,44059ms
001001000001000100100100010001010000,000100100000101001000000100100001100,110000011010000000011010000000100000,000010000100010010000001001010000011,140,2339ms
111010101000000001000010000000000010,000000000010011010010000010010101000,000101000001100100100000001001000001,000000010100000000001101100100010100,140,882ms
000010101000000000100001101000001001,000100000010010000000010010110000110,100001000100001010010100000001010000,011000010001100101001000000000100000,90,16638ms
110111010000000000000000011000000001,000000101001001010001110000100000000,001000000010110100110001000000000100,000000000100000001000000100011111010,177,836ms
101001000000000000001110010100010000,010010101001001010000000001000001000,000100000100010100100000100010100100,000000010010100001010001000001000011,131,5637ms
111111011000000000000010000000000000,000000100101001001010000000011000100,000000000010100010001001001100001010,000000000000010100100100110000110001,152,2865ms
001010111000100000100110000000000000,000001000100010000001000100010100011,100000000000001001010000010100011100,010100000011000110000001001001000000,139,7426ms
000011101000010000000010001100100000,000000000001000011000101100001001100,011000000110101100010000000010000000,100100010000000000101000010000010011,85,24452ms
111000010000010010000100001010000000,000001000101000000001010100101001000,000010100000000001110000000000010111,000100001010101100000001010000100000,135,1252ms
011010011001000000000100000000011000,000100100000011001100010000011000000,000001000110000100001000110000000110,100000000000100010010001001100100001,69,10185ms
100110001000001101000000000001001000,011001000101010000010000100010000000,000000110000000000100111000000100011,000000000010100010001000011100010100,120,116300ms
111101010001000000100000000000000010,000000100100000000001011110001100000,000010000000011111000100000000010001,000000001010100000010000001110001100,132,434ms
101010001010000001000000000011000001,010000000000100110100001001100000010,000101000100010000000010010000011100,000000110001001000011100100000100000,141,1204ms
010000010001000010000000000100011110,000110000100001000110010001010000000,001001000010000001001100010001100000,100000101000110100000001100000000001,53,16727ms
011000100000000011000000010000111000,100010001100001100000110001000000000,000001000000110000110001100010000010,000100010011000000001000000101000101,38,16299ms
110010100000100000011000001000000010,001100000100010100100000100000101000,000000000010001010000000010110010101,000001011001000001000111000001000000,157,17116ms
000011100000000100000101000011100000,100000001000000010111000100000001010,000100010101110001000000000000010001,011000000010001000000010011100000100,27,10565ms
100100001100001000000101000000110000,000011100010000100001010101000000000,000000000001100011110000010000001100,011000010000010000000000000111000011,75,122659ms
011111100000010000000000110000000000,000000000001000101100000001110100100,000000011110000010010000000001010010,100000000000101000001111000000001001,115,10242ms
000001110010000010000100010001010000,000000001100111001001001000000001000,100100000001000000010010101010100000,011010000000000100100000000100000111,69,7692ms
000111100000001010010110000000000000,000000000001000001101000011000100110,110000000110100100000000000101000001,001000011000010000000001100010011000,160,10011ms
011000111000000000000000000001011001,100011000000100000001010011010000000,000100000011010101000001000100000100,000000000100001010110100100000100010,112,23330ms
100100000000000001111000000100001001,011010010000001000000110100000000010,000000101110010100000001000011000000,000001000001100010000000011000110100,103,1975ms
011010101100000000000100010000000010,000001000010001000010000100100100101,000100010001000111000001000010010000,100000000000110000101010001001001000,89,9623ms
000100010001000001000001010011010000,110000000000011000001010001100001000,000001100010000110010100000000000011,001010001100100000100000100000100100,0,135ms
000001101010000000000010001101000100,000000010000001010001100110000100001,000010000001010100110000000000011010,111100000100100001000001000010000000,58,1692ms
100010000001110000010000000000110010,000101010000000000000011000011001001,011000100000000011000000111000000100,000000001110001100101100000100000000,92,32419ms
110010111000010000000010000000100000,000000000010000100101001010010001001,000101000000101010000100101000000100,001000000101000001010000000101010010,105,10147ms
101001101000110000000001010000000000,000110000110000011010000000010010000,000000010001000000001000101101001100,010000000000001100100110000000100011,105,10932ms
110110100101000000000001000100000000,001000010000000011000100000000111001,000001001010101000010000001010000100,000000000000010100101010110001000010,177,338ms
110110011000001010000000000010000000,001000000101010100101000001000010000,000000000000000001010101100001001110,000001100010100000000010010100100001,125,33206ms
101101110000010010000000000100000000,000010000011001000000010001001010010,010000000100100001000000110010001100,000000001000000100111101000000100001,157,74ms
111100010000000000110010001000000000,000011000110000110000001010000001000,000000101001100001001000000000100110,000000000000011000000100100111010001,157,434ms
100001111000001000000000010000100100,000000000001100100100110000111000000,011100000000010001010000000000011010,000010000110000010001001101000000001,122,5080ms
011111101100000000000000000000000001,000000010010010000100000100001100110,000000000001000111001100011100000000,100000000000101000010011000010011000,136,3809ms
000101110000001000001001001000000010,101000000001110000010010000110000000,000010001010000011000000110000010100,010000000100000100100100000001101001,36,2166ms
000111000001000100010000000000100110,010000110000010001100000010010000001,100000001110101000001010000001000000,001000000000000010000101101100011000,108,6151ms
110111100010100000000000000000100000,000000010001000001000100110110001000,001000000100000010110001001001010000,000000001000011100001010000000000111,177,149ms
010111101101000000000010000000000000,101000000000100000001001111010000000,000000010010010011100100000000100010,000000000000001100010000000101011101,120,14244ms
011101111000000000010010000000000000,000000000000110001001000010110001001,100010000100001010100000000001000110,000000000011000100000101101000110000,157,122ms
010000110000000001100000100000010110,000100000001000100010010010011000001,100011000100101000000001001000001000,001000001010010010001100000100100000,129,1646ms
101000110000000000000101100000100001,010011000000001000100010001001000010,000000001001100101010000000010001100,000100000110010010001000010100010000,70,26828ms
011000001001001001000000011000000001,100100010100010010001001000000000010,000001000010000000010100000010111100,000010100000100100100010100101000000,31,8154ms
101010110000000101100000000000010000,000100000101000000011011000010100000,000000001000111000000100101001000001,010001000010000010000000010100001110,95,3111ms
010001111000011100010000000000000000,100000000100100000000011000101001100,000010000000000001101100100010010010,001100000011000010000000011000100001,79,11728ms
001011101000000000000101001000010000,100000010000011000010000000011100100,000100000010100011100010110000000000,010000000101000100001000000100001011,98,59797ms
010001010010000100011000010001000000,001010001001110010000000001000001000,100100100100000000000100000100010011,000000000000001001100011100010100100,144,24783ms
010010101000010010000010100000010000,001000000001101001001100000001100000,000001000100000100000001001010000111,100100010010000000110000010100001000,36,1847ms
101011010000000010000001000001000100,010000000100100101000000110000001010,000100100000001000011100001000010001,000000001011010000100010000110100000,114,959ms
101101001000000000000001000100000101,000010010010010001110010000001000000,000000100100100000001000100000111010,010000000001001110000100011010000000,157,1662ms
101000101000010101000010010000000000,010000000000000010111000100010001100,000100010000100000000100000101010011,000011000111001000000001001000100000,118,44171ms
010001001011100100100000000000100000,000100000000011010010010000000001011,101000100000000001000101100100000100,000010010100000000001000011011010000,157,435ms
001100001000010000100000100000110001,000011000101100000000001001010000100,000000110010000000011110000101000000,110000000000001111000000010000001010,72,2377ms
110000110001001000100000000001001000,001101001000110001000000001010000000,000010000000000100001010100100000111,000000000110000010010101010000110000,104,14660ms
001011010000000010010001000100000010,010000001001100001000000110010000001,100000000010000000101110000000101100,000100100100011100000000001001010000,136,5921ms
110001111010000000001000000000010000,000000000101100101000101001010000000,000110000000000000110000010000101101,001000000000011010000010100101000010,177,760ms
111000111000000000000000101000000100,000000000010110001001111000000100000,000111000000000110000000000100011001,000000000101001000110000010011000010,177,978ms
011111000000000000001011000000000010,100000000000010111000100001000001001,000000001110100000010000110011000000,000000110001001000100000000100110100,110,5020ms
110000001001010000000011001000000100,000110000000100100000100100101010000,001001100000001000111000000010000001,000000010110000011000000010000101010,144,1136ms
101000011010001000010011000000000000,010010000000100001100000010010110000,000001100001010010000100101000000100,000100000100000100001000000101001011,111,22759ms
001001111000000000000001100010000001,000010000000100001001110000100001100,100100000010010110010000011000000000,010000000101001000100000000001110010,136,4866ms
011010000010000010100000100000011000,000100000101000000000011000101100010,000000110000100100000100010010000101,100001001000011001011000001000000000,42,6890ms
010101001000000100000100001001010000,000010000010010000101000110010100000,101000000100100010000010000100001100,000000110001001001010001000000000011,157,327ms
110011101110000000000000000001000000,000100010001010000101011000100000000,001000000000100011010000010010010001,000000000000001100000100101000101110,157,315ms
111000001010000001001100000000010000,000001100101010100000000000100100010,000000000000101000000011011001001001,000110010000000010110000100010000100,87,42709ms
101001110110000000000000100000100000,000000000001011001000010000010010101,010010001000000000010100011100001000,000100000000100110101001000001000010,148,2468ms
110101110000010000000000000000100100,000000001101000001000010011010010000,000010000010100100101001000101000000,001000000000001010010100100000001011,157,135ms
001010010000000000010001010100010010,100000100010001110100000100000000001,010001001101000001000010000011000000,000100000000110000001100001000101100,100,13268ms
001111001000000000000110000000110000,010000100000100100100001100011000000,000000010101001011000000011000001000,100000000010010000011000000100000111,59,3633ms
000010010101000010001000000000011100,010001000000100000000010011101100000,001000000010000101100100100010000010,100100101000011000010001000000000001,28,4474ms
001110101000000000000100000001010001,000001010000110100000000011010000010,010000000101001000010011000000100100,100000000010000011101000100100001000,100,20981ms
011001011000010000100000001000000100,000100000000000110011111000010000000,100000100001000000000000110000111001,000010000110101001000000000101000010,129,13632ms
111000100000010000010001100000000001,000001001100000010001100011010000000,000010010010001000100000000001101010,000100000001100101000010000100010100,133,6455ms
010101111000000000000000100000000011,101000000110000000110000010000100100,000010000001001010000110000110010000,000000000000110101001001001001001000,98,7179ms
011100000000010001100000000001010100,000000110001100000001010100010100000,100000000010001010000001011100001000,000011001100000100010100000000000011,143,541ms
011100011000001100001000000000100000,000000000110000001000100101011010000,100010100001000010000000000100001110,000001000000110000110011010000000001,157,3465ms
100101100000001000000101000110000000,011010000100010100000010100000010000,000000001010000000101000011001000101,000000010001100011010000000000101010,118,2094ms
000011111010010010000000000000100000,001100000001001000011001010010000000,000000000100000001000100101100010110,110000000000100100100010000001001001,73,18775ms
110001000000000010110001100000000100,001010001110001001000100000000100000,000000010001110000001010010010000001,000100100000000100000000001101011010,90,53353ms
011011011000000000000100001001000000,000000100000001100110010010100100000,000100000011000011001000000010010001,100000000100110000000001100000001110,88,16826ms
111011011000000010000000100000000000,000000000100110000000000011010111000,000000000001001000111010000100000101,000100100010000101000101000001000010,157,2323ms
110111111000010000000000000000000000,000000000001100011000100010101100000,001000000010001100000000001010001110,000000000100000000111011100000010001,177,3359ms
000001010000110100010000000101000100,010000101011001000100100001000000000,001110000000000011001001000000010001,100000000100000000000010110010101010,50,11489ms
010001100010110000000001100001000000,100000010100000100010000010000100110,000110000000001010101100000000010001,001000001001000001000010001110001000,92,2526ms
101111001000000000000000100000010001,000000000001000010001110010001001010,010000110010000100010001001000100000,000000000100111001100000000110000100,164,2006ms
111111010000000000000000000000010001,000000000111011000000101001000001000,000000100000100100001000110011000100,000000001000000011110010000100100010,166,717ms
100111001001000000000000010100001000,000000000010000010101101000010010100,000000110000110001000000100001100001,011000000100001100010010001000000010,111,10745ms
001100011100001100000010100000000000,000000000011100001000000000101000111,000011100000000010000001011000011000,110000000000010000111100000010100000,66,37502ms
001000100010000010010100100000000110,100001000000000100100000010001011001,000010000001110000001000001110100000,010100011100001001000011000000000000,11,8202ms
011010100010100001000010000000000001,000001000100010110100100000110000000,000100000000000000000001111001111000,100000011001001000011000000000000110,66,13850ms
110100110100000001010010000000000000,000010000000001010100001110110000000,001001001001000000001000000000011011,000000000010110100000100001001100100,157,1148ms
111100110000000011000000010000000000,000010000110001000001110000010000100,000001000000010000100001101101000010,000000001001100100010000000000111001,157,3300ms
100010010000100000000100000110110000,000001100001010010010001000000000101,011100000100001101000000000000001010,000000001010000000101010111001000000,157,1373ms
000110011000001000000101100001000000,000000000011000010110000011010100000,110001100000000000001010000000010110,001000000100110101000000000100001001,155,22949ms
110111001000010100000000000000000010,000000100010001000101100000000010101,001000010101100000010010000011000000,000000000000000011000001111100101000,177,152ms
011000011100000101100000000000010000,100000000001000000001101111001000000,000101100010001010010010000000100000,000010000000110000000000000110001111,90,100436ms
001100000000010001111000000000000101,010010010100001000000000000011010010,000000000001100110000100101100100000,100001101010000000000011010000001000,11,4260ms
010010010101000110000011000000000000,101000001000000000001000001000110110,000001100000010001100000100001001001,000100000010101000010100010110000000,55,28534ms
111001101000000000000100000000100100,000000010001011100000010000101000001,000010000100000001100001111000001000,000100000010100010011000000010010010,157,1099ms
010011111000100000000000001000000010,001000000100000010000010100010110100,100100000011001000110101000000000000,000000000000010101001000010101001001,157,4516ms
100000000110000010100100010010000100,000000100001000001001011000100101000,010011010000001000000000101000010001,001100001000110100010000000001000010,133,3582ms
010000001001000001001000100100000110,000011000010100000010001001010100000,001100010100000100000110000000011000,100000100000011010100000010001000001,75,1363ms
101011001100000000001000010000100000,010000010000010001100000001001001010,000100100000100100010010100010000100,000000000011001010000101000100010001,117,2334ms
100110011000000000010010010001000000,000001000101100010001000000100100100,010000100010001101000000000010001001,001000000000010000100101101000010010,153,32758ms
100000110000001011001000000001000100,011000000000010100000100011100100000,000001001010100000010000100010001001,000110000101000000100011000000010010,72,524ms
001000110001001001000101000000100000,110000000000000110000010100110000100,000001001100100000100000011000001001,000110000010010000011000000001010010,59,1343ms
000100110101100011000000000000001000,010001000000011000000000101001000011,000000000000000100111100010010010100,101010001010000000000011000100100000,49,32261ms
001100110100000000000000001100010100,010001001000010100010001000000100010,100000000010100000100110100000001001,000010000001001011001000010011000000,143,1327ms
000101001100000100100000000010011000,000000100000000010010000011001100101,010010000001010000001110100100000000,101000010010101001000001000000000010,96,7598ms
001111000000100100000000000001010010,100000110100000011000000010000101000,000000001000010000010101001100000101,010000000011001000101010100010000000,85,31676ms
110001011000000110000100010000000000,001100000000000001000001100000111001,000010000010011000010010001110000000,000000100101100000101000000001000110,127,1762ms
010111010000001000000000001000000110,001000000011010001010001100100000000,100000100000000110001010000000011001,000000001100100000100100010011100000,140,7914ms
100011000011000010000000001001001000,001100011100000000000100000100010001,000000100000110000100011000000100110,010000000000001101011000110010000000,59,3681ms
011001010000010000000010100001100000,000000100110101000000000001000010101,000100001001000000101100010010000010,100010000000000111010001000100001000,70,6095ms
100011001010000001000000100000010100,000000100000100000011101001010100000,000000010100001010000010010100001010,011100000001010100100000000001000001,109,1747ms
111000101010010000000000100100000000,000110000000000100010001010000110100,000001010001101000100000001000001001,000000000100000011001110000011000010,157,1223ms
110100010101000000000000010100000100,001001000000010011000010100010010000,000000000010001100011100001001000001,000010101000100000100001000000101010,143,2891ms
001101110010000100100000001000000000,000010000001011000010001010000100100,000000001000000001001000100110011001,110000000100100010000110000001000010,70,11827ms
010011010100000000010010000000001010,001000100010101000100000010100000100,000000001001000101000001100010110000,100100000000010010001100001001000001,58,1450ms
000000010100100001001011100000010000,000011000000001010100100000100000101,111100101010000000010000000000001000,000000000001010100000000011011100010,157,2067ms
011100010000100000000000101100000100,000000001000010001100011010000010001,000010100110000000000100000001101010,100001000001001110011000000010000000,108,4796ms
100001000110101000010000000001000010,010000000001000100000010110000010101,001110110000000010100100000010000000,000000001000010001001001001100101000,177,218ms
100001001001000011001010000000000010,000100000010100000100100001010011000,000000010100001000010001010100100001,011010100000010100000000100001000100,85,4906ms
010110101000000000000100100100100000,000000000010001000111001010000011000,000000010100100011000010001011000000,101001000001010100000000000000000111,112,20732ms
000000110100001000100000011000011000,001011001011000100010000000100000000,100000000000000010001011000001000111,010100000000110001000100100010100000,84,3819ms
110010000101000000000001000011100000,000100010000000110000100101100000010,001001001010100000010000010000010100,000000100000011001101010000000001001,144,171ms
101010100100000100000000010000101000,010000011011000010001100000000010000,000100000000111000000011101000000100,000001000000000001110000000111000011,88,28390ms
010110110000000000100100100000000001,001000001100000010011011010000000000,100000000000111001000000000101000110,000001000011000100000000001010111000,158,146941ms
110011100101000001001000000000000000,000100000000010100010000001100001110,001000001000001010100001010001000001,000000010010100000000110100010110000,157,455ms
101000000110010001000000001000010100,000000110000000000011001000011001010,010111000001001100000100000100000000,000000001000100010100010110000100001,177,1312ms
011101101001000010000000000010000000,000010010100000100010000100000100101,100000000010101001001001010001000000,000000000000010000100110001100011010,157,4374ms
011111011000001000000000000001000000,000000000010010101000010010000110010,100000000000000000011101100010001001,000000100101100010100000001100000100,161,20246ms
010101100110000000000010000010100000,001000000001000001110000100001001100,000010011000010100000100001100000010,100000000000101010001001010000010001,96,1498ms
010110001001001000100000010010000000,001001000010110001001000000000001010,100000010000000100000111000000110001,000000100100000010010000101101000100,136,9215ms
010101110000000000100000000000100011,001010000010100100001000101001000000,100000001000010001010110000000011000,000000000101001010000001010110000100,135,10281ms
100100100000001100000000100011001000,010010010011000000101010000000000100,000000001000010010010000010100110001,001001000100100001000101001000000010,77,9556ms
000100000110110000000100010010100000,100010011000000110010000000001010000,011001000000000000101000100100001010,000000100001001001000011001000000101,112,778ms
100110110000011000000000000000110000,010000000000000001011011001100000010,001001000001000010000100000011001001,000000001110100100100000110000000100,129,15631ms
000111011001001001100000000000000000,100000000000000000010010011010010011,001000100000100010001101100000100000,010000000110010100000000000101001100,80,135312ms
000111001000000000100100010010000100,110000010010000000010010000100010010,001000100101000011001001100000000000,000000000000111100000000001001101001,112,93140ms
100101001110100010000000100000000000,000010000000011101010000010101000000,011000000001000000100011001000001001,000000110000000000001100000010110110,157,2556ms
110000111010010000000000000000011000,000011000100000100100101001000000010,000000000000101001001000000101100101,001100000001000010010010110010000000,157,10003ms
010010111000101000000010000000100000,001100000100000001000100101010000001,000001000010000000011001010100010010,100000000001010110100000000001001100,53,11053ms
101010000011000110100000001000000000,010101110000000000011001000001000000,000000000100001001000010010110001001,000000001000110000000100100000110110,95,99082ms
101010011100000000100001000000100000,000100000011001001010000001100001000,010001000000100000001010010011000100,000000100000010110000100100000010011,151,260ms
100011110000000000000010010000010100,010100001000101101010000000100000000,000000000110000010101001000001001010,001000000001010000000100101010100001,128,8113ms
111011111000000000000001000000000000,000000000101010100000010000000011101,000000000010100011101100001010000000,000100000000001000010000110101100010,157,408ms
100110010000000010001010000000001100,010000001000001000000001101100100001,001001000001100000010100000010010010,000000100110010101100000010001000000,119,11590ms
000011011010000000010110000000100000,000000100000100000100001010001000111,100000000001011111000000000100010000,011100000100000000001000101010001000,101,11360ms
101000001000000010100001100000010010,010110000000010101010000000001100000,000000100001100000001110001100000001,000001010110001000000000010010001100,99,4187ms
111110011010000000000000000010000000,000000000100011100011000100000110000,000000000000100001100101000001001101,000001100001000010000010011100000010,145,9886ms
000100101000010000110000010011000000,000000010010101000001010001000011000,100011000100000101000000000100000101,011000000001000010000101100000100010,143,136ms
001110010000000110100001000100000000,000000000001110001000100100001010100,110000000010001000010000001010101000,000001101100000000001010010000000011,177,78ms
110111101000000000000000000100100000,000000000010100001100001001010011000,001000000001000100001100110000000110,000000010100011010010010000001000001,171,712ms
000011110000001000100101000000000010,000100001001000101000010000000101100,111000000000100010001000010101000000,000000000110010000010000101010010001,157,305ms
110101100100000001000000010000000001,000010001010000110000000000011011000,000000010001101000100110100000000010,001000000000010000011001001100100100,143,45805ms
010011101000000100001100000000000001,001000010000000000000011011101010000,100000000011000010010000000000101110,000100000100111001100000100010000000,102,60092ms
000101101000100100100001010000000000,100010000010000000011010000010001100,010000010100010000000100101000010001,001000000001001011000000000101100010,98,73130ms
110100100000110000000000101000000100,000000010010000000100011000010110001,001001000101000100011100010000000000,000010001000001011000000000101001010,141,77005ms
011010110010000000100010000000000010,000000000000000010000100110101101001,100100001001010000001001001000010000,000001000100101101010000000010000100,157,1423ms
010010110000000000001010000100001100,100000000000010100010001000011010010,001100000110001001000100100000100000,000001001001100010100000011000000001,94,74560ms
110100000000100000000001010100101000,001001100001001000101000001001000000,000010000010000101010010000010000011,000000011100010010000100100000010100,99,5667ms
100111000000000101000000110100000000,000000000000010010101110001010000001,010000010100100000000000000001111010,001000101011001000010001000000000100,177,1608ms
011111010000000010000010001000000000,100000001100000001100001010000000011,000000100000111000001000000001101100,000000000011000100010100100110010000,95,29522ms
100001100000000001001100111000000000,000100000110000100000011000011000010,001010010001110000000000000100010100,010000001000001010110000000000101001,137,6662ms
011101110000000000000010000010010000,000000000110001000011000010101001000,100000000001100110000100100000100100,000010001000010001100001001000000011,129,10626ms
111110000000000011000000001000001000,000000000110000000000101110011100000,000000001000100100100010000000010111,000001110001011000011000000100000000,141,3205ms
111001011100000000000000000000001100,000000000000011101000010000111000010,000110000001100000011000100000100001,000000100010000010100101011000010000,164,1054ms
110111011000000000000000000000010100,000000000011000100011011000000100010,000000100000101010100100100100001000,001000000100010001000000011011000001,177,137ms
000000101000100000110010000010011000,100000000000001001000000011101100010,000011000101000010001000100000000101,011100010010010100000101000000000000,32,9552ms
001110111100001000000000000000001000,100001000000010001100100100010000010,010000000001100000010000011001010100,000000000010000110001011000100100001,104,52559ms
100101101001011000000000000010000000,010000000010000001111000000000110100,001010010100000000000011011100000000,000000000000100110000100100001001011,157,699ms
110011010000010000001000010010000000,001000001100000110000000001000001011,000000100000000001110101100000110000,000100000011101000000010000101000100,157,1849ms
110110101000001000000000000000000011,000001000100100100000010010001100100,001000010011000000010001100010010000,000000000000010011101100001100001000,147,6624ms
101011101010000000000000001000000001,000100000101000110101000100010000000,010000000000111000010001000100100100,000000010000000001000110010001011010,136,3174ms
001001010000000000100001100000001011,100000000010000111000100000001110000,010000100000011000001000011010000100,000110001101100000010010000100000000,59,24149ms
011011100000010000001010000000000010,100000000001001001000000100101110000,000100010000000110100001000010000101,000000001110100000010100011000001000,87,23074ms
101110101000010000000001000010000000,000000000001000110001100010100001001,000000010110101000100000001000000110,010001000000000001010010100001110000,177,2273ms
010011110000000100010000000000010001,001100000011010001000000000100100100,000000000000101010000101010001001010,100000001100000000101010101010000000,35,15016ms
111100100001000001000000011000000000,000001010000100110001011000010000000,000010001010011000100000000001011000,000000000100000000010100100100100111,157,991ms
101100100000000000010000000110010100,010001001000010000001100100001000001,000010010011001101000000000000101000,000000000100100010100011011000000010,128,28219ms
000101010010000000001100000001010100,010000100001110111000000000000100000,100000001100000000000011100010001001,001010000000001000110000011100000010,91,24413ms
100001110000001000001000000001000011,000110000101100010000000000110100000,000000001010010101000001010000001100,011000000000000000110110101000010000,65,65385ms
011110011000010001000000000001000000,100001000110100100001001000000000010,000000100000001010000100101000011100,000000000001000000110010010110100001,83,27065ms
001011011001000000000000000000110010,100100100000000100100000000110001001,000000000110101001001010001001000000,010000000000010010010101110000000100,70,48537ms
000111010000100110000100000000000001,001000101010010000110001000000000100,110000000100001000000000010011101000,000000000001000001001010101100010010,130,29798ms
010010001000001001001010000000011000,000001010100000000010000110000100101,000100000010110100000101000011000000,101000100001000010100000001100000010,38,696ms
011001100000010000010011000000100000,000000010000001101000000100010011010,000000001111100000100100010000000001,100110000000000010001000001101000100,102,15390ms
110010010010000000000010000011000001,000100000100010100010000110000100100,001001101001100010000000000000010010,000000000000001001101101001100001000,142,10375ms
110110110000101000000000001000000000,000000000000010100110111000000100001,000001000011000001001000110000010010,001000001100000010000000000111001100,142,30126ms
011011001000000101000100000000000001,000100110010101000010000000100010000,000000000101000010101000011010000100,100000000000010000000011100001101010,94,61845ms
111010110000100000000000010100000000,000001000110010100001001001000010000,000000001000000011010010100000101001,000100000001001000100100000011000110,128,1023ms
010001110000000000000101100000000110,000100000011000000000010000101111000,001010000000101010101000010010000000,100000001100010101010000001000000001,84,55632ms
011001111101000000000000000000000001,100000000000010000010011000101100010,000010000010101011000000100010000100,000100000000000100101100011000011000,98,24022ms
100110111000010000000000000000100100,001000000000100000111101010000000001,000000000010001011000000101100001010,010001000101000100000010000011010000,129,19260ms
011010111000001001000000000000001000,000001000000000000011110000011000101,000000000011110000100001110000100000,100100000100000110000000001100010010,76,113884ms
110001101001000100000000010000000001,001000000100101001011000100000010000,000100010000000000000111000111000100,000010000010010010100000001000101010,157,5354ms
110111000000000001100000100000000001,000000011001000010010000000010011100,000000100000111100001010001100000000,001000000110000000000101010001100010,172,1671ms
111010001000010001000000000010010000,000001000101000010001010000100000101,000100100010001000000101101000001000,000000010000100100110000010001100010,131,5358ms
011011010000000000000001001000010001,000000001000000011101100000001100100,100000000110101100000000110010000000,000100100001010000010010000100001010,157,5869ms
000011001000000000000010110010100100,001000010001000100100100000001011000,010000000010111001010000000100000010,100100100100000010001001001000000001,41,11667ms
000010110010000011000000100000000011,101001001000100000000100000100011000,000000000001000100110010011001000100,010100000100011000001001000010100000,5,1169ms
110011111000000010000010000000000000,000000000100001000011101000001000011,000000000001000101000000110010111000,001100000010110000100000001100000100,111,17856ms
001101100000010000110000000110000000,000000001000100111001010001000000100,000010010011001000000001000001010001,110000000100000000000100110000101010,79,1117ms
000101111000000000000000000000110011,000000000100010001111110100000000000,101000000001001000000001001111000000,010010000010100110000000010000001100,122,10588ms
100000011100100010110100000000000000,010011000000000000001010010100010010,001000100011010000000001000010001001,000100000000001101000000101001100100,126,15271ms
000111110000010000000000000001100001,000000001000001011100000001110000010,101000000001000000011111000000000100,010000000110100100000000110000011000,135,3117ms
001011000100000000001000011100100000,000100000000000011100001000011001100,010000101011010100000000100000010000,100000010000101000010110000000000011,100,5046ms
001101101000101000000000100000010000,010000000100000010000010000101101100,000000010010010001110100010010000000,100010000001000100001001001000000011,67,16670ms
010010000000100000000001001000011110,000100100000001010100010000111000000,000001011111000100001000010000000000,101000000000010001010100100000100001,78,7635ms
110101001000001000100010000000000001,000010100100000000011001000100001010,001000010001000101000000110000010100,000000000010110010000100001011100000,121,2088ms
100100010001000010010010000010100000,000000000010010100101100110001000000,001010100000000000000001001100010011,010001001100101001000000000000001100,130,64387ms
111101011000000000000000110000000000,000000000110100100001100001000001010,000010000000001001000000000011110101,000000100001010010110011000100000000,146,2210ms
110010001011000000010100000000000100,001100010100100000000000110000100010,000001000000000100101010000011001001,000000100000011011000001001100010000,120,3269ms
000011010100000110000100000010000001,011000001000000000001011100100100000,000100000011110001000000011001000000,100000100000001000110000000000011110,14,8644ms
000100100001111000000000010000001010,101000000110000011010000001100000000,000000000000000100001110100011100001,010011011000000000100001000000010100,0,962ms
000000001100100000000000000111100011,000110000011001000000100110000000100,011001000000000100110010000000011000,100000110000010011001001001000000000,120,43486ms
011000101000010000100001000001000100,000100010100001010000010010010001000,100011000000000101011100000000100000,000000000011100000000000101100010011,143,1059ms
101100011000100000010100000010000000,010010000000001001101001000100000001,000000100100010100000000101000011100,000001000011000010000010010001100010,98,3996ms
001011110010000100000100001000000000,010100001100000000010000100000111000,100000000000101011100000000101000010,000000000001010000001011010010000101,122,49122ms
100111110000000010000000001000000001,000000000001010100000101100101000010,010000000100001001111000000000100100,001000001010100000000010010010011000,177,240ms
010100111000000000001000000011010000,100010000100001011000000001000000110,000000000010010100100001110100000001,001001000001100000010110000000101000,99,11497ms
100000111000000100000001001000110000,000000000101000000011110000000001011,010101000000110011000000010000000100,001010000010001000100000100111000000,114,9405ms
001010000001000001000010010000001101,000100011110000000011100001000000000,000001000000000110000001100110100010,110000100000111000100000000001010000,0,1577ms
011101001000000000001001000000100001,000000000110100010000010101000001010,000000100001010001000100000111000100,100010010000001100110000010000010000,92,32730ms
010100110001010000000010100000100000,000010001010000000100000000101011100,100000000000101011000000011000000011,001001000100000100011101000010000000,89,26333ms
011000010000100000111100000100000000,000101001000000011000010000000001011,100010100110011000000000110000000000,000000000001000100000001001011110100,157,380ms
011000110100000000000110010000000100,000000001010100000001000100110110000,000001000001010111000001000000001010,100110000000001000110000001001000001,65,4568ms
100010100000000100000000011100010010,000000000111011000000010100010000001,001001001000000011001101000000100000,010100010000100000110000000001001100,96,13235ms
010111111000000100000000000000001000,000000000011100000010011000000010011,100000000100001000001100010110000100,001000000000010011100000101001100000,177,582ms
011100101001000000000000000001010100,000000000010100101000000110100100010,100011000100010000010110001000000000,000000010000001010101001000010001001,157,706ms
100001101000010100100000100000100000,001010010011000000001000010010000010,000100000000001001010111001000001000,010000000100100010000000000101010101,89,47405ms
111111111000000000000000000000000000,000000000000000111000000000011110110,000000000100000000101100111100001000,000000000011111000010011000000000001,177,92ms
001001100000000110000110000100000010,000000010110110000100000000001000101,000100001001000001010001100000110000,110010000000001000001000011010001000,44,2946ms
011001001000001001010000000010010000,000000000100100000001101110001000001,000110100010000100000000001000101010,100000010001010010100010000100000100,81,7570ms
010111011000000000000001000010000001,001000000000101000110110110000000000,000000000001010011001000000001101100,100000100110000100000000001100010010,95,102029ms
010010100001010001001000000010100000,101000001100000100000111000000000001,000000010010100010110000000000001110,000101000000001000000000111101010000,44,4801ms
111001010000001001000100000000100000,000100000000000110001010010100001001,000010101010110000000000100000010100,000000000101000000110001001011000010,120,3790ms
111111100000100000000100000000000000,000000001001000101010011000001001000,000000000100011000001000101110010000,000000010010000010100000010000100111,177,1504ms
111010000010010100001000000000000001,000100000100000000110000110011000100,000001010000001001000101001000001010,000000101001100010000010000100110000,105,2698ms
101001010001010000011000000000000010,010000100010001100000110100000100000,000010001000100011100000000001010001,000100000100000000000001011110001100,102,6344ms
111010010000010000000100000101000000,000000001010100011000001000000011001,000101100100000000100010100010000010,000000000001001100011000011000100100,157,14ms
001101011000000000000100110000001000,010000000000101011000000000110010100,100010100000000100101000000000100011,000000000111010000010011001001000000,137,16364ms
110000011010010010000100000000000001,000000100100001000100010010000100110,000010000001100100011000000101010000,001101000000000001000001101010001000,114,4038ms
010000000001110101000000100000010001,000011010000000000010000011010001100,000100100010000010100011000000100010,101000001100001000001100000101000000,18,494ms
111000110011000010000000010000000000,000100000000000100000100001111110000,000000000100101000011001100000000110,000011001000010001100010000000001001,146,3030ms
011010010100001010000000001000010000,000101000001000000101010000000001011,100000101000000000000101100101000100,000000000010110101010000010010100000,157,3205ms
101011000000010000000110000001010000,010100000100101000110000110000000000,000000111001000101001000001100000000,000000000010000010000001000010101111,89,81922ms
111101111000000000000000000001000000,000000000001101001011000000100010100,000010000010000000100101010010100001,000000000100010110000010101000001010,157,3293ms
111101000001000000100000000101000000,000000011000010010001101100000010000,000000100110001101010000000000101000,000010000000100000000010011010000111,157,179ms
011110111100000000001000000000000000,000001000001010001100000010001100001,000000000000101000010110001010010100,100000000010000110000001100100001010,122,22285ms
000111111000000000000000010100000001,100000000100001001111100000000001000,001000000010000110000000001011110000,010000000001110000000011100000000110,90,10609ms
101111000000000011000000100000000001,000000000010100000011000001011110000,000000111000010000100111000000000100,010000000101001100000000010100001010,145,6174ms
101110010000001001001000000000000001,010000000001000100010101101000000010,000001101100010000000010010101000000,000000000010100010100000000010111100,154,7794ms
001000101001000110010100000000000001,110001010000010001001000011000000000,000100000100101000100011100100000000,000010000010000000000000000011111110,77,155728ms
101001001001000001000100101000000000,010010010010000000010000010110010000,000100100000010110100011000001000000,000000000100101000001000000000101111,108,33880ms
111101001000010000000000000010000010,000000010010001010000010101101000000,000010100100100000011001010000000001,000000000001000101100100000000111100,157,490ms
010000100010000000010100100101100000,000110011000110010000001000000001000,000000000101001001100000001000000111,101001000000000100001010010010010000,65,9938ms
000110001000001000100000100110000001,010000000001100100010100000000101010,101000010110000001000001010001000000,000001100000010010001010001000010100,177,87ms
101111101000000001000000000000000010,010000000001100110000010110001000000,000000000100001000111001001010010000,000000010010010000000100000100101101,177,2613ms
101011100000000010010101000000000000,010000010010000001100000011001001000,000100000101011100000000000100010001,000000001000100000001010100010100110,143,11391ms
100111111100000000000001000000000000,010000000000111011000000000000101100,000000000011000100001010000110010010,001000000000000000110100111001000001,156,15194ms
111001000100000101000000000100010000,000000100010110000011000100010001000,000100010000000000000101011001000011,000010001001001010100010000000100100,157,1107ms
111011100101000000010000000000000000,000000000000101001001001110000101000,000000011000010110000110000010000100,000100000010000000100000001101010011,139,626ms
110000010100000001010000000000000111,000001000010100010001010000011001000,000100001001001100100100010100000000,001010100000010000000001101000110000,150,219ms
110010110000001000001000000010000100,000000000110010000000010000001111010,000100001000000100110000111100000000,001001000001100011000101000000000001,157,679ms
010000111000001000000010100010100000,001110000010100001000001000000011000,100001000001010100001000011001000000,000000000100000010110100000100000111,89,14988ms
001000001100100010001000000101000010,010001000001000000010010001000100101,000110110000000100100001110000000000,100000000010011001000100000010011000,110,31300ms
110100011000100100000001100000000000,001001000100000000101000000000101011,000000000001010011010000001100010100,000010100010001000000110010011000000,125,7634ms
100001010010000001010000000011100000,010010101000000100000000101100000001,001000000001011000001011010000000100,000100000100100010100100000000011010,69,9890ms
110101111000100000000000001000000000,000000000001010111011000000010000010,001010000010000000000000000101111100,000000000100001000100111110000000001,157,386ms
111110111000000000000000100000000000,000000000100101001000000000110000111,000000000011000000100110011001010000,000001000000010110011001000000101000,177,1238ms
101110011000000001000010000000000100,010000000111010110010000000001000000,000000100000100000000001011100010011,000001000000001000101100100010101000,140,10589ms
001100111000000000000100000100000110,110001000100000100000000110001000001,000010000000011010011000001010100000,000000000011100001100011000000011000,82,14590ms
101010111100000000000000000000010100,000100000010010010110001000001000010,000001000000101001001000101010001000,010000000001000100000110010100100001,127,555ms
110100101010000100000100000000000010,000000010000010001010010110000101000,000000000100001010000000001111010001,001011000001100000101001000000000100,146,6759ms
111001001000000000000001100000100100,000000100101000000010100000101001001,000100010010010110000010010010000000,000010000000101001101000001000010010,126,4404ms
100101000000100100000000000101000011,001000010111010001010000000000001000,000000101000001010101010000000010100,010010000000000000000101111010100000,113,49710ms
010100010010000010000010011000000010,000001000001010000110100000101010000,101000000100100100000001000010001001,000010101000001001001000100000100100,144,904ms
100111100010011000000000001000000000,000000000000100001010100110000110100,011000000001000100100010000011000010,000000011100000010001001000100001001,177,481ms
011001101001000000000000000000000111,000100010000101100100010100100000000,000010000000000001010100001011101000,100000000110010010001001010000010000,82,92619ms
000001011010001000001010000000110000,100000000100000100100100000011001010,010100000001110000010000001100000100,001010100000000011000001110000000001,59,4021ms
100001011000100001000000000100010010,010100100001000000011001000010000001,000000000010010000100100011001100100,001010000100001110000010100000001000,100,36937ms
011110001001000000001000000000110000,000000010100011000010000100000001101,000001000010000111100110010000000000,100000100000100000000001001111000010,109,20005ms
000001111001000100101000010000000000,001100000000010011010000000001001100,110010000100000000000101101000010000,000000000010101000000010000110100011,157,4243ms
011101011100000000000000000100001000,000010000000001001001110001001000100,000000000000110010000001110010100001,100000100011000100110000000000010010,117,4995ms
100000100100100100100000001000000101,000000010001000010001101100010001000,001010000010000001000010010101000010,010101001000011000010000000000110000,138,732ms
010111000100000101001000000001000000,000000110000000000100010010100101100,000000001010100000000101100000010011,101000000001011010010000001010000000,78,22867ms
000111101000001000000000000100100010,100000000100000101000100001010000101,011000000001100000000010100001011000,000000010010010010111001010000000000,110,83877ms
101111011001000000000000000000000001,000000100010010000100001010000110010,000000000100001010011010100010001000,010000000000100101000100001101000100,165,3200ms
100000101000001011000000001000000011,000000010000000000010011110100110000,000011000110100100100100000000001000,011100000001010000001000000011000100,89,41907ms
101101011000001000100000010000000000,010000000001100000000001000010110110,000000100100010010001100101000000001,000010000010000101010010000101001000,157,1526ms
100000001001101001010010000000000001,000010000100000100100001001010101000,000100000000000010001100110100010100,011001110010010000000000000001000010,78,6887ms
011101100000010000100000001001000000,100010010000000001000001100110000010,000000001110000000010010000000111001,000000000001101110001100010000000100,106,19094ms
010100000001110011000001100000000000,100001000110000000001000010100010001,000000100000001100110000001001101000,001010011000000000000110000010000110,39,5707ms
101110111000000000000101000000000000,000000000000000000101000100010101111,010001000101000001010000001101000000,000000000010111110000010010000010000,177,295ms
111011101000000000000000000010000100,000000000111100000110000100000001010,000000010000010010000110011000110000,000100000000001101001001000101000001,134,2517ms
000100011000100000000011100100000010,001001100010000110000100001000000001,000010000001001001001000000011001100,110000000100010000110000010000110000,10,2970ms
110100111000011000010000000000000000,000001000001000000001101101000010010,001010000010000000100000000011100101,000000000100100111000010010100001000,157,76ms
101001111000000000010000000010001000,000010000010000000001110001100010100,000000000001010101100001000001100010,010100000100101010000000110000000001,129,7382ms
011001110000100001100000000000100000,000010000100001010000110001000001001,000000000011010000010000110101010000,100100001000000100001001000010000110,93,23917ms
001101010000001000000000001110000001,010010000110100000000011010000100000,100000101001010100000100000000000110,000000000000000011111000100001011000,123,16424ms
101111010000000010000100000000100000,000000100110000100001000101000001010,010000001000100001110000010001000001,000000000001011000000011000110010100,177,2208ms
100101011010100000001000100000000000,000010000100001001010100001000010010,000000100001000010100010000011100100,011000000000010100000001010100001001,115,4555ms
011010001000100000001001000010000010,000101000010000100110000000100001001,000000100000011010000010101000100100,100000010101000001000100010001010000,51,3093ms
111111110000000000000000010000000000,000000000000010000110110101100000001,000000001101000011000001000001001010,000000000010101100001000000010110100,163,219ms
100010101100000110100000000000000001,000000000000110000000110001010011010,010101000010001001000000000101100000,001000010001000000011001110000000100,157,3663ms
111010011000001000000000010000001000,000001000000100010101000100001000011,000100100111000001000001000000100100,000000000000010100010110001110010000,157,924ms
001000000011010000000110001000100100,000100010000100011001000010100000010,010011001000001000000001100001001000,100000100100000100110000000010010001,49,731ms
011110000000001100100100010000000000,100001000110010000000000000010110100,000000011000000001001001001101001000,000000100001100010010010100000000011,113,20431ms
001110110000000001100000000001000001,000001001011000000001010010010010000,010000000100011100010000001000000110,100000000000100010000101100100101000,106,2808ms
111100101000000010001000001000000000,000000010010000101000101000100000011,000010000101000000010000110001100100,000001000000111000100010000010011000,157,386ms
101011110101000000000000000100000000,000000001000001100001100100010010001,000100000010000011010000001000101010,010000000000110000100011010001000100,157,17ms
001001101010100000000000010000001010,010000010100001001000000000101010001,000100000001000010100001101010000100,100010000000010100011110000000100000,49,24737ms
101000010000001000000100100010001001,000000100101110000100001001000010000,010001001000000100000010000101000110,000110000010000011011000010000100000,142,13455ms
011100001000001000001000001000000101,000001000000000101000001110100001010,000000100110100010110000000001010000,100010010001010000000110000010100000,103,1778ms
011111111000010000000000000000000000,100000000010000010111100100001000000,000000000100001100000000010010101101,000000000001100001000011001100010010,135,37001ms
101100111000100000000010001000000000,000001000100010011100001010100000000,010010000010001000000000100001110001,000000000001000100011100000010001110,141,3693ms
110101011000000000010010000000000010,001000000001101100100000001011000000,000000100010000010001001000100110001,000010000100010001000100110000001100,140,2407ms
101101010000000000001100001000000001,010000001010010000000010010010011000,000010000100100111010000000001000010,000000100001001000100001100100100100,106,10128ms
101111110000000000010000000000001000,010000000010101010000000000110000011,000000001101010100100100000000010100,000000000000000001001011111001100000,177,3160ms
101000111000110100000001000000000000,000010000100001010101000000101000010,010001000011000001000100001010000001,000100000000000000010010110000111100,123,22186ms
001100010100011000010000000000011000,000001100010100000000001000001000111,010000001001000110001010000010100000,100010000000000001100100111100000000,68,12585ms
110000100000000010010000000110001001,001101000000000001101010000001010000,000010010011001000000001000000100110,000000001100110100000100111000000000,105,76623ms
000010000001100111000000110000010000,011001000010000000010100001100000010,000000010000011000101000000011100001,100100101100000000000011000000001100,10,1438ms
111110001100010001000000000000000000,000000000010000000011101100000110001,000000110001000010000000001011000110,000001000000101100100010010100001000,177,162ms
001000010001000010010000011100000100,100101000100100000100010000011000000,000010001000001100001001000000111000,010000100010010001000100100000000011,24,250ms
110001100001001101000000010000000000,001000001000000010000010001100100101,000110000000100000001101100000010010,000000010110010000110000000011001000,129,30244ms
100011111000000000000000100000000101,000000000100010100010010011010000010,010100000011000011000000000101010000,001000000000101000101101000000101000,157,523ms
111011001100000000010000000000010000,000100110000000100000000110010001100,000000000010000011000101001100100001,000000000001111000101010000001000010,157,4065ms
001110000100000000100110010010000000,100000000000000010010001101001001010,010001001010100001001000000000010100,000000110001011100000000000100100001,112,93308ms
000010100010001000001010000000110100,010100001000110101000001100000000000,000000010000000000110000001110001011,101001000101000010000100010001000000,27,36688ms
111011110000001000000000001000000000,000000000101100110000001000000001101,000000001010000000010100110011010000,000100000000010001101010000100100010,126,9414ms
111010100000000000001000011000000100,000100000101101000000000000011000011,000000001010000001110111000000100000,000001010000010110000000100100011000,157,13392ms
110001110100001010000000000010000000,001010001010010101011000000000000000,000000000000000000000101101100110110,000100000001100000100010010001001001,119,162859ms
100111101000000010000100000000100000,010000010100100000000001000101001001,001000000011000000000010100010010110,000000000000011101111000011000000000,111,44171ms
100101110010000100100000000001000000,000000000000111000010001001100110000,011000000001000010001010100000001010,000010001100000001000100010010000101,146,721ms
000011000101001000010001000010000010,010000000000110100000100001000011001,000000101000000011001010000100100100,101100010010000000100000110001000000,33,1734ms
101100101000000001000001000011000000,000010000011000010000010000100001110,000000010000000000110000111000110001,010001000100111100001100000000000000,136,82630ms
001111011100010000001000000000000000,100000000001001100100000100000010101,000000000010100001000111010010100000,010000100000000010010000001101001010,89,78598ms
000110111000010000000000100100100000,011000000000001011010100000010000001,100000000001100000101000011001000010,000001000110000100000011000000011100,154,1503ms
101101000001110001000000000010000000,000010000000000010000001010001011011,000000100000001000110000101100100100,010000011110000100001110000000000000,112,79438ms
100100110000000000110000000001010100,000001000100100100000010001100100010,011000001010011000000001100000001000,000010000001000011001100010010000001,157,954ms
101011011000000010000010000010000000,010100000110010000000000100000111000,000000100001100100100000001101000100,000000000000001001011101010000000011,140,1263ms
000110000100010000000100000001101001,010000010010100000001001011000010000,101000101001001101000010000000000000,000001000000000010110000100110000110,137,56762ms
101101100001000010000010001000000000,010000000110000000011001100100000001,000000010000100101100000010001100100,000010001000011000000100000010011010,115,7803ms
111011000000100000000000010000001010,000000001000000101001101100001100000,000100000010010010010000000010010101,000000110101001000100010001100000000,143,1413ms
001010100100100000000001000001100010,100001011000010100100000100010000000,010100000010000001010100001000011000,000000000001001010001010010100000101,65,7010ms
001000011100001010001001000000000100,100000000000100100100010001000110001,000101100000010001010000100001001000,010010000011000000000100010110000010,42,9663ms
101100001000000011000010010100000000,010011000001001000100100100000100000,000000010100110100000000001000011100,000000100010000000011001000011000011,105,10495ms
100100011000000000000000100010011001,000000100101010010000111001000000000,001001000010101000001000000100100100,010010000000000101110000010001000010,130,52821ms
010111110001000001000000000000010000,100000000100110000100010100100000001,001000000010000000000101001001001110,000000001000001110011000010010100000,103,18502ms
111101101000000001000000000000000001,000000000001000100110101000101001000,000010010000011000001010010000100100,000000000110100010000000101010010010,132,6825ms
011110010101000000100000000000010000,000000000010010111000000101000001001,000001001000000000000111000111000100,100000100000101000011000010000100010,140,4009ms
001000111000000000101000010000000110,000011000011000100010000100100000001,110000000100100010000101000000101000,000100000000011001000010001011010000,151,838ms
000100001000001000100111010000010000,101010100001010000010000100001000000,000000000110100101000000001000100110,010001010000000010001000000110001001,0,9514ms
001100100001100000001000001000101000,100000001000000011100010100101000000,000000010010001100010100000000010011,010011000100010000000001010010000100,31,408ms
111100011000000000000010010001000000,000001000001000001000000100010111001,000010000100000100110001001100000100,000000100010111010001100000000000010,157,246ms
100101111000001000000000001000001000,001000000010000100010000110110000100,010010000100100010100011000001000000,000000000001010001001100000000110011,157,1985ms
011001000000011010000000000110000010,000000010000000001110000100000111001,100000001111000100001011000000000000,000110100000100000000100011001000100,157,8030ms
110010101100000000001100000000000100,000000010010010001010010000011010000,000001000001100100100001001100000010,001100000000001010000000110000101001,157,118ms
000110110100000010000010001000010000,100000001000101000100000100101000100,000000000011000000001101010000101001,011001000000010101010000000010000010,41,4248ms
011111001000000000100000000000001010,000000010000110100000100101000000101,100000100110000000010010010000110000,000000000001001011001001000111000000,177,73ms
010101010000101001000000000000010100,001000001010000010100001110000001000,100000000101000000010110000011000010,000010100000010100001000001100100001,143,11646ms
101101111000000010000000000000000010,000000000010100000101010100001110000,010010000001010000010101001000000100,000000000100001101000000010110001001,139,6680ms
011011000000100100001000000000010001,000000001101000001100110100000000010,100000100010001000010001001000001100,000100010000010010000000010111100000,125,9142ms
101110100000100010000100000000001000,010001001000000000011000001010010010,000000010101000001100000100001100100,000000000010011100000011010100000001,136,63249ms
010101101000100010000000000010001000,000010010110010000101100000000010000,000000000001001000000000101001100111,101000000000000101010011010100000000,60,35549ms
000101000011001000001100010000000010,110000000000000010000000100011110001,000000110100100000000010001100001100,001010001000010101110001000000000000,20,25172ms
000101100000100000001010000001100100,100010000000000010100100010100001010,000000000110011001010000101000000001,011000011001000100000001000010010000,13,6558ms
010100100000000010110001000000010001,000010000001100000000110011010000100,000000010100010001001000100001100010,101001001010001100000000000100001000,51,7333ms
010110011000100000000000010000110000,000000000110010010000000001111000100,000001100000000101101101100000000000,101000000001001000010010000000001011,114,25728ms
011101000010000000000100000010000101,000000000001000010000011011000110010,100010011100010001101000000000000000,000000100000101100010000100101001000,157,274ms
000010001010111000010000010010000000,101001000000000110000001001000100010,010100000000000000101000100100010101,000000110101000001000110000001001000,98,4163ms
011100100000001100000010010000100000,000000010011000000101000100011000100,000001000100010010010100000000001011,100010001000100001000001001100010000,76,2454ms
001100101000010000000011000010001000,110001000101000000000100001000010100,000010000010000011111000000000100001,000000010000101100000000110101000010,62,2792ms
001101000000001010010000000001000011,000000110110000000001100000010110000,000010001000110000000011010000001100,110000000001000101100000101100000000,23,430ms
010110111000000001000000100100000000,100000000011100000101001000000100100,001000000100000110000010001001010001,000001000000011000010100010010001010,127,5447ms
111110100000010000000000001000000100,000001010001000000011000100010001010,000000000010000101000110000001110001,000000001100101010100001010100000000,134,41215ms
000001000101001000000100000110000011,101110101000000000000000000001110000,010000000000010010011001110000001000,000000010010100101100010001000000100,38,9745ms
011011111000000000010000010000000000,000000000100110000001100100000110100,100000000001001100100001000101000010,000100000010000011000010001010001001,157,1407ms
011110100010001100000000001000000000,000000001100000001001100100010011000,100001010000000010100000010100000011,000000000001110000010011000001100100,177,3982ms
100011100100010000000000111000000000,000100001001000010011001000100000001,010000000000101101000100000001011000,001000010010000000100010000010100110,105,8277ms
010011011000000000000000010100011000,000000000001000000101001100011100001,100000100110001100000110000000000010,001100000000110011010000001000000100,153,19828ms
000110101100001000010100100000000000,001000000001000100001010000101000011,000000000010100011000001011010000100,110001010000010000100000000000111000,62,20276ms
000110100000110110000000001000000100,101000010010000001000110010001000000,000000001101000000000001000010111010,010001000000001000111000100100000001,37,16414ms
001011111010000000000000100000000010,110000000000100000010010001001100001,000000000100011101001100010010000000,000100000001000010100001000100011100,69,10102ms
000000011100010100100010010000000001,011010000010000000000100001000110100,100001000001000001011001000000001010,000100100000101010000000100111000000,85,8363ms
111100001000000001010000000101000000,000000000001001010101000011000001100,000000010010010000000111100000010001,000011100100100100000000000010100010,128,9495ms
101010101110000001000000000100000000,000000000000101000100100010000111001,000000010000010000010011100001000110,010101000001000110001000001010000000,119,6058ms
011101010000101100000000000000000010,100000101001010000010000100100000001,000010000010000001001101000001001100,000000000100000010100010011010110000,66,23117ms
011011101110000000000000000001000000,000000000000101000100110001100100010,100000000001000101011001000000011000,000100010000010010000000110010000101,157,1094ms
011110101000000000000001000010000010,100001000000100001110100010000000001,000000000010011000000000100101110100,000000010101000110001010001000001000,129,50716ms
001001011010000000000100000011000100,010010000000010001010001010000100001,000100000000100000100010101100010010,100000100101001110001000000000001000,75,18435ms
110101010001000000010000100000010000,000010001000100100000001001101000010,000000000110000011000100010000100101,001000100000011000101010000010001000,157,5995ms
001111111000000000000000100000000100,010000000000101010001100011000001000,000000000010010001110000000111010000,100000000101000100000011000000100011,119,52251ms
100100101100010000001001000100000000,000001000010001100000100100011100000,010000010001100010110010000000010000,001010000000000001000000011000001111,157,234ms
001111010100000000001000000110000000,100000000000100100000000001001110101,010000001001000001100010110000001000,000000100010011010010101000000000010,140,4850ms
010110100000000000000001010000010011,100001010010100000001010100000100000,000000000101010011010000001101000000,001000001000001100100100000010001100,89,16937ms
110000101000010000010100000000100010,000101000010000000100000011100011000,000000000101101011000010100000000100,001010010000000100001001000011000001,99,14769ms
100101010000010000100000100100000001,010010000100000010000100000000011110,000000001011001000011001011000000000,001000100000100101000010000011100000,120,9012ms
000000100100000100011100001000010010,000000010000100000000000110011101100,110011000010000001100011000000000000,001100001001011010000000000100000001,143,14926ms
010100001100000000001000000001110010,000010100000010001000011010110000000,101000010011100000010000100000000001,000001000000001110100100001000001100,151,392ms
111001100000000100000010000000101000,000010000110010011001001000100000000,000000011000101000010000100001010100,000100000001000000100100011010000011,105,6295ms
000101011000000110000100010000010000,001000100001010000011000000000101010,010000000000001000100001101100000101,100010000110100001000010000011000000,69,1322ms
101101101000000000001000000001000010,000000000101001001000100100100011000,000010000000110010110000010000100100,010000010010000100000011001010000001,142,2124ms
110011011000101001000000000000000000,000000100110000100100110100100000000,000100000001000000010000011000111100,001000000000010010001001000011000011,125,3833ms
100111010000000001000100100000000001,010000100010010100010011001000000000,001000000001001000101000000110110000,000000001100100010000000010001001110,152,17985ms
010010011100001000000000000101000100,001100000001000101110000000010001000,000001100010000010000001010000110001,100000000000110000001110101000000010,91,5856ms
001010011000001000111000000000010000,000000100100010000000100011110000001,000100000001000101000010100001001010,110001000010100010000001000000100100,53,7691ms
110110000000000000100000011000101000,000000011000001110010000100001000100,001000000100110000001101000010010000,000001100011000001000010000100000011,171,1594ms
010111001000000000000111000000000001,000000110110011010000000000100001000,001000000000100001000000110011100100,100000000001000100111000001000010010,70,29844ms
100010110010000000000000110100000100,000001001000001100000001001011010000,001100000001010010100100000000100001,010000000100100001011010000000001010,138,208ms
010001101000001000000000100100001100,001000000101000101000100011000010000,000100000000110000111010000010100000,100010010010000010000001000001000011,96,11885ms
010100011010000001000011000000010000,000011100100100010000000001000100100,101000000001000100001000110001000001,000000000000011000110100000110001010,107,13096ms
101111111000000000010000000000000000,000000000100010001101100000000011001,000000000001101100000000011010100010,010000000010000010000011100101000100,152,1358ms
111000000110000100011000000000010000,000101110000000010000010010010000010,000000001001100000000000101100101001,000010000000011001100101000001000100,115,1532ms
111111000000000000000000100000010100,000000000010000110001011000010001010,000000100101100001000100011100000000,000000011000011000110000000001100001,177,145ms
000000000100101000101000111100000000,010000100010000110000100000001000011,100011001001000000010000000010100100,001100010000010001000011000000011000,127,5277ms
000001001010000100000000110001010100,000000000001000001011001000000101011,010110110100010010000000001000000000,101000000000101000100110000110000000,121,9725ms
100110101000101000100000001000000000,000001000111000000010100100010001000,011000000000010011000010000100010100,000000010000000100001001010001100011,170,2785ms
010011000000000000110010000001100001,000000100100010001000101100000001100,000100001001100100001000010000010010,101000010010001010000000001110000000,65,1344ms
111100000000001110000000000000000110,000001010100000000000000000110111001,000010100011100000100100100001000000,000000001000010001011011011000000000,133,212990ms
000010011011010010000000000001100000,101000100000000100000001110000000011,010001000000100000100100000100011100,000100000100001001011010001010000000,87,17474ms
110110111000000001000000000000010000,000000000010010010100101001100100000,000001000100100100001010000010000101,001000000001001000010000110001001010,161,4532ms
110111110000000000100000000100000000,000000000001001011011100010000001000,001000001000110000000000001001100011,000000000110000100000011100010010100,177,16ms
011110110000001000000000001000000001,000000000000100011100110000000110100,100001000001000000001001100110001000,000000001110010100010000010001000010,177,130ms
110011000000010100001100001000000000,000100010001000010010000000101100100,001000000110000001100001100000011000,000000101000101000000010010010000011,157,1000ms
011100111000000000100000000010000001,100011000010010000000100100000000110,000000000101100000011001010001010000,000000000000001111000010001100101000,102,17108ms
010000011001000000000001010100011000,000000000000100000111110001010000100,000111100000000011000000100001000010,101000000110011100000000000000100001,81,48703ms
101011111000000000000000000000100100,010000000001101001001000100010000001,000100000010010010110100010000000010,000000000100000100000011001101011000,130,2802ms
101001100000000000100000110010000001,000110001100011000010010001000000000,010000000000100100001100000001110100,000000010011000011000001000100001010,123,26260ms
100110000000000011001000000010011000,001000110000001100000010000000100011,000001001100110000010100010000000100,010000000011000000100001101101000000,116,4495ms
001011001100000001000101001000000000,000100000011000100010000100010010001,000000110000011010100000010100001000,110000000000100000001010000001100110,91,6601ms
110001010000000101101010000000000000,000110000000000000000001011011100100,000000001111001010000000000100010010,001000100000110000010100100000001001,157,7613ms
101110001000000000010000100000100100,000001100000001001100101010000010000,010000000100010110000000001110001000,000000010011100000001010000001000011,177,1064ms
001110100000001100001000001000100000,000001011100000001000010000100001010,100000000010110000100001100000000101,010000000001000010010100010011010000,134,10897ms
101110000000000100010000011000001000,000000010100011001000011000100100000,010000001011000010000100000011000100,000001100000100000101000100000010011,156,2773ms
110000000000011100010000001000110000,000001101010000000000011010001000100,001000000101100001101100000100000000,000110010000000010000000100010001011,122,1238ms
001110001110000100000001000010000000,010001000000100000001100010100110000,100000000000001011100000001000001011,000000110001010000010010100001000100,160,2496ms
001010001000001010100100000000000101,100101000000000000010010110000010010,000000010001100101001001000000101000,010000100110010000000000001111000000,14,762ms
000100111001001000000000000010000011,101000000010000010001011001100000000,010000000000110101000100110000000100,000011000100000000110000000001111000,38,12796ms
110101101000100000000000001000000100,001010000000001010010010010100100000,000000010101010001000101000010001000,000000000010000100101000100001010011,132,9132ms
000000111000001100011000010000000010,010010000010010011000001001010000000,000101000000000000100010100101001001,101000000101100000000100000000110100,58,56168ms
111010111000010000010000000000000000,000001000010000000001011000010100101,000100000101000010100100110000010000,000000000000101101000000001101001010,157,88ms
001110011101100000000000000001000000,000000000000010010101011100100010000,110001000000000101000000001000100011,000000100010001000010100010010001100,177,658ms
011100110000000000000000001010001100,000001000000001001000011000101110000,100010000110100000111000000000000001,000000001001010110000100110000000010,157,600ms
001001001000000000010010010010011000,000000100101001000001100100001000001,010110000000110010100000000100000010,100000010010000101000001001000100100,141,2141ms
001010101000000010000010000000111000,000101000001100100000100001010000001,000000010010001000010001100100000110,110000000100010001101000010001000000,56,5305ms
010101011000100000000000001010000010,100000100001010001000111000000001000,000000000010001100000000110101100001,001010000100000010111000000000010100,65,23070ms
001001110000000000001100000001011000,100000000000100000110001111100000000,000110000001001011000000000000100011,010000001110010100000010000010000100,78,91000ms
101111100000001000010000000000000100,010000000100010101000011010000010000,000000001001100000000100001110100010,000000010010000010101000100001001001,177,2753ms
010011100000001100000000000111000000,101000001000000000010100101000000011,000000000111110000100000010000101000,000100010000000011001011000000010100,92,5580ms
111111101001000000000000000000000000,000000000100100001010000011000000111,000000000010011110000101000100001000,000000010000000000101010100011110000,157,3876ms
000010111000000010000000010100001010,011001000001000000000001001010100100,000100000100101000101010000001010000,100000000010010101010100100000000001,50,14784ms
110110010000100001100000000010000000,000001100000011000000000010001011010,000000001100000100010101100100000001,001000000011000010001010001000100100,177,58ms
101000100000100000100001100100100000,000010011000000010000000001010010011,010001000010001101001110000000000000,000100000101010000010000010001001100,132,14145ms
001111101000110000000010000000000000,100000000010000001010001000100100011,000000000101001010101100000000001100,010000010000000100000000111011010000,114,49575ms
010100101010000010010011000000000000,001000010100000001000100001001110000,100001000001100100001000110100000000,000010000000011000100000000010001111,129,5905ms
111000011000001101001000000000000000,000101000001000000100000000111000110,000000000010010000010111010000001001,000010100100100010000000101000110000,116,15782ms
111101110000100000000000000000000100,000000000000001000101110010000001011,000000001100010011010000100001100000,000010000011000100000001001110010000,153,3242ms
010101000100000010000000101010000001,001000011000110001000010000001000100,000000100010001100010001000100001010,100010000001000000101100010000110000,64,4483ms
011000000110110000110000000000010000,000000110000000100001110000010001010,100111001001001001000001000000000000,000000000000000010000000111101100101,177,379ms
101100010000010010000000011000000010,000000101011000001000010100010000100,010001000100001000011001000100010000,000010000000100100100100000001101001,151,540ms
110011001001001000000000100000010000,000100000100000011101000001000101000,000000000010010000010010010010000111,001000110000100100000101000101000000,100,22901ms
100010001000110000001100000001001000,001001000000000001010001011000100001,010000100010001100000010100100000100,000100010101000010100000000010010010,105,1945ms
010111100100000010000000000000010010,001000000000011100000101001010000001,100000001001100001001010010000001000,000000010010000000110000100101100100,177,1496ms
001011100110010101000000000000000000,000100000000000000001110001110000110,110000000001101010010000000000101000,000000011000000000100001110001010001,157,33234ms
001101001000101000000000100010010000,100000100110000011010000010000000100,010010000001000100000010000101100010,000000010000010000101101001000001001,69,12600ms
110011110010000000000000100000000100,000000000000000101010010001110010010,000000001000110010101000010000100001,001100000101001000000101000001001000,146,1668ms
100011101001000000001001000100000000,000000010000000000000100111010001110,001100000100010110110000000000100000,010000000010101001000010000001010001,157,408ms
111110101000100000001000000000000000,000000010111000000000010011001001000,000000000000010101010001100010010001,000001000000001010100100000100100110,147,10095ms
110010011000000100001000000000000110,001001000100100001010010010000000001,000000100001001010000101100010100000,000100000010010000100000001101011000,88,8314ms
001111100100010000100000000001000000,110000000001100000000000011010000011,000000011000000010001111000100001000,000000000010001101010000100000110100,118,1360ms
