011111101001000000000000000100000000,100000010000101000000010101011000000,000000000010000011000100010000111001,000000000100010100111001000000000110,117,27083ms
110100111001000000000001000000000001,000011000000100000111000000000010110,001000000000001110000010110100001000,000000000110010001000100001011100000,137,2790ms
100101011000001000100000001000001000,001000000000110001001100010000110000,010010000111000000010001000101000000,000000100000000110000010100010000111,157,51ms
110101010100000001000100010000000000,001000000010110110001010100000000000,000000000001001000100000000101011011,000010101000000000010001001010100100,149,147410ms
010001101000010010100001001000000000,100000000000000100000010010100100111,001110010100001001010000000010000000,000000000011100000001100100001011000,136,25446ms
110010010000110000000100000000110000,001000100101000100100010000010000010,000000001010001000011001100001001000,000101000000000011000000011100000101,104,2413ms
000100101100001110100000000000000001,000010000000010000000010110001101100,000001010010000001000000001110010010,111000000001100000011101000000000000,70,33787ms
111010101010000000000001000000000010,000000000100000011101000001010100100,000001000001011100000100000001010001,000100010000100000010010110100001000,115,9869ms
111010110000000001000100100000000000,000000000110010010001000001100010001,000101000001101100000010010010000000,000000001000000000110001000001101110,129,15898ms
111001101100001000000000000010000000,000110000010100001010011010000000000,000000010001010110100000000000001110,000000000000000000001100101101110001,142,22681ms
101111111000000100000000000000000000,010000000000111000001110000000100100,000000000011000001010001100011000001,000000000100000010100000011100011010,156,1334ms
101110110000000110000001000000000000,000000001010000000000010010000111011,010001000000100001011000100110000000,000000000101011000100100001001000100,177,269ms
011110101000100000000001000010000000,000000000000010110011100000001011000,100000000000001001100000111000000101,000001010111000000000010000100100010,177,3395ms
000000100001101001001010100010000000,100100000000010100000000001101100100,010001010010000000110100010000001000,001010001100000010000001000000010011,45,25297ms
100100011000001000001100000000101000,001010100101000010000001000100000010,010000000000100101000010010010010001,000001000010010000110000101001000100,83,5401ms
110010101000100110000000000001000000,000100000101000001011001010100000000,001001000010010000000100100000011001,000000010000001000100010001010100110,125,10673ms
010111100000000101000000000000100001,000000000011100010100001001100000100,000000001100010000010100100010010010,101000010000001000001010010001001000,98,44989ms
000010010000010000011000011100100000,000001000000001010000000100001011110,001100101011000100100100000000000000,110000000100100001000011000010000001,76,24018ms
110000111100000000000010000000011000,000110000001001011010001000000000001,000000000010100000000100111001000110,001001000000010100101000000110100000,104,4294ms
101100010100000000100101000100000000,000000000010001000001000110010000111,010011000001010001010000000001100000,000000101000100110000010001000011000,157,54ms
011010000100100101000001000000000010,000001001001000010000010001010001100,000000010000011000101000110100000001,100100100010000000010100000001110000,96,2959ms
100110010001000000001000100100000010,000000100000100100100000010010001101,000000001010000001010111000000110000,011001000100011010000000001001000000,116,8770ms
001001110100001100000100000000000001,110000000011010010001000010010000000,000000001000100001000011100100001010,000110000000000000110000001001110100,62,32983ms
100111010000000001000000110000100000,000000101100000000010100001110010000,000000000010100010101001000001000101,011000000001011100000010000000001010,136,4007ms
110101001010100000010000000000001000,000000100100000100000000111000010011,000000010001010000001001000110100100,001010000000001011100110000001000000,157,3020ms
011001011000010000000000010000001001,100100000011001010000110000000000010,000000000100000001111001000010110000,000010100000100100000000101101000100,100,8578ms
000111111000000000000000001100000010,010000000000110100101000000000110001,101000000101000000000011100000001100,000000000010001011010100010011000000,164,983ms
001000010000000000100100011000010011,110000101000000101010000000100001000,000110000111000010001010100000000000,000001000000111000000001000011100100,77,80945ms
011111011000000000000001000000000100,000000000110000100011000010110000001,100000100001001010000000100000111000,000000000000110001100110001001000010,177,4257ms
010110111000000000010000000100001000,000001000000101010000000110011000100,000000000010000100101010000000110011,101000000101010001000101001000000000,121,58811ms
100110000100000000000101000101000001,000000110000011110100010000000001000,000000001010000001011000000010100110,011001000001100000000000111000010000,136,3974ms
001110101001001000000000000010000100,100000010000100011000100001000010010,000000000100000100111010010000100001,010001000010010000000001100101001000,105,11529ms
100100100000000000000010110011001000,010000000000111010000100000000000111,000010011100000001110000000000110000,001001000011000100001001001100000000,123,713ms
001100110000000000011001001000100000,100000000100000101100000010010010010,000010001000110000000110100001001000,010001000011001010000000000100000101,40,55697ms
111100010000001000010100000100000000,000000100000010110001000100000111000,000001000001000000000010011010000111,000010001110100001100001000001000000,120,4896ms
111000100100000010001011000000000000,000101001010010000100100001000000001,000000010000101001010000100010100100,000010000001000100000000010101011010,122,16089ms
110100000100000100001000010001100000,000000110000101000010000001100010010,001000001001010001100001000000001001,000011000010000010000110100010000100,138,390ms
011000111010000010000000000000110000,000001000001000100110001010000000110,000100000100110000000110100001001000,100010000000001001001000001110000001,93,5691ms
011101111000000000000000000001000010,000000000010010001010111100100000000,000010000001100100001000010010010001,100000000100001010100000001000101100,107,71398ms
101100001010010000000001000001000001,000000100000000010111010000110001000,000001000101100101000000010000010100,010010010000001000000100101000100010,101,7867ms
100011111000001000000000100000100000,001100000010000010101001001000000010,010000000001110001010010010100000000,000000000100000100000100000011011101,129,2168ms
100001101001000000101010000000000010,000010000000001010010100010011000100,010000000100000101000001101000001001,001100010010110000000000000100110000,104,13733ms
010110110000000010001000000010100000,000001001101000101000000010100000010,100000000000111000010001001000000101,001000000010000000100110100001011000,148,15105ms
001110000100010000000001000010000101,010000100001001011010000000000100010,000000010010000000101010100101010000,100001001000100100000100011000001000,112,7185ms
000111100010010000000101100000000000,101000000100101000100000000101100000,000000010000000110000010011010000011,010000001001000001011000000000011100,47,2811ms
100010000000010010010000100010001001,001100100000001001100000000000110100,000001011100000100000001001001000010,010000000011100000001110010100000000,85,2295ms
010010000001000010011001100000100000,000100100000001000000010000001010111,000001001100110001000100010000001000,101000010010000100100000001110000000,39,14490ms
100101111000100000000001000000000001,001000000000000000001100000101111010,000010000011000010100010111000000000,010000000100011101010000000010000100,132,32089ms
000010000001100000001100011010000001,001100010100010000100000000000011010,000001000010001111000010100000100000,110000101000000000010001000101000100,0,629ms
111111001000000000000000100001000000,000000100011000100000111000000100001,000000000000100010010000011110011000,000000010100011001101000000000000110,177,484ms
110010110010000010000000100000000010,000001000001001000000101000110010100,000100000100110000010010011000100000,001000001000000101101000000001001001,143,2957ms
100011000000100011010001000000000010,001000101100000000000100000101010001,000000010001011000101010001000000100,010100000010000100000000110010101000,75,10732ms
010001110001000000011000000001000100,101000000010000101000010110000100000,000100000000101000100001000100011010,000010001100010010000100001010000001,82,5172ms
010101111000000010000001001000000000,100010000010000001110000000001000101,001000000100000000000010100110110010,000000000001111100001100010000001000,86,24997ms
000010100000000000111001110010000000,010101000101110000000010000000000100,101000001000001111000000000100010000,000000010010000000000100001001101011,140,27136ms
100100111000000100000000011000000010,001001000001000000000001000001111100,000010000100010011111100000000000000,010000000010101000000010100110000001,135,10382ms
000110000001000100000010111000010000,000000011010001010001100000001000001,000001100100100001010000000100100010,111000000000010000100001000010001100,54,6420ms
010011111001000000110000000000000000,000100000000001000000011000111100010,101000000010100011000100110000000000,000000000100010100001000001000011101,157,69ms
011001111000001000001000100000000000,100000000000000010100000011001101001,000010000110110001000001000100000010,000100000001000100010110000010010100,106,12767ms
000000101001100000001001000101100000,000110000010000100000010100000010110,000000010100001001110100010010000000,111001000000010010000000001000001001,44,1349ms
000001010001000100101101010000000000,001100100000100010000000100001100001,000010001100010001000000000000011110,110000000010001000010010001110000000,33,156437ms
010100110100000010000001100001000000,000010001000100001000000000010101110,001001000000000100011110010100000000,100000000011011000100000001000010001,104,43695ms
010001011000010101001010000000000000,000000000011001010010000001000110010,101000100000000000100000110001001100,000110000100100000000101000110000001,157,4792ms
111001010000000001000000000100100100,000100000010011100010100011000000000,000000101000100000100010000001001011,000010000101000010001001100010010000,157,6972ms
101011101000000001100001000000000000,000100000001000000001010001100000111,000000000100101010010100000000111000,010000010010010100000000110011000000,139,3247ms
100001010000010010000100001000001100,000010000010100001100010110000100000,001000001101000000010001000101000001,010100100000001100001000000010010010,113,3941ms
011000011100000000101000000010100000,000000100010001000000100011100001010,100110000001110010010000000000000001,000001000000000101000011100001010100,177,53ms
111001001000100000000000000001000011,000100010000001010000001110100000100,000010000100010100011100001010000000,000000100011000001100010000000111000,157,2959ms
001000011001001100001000000000001010,000010000000100000000001111010100100,010000100000010011010010000001000001,100101000110000000100100000100010000,34,369ms
001001001001000000010100000001000011,000000010010010100100010101000000100,110100100100001000000000000100110000,000010000000100011001001010010001000,157,788ms
011011001000000010010010000000010000,100000000010010000100000011100001010,000000000100101000001101000011100000,000100110001000101000000100000000101,69,28682ms
110111010000000000100000000000000101,000000000010000001001010011100100010,000000000101110110000100000011000000,001000101000001000010001100000011000,132,16037ms
010000111000010010000000000100100001,100001000110100100101010000000000000,000000000000001000010101100010001110,001110000001000001000000011001010000,45,104352ms
101001000000001000000001100010010001,000000100011010010000000011000100100,010000010100100100001010000000001010,000110001000000001110100000101000000,115,2643ms
000011011000100000010001000001000010,000100000101000000000010110000110100,011000000010010001000100000110000001,100000100000001110101000001000001000,86,7100ms
101001110000001000010010000000000001,010010000011000101001001010000000000,000100000000000010100000101100011010,000000001100110000000100000011100100,132,31573ms
011101110000000100000001100000000000,100000001101010010000000001110000000,000010000010001000011000000000111100,000000000000100001100110010001000011,90,19848ms
101101011010000000000001000001000000,000000000101000011101000001000100001,010010100000001100010010000000010100,000000000000110000000100110110001010,118,4263ms
001010110101001000000110000000000000,010000000000110101010000100001001000,000001000010000010000001001010110001,100100001000000000101000010100000110,52,12673ms
001110110000010000000001100001000000,010000000111000100000000010100000011,100001001000000010101000001000011000,000000000000101001010110000010100100,139,5046ms
110110001001000001000000000000001010,000000010000101100110001001010000000,000001000000010000001000110100010101,001000100110000010000110000001100000,150,9914ms
010111010000011000000000010100000000,001000100100000001000001000000101110,000000001000100000011000101011010000,100000000011000110100110000000000001,87,37482ms
010101010001010010000010100000000000,001000000000101100010000010001001001,100000001110000000100100000000110100,000010100000000001001001001110000010,157,649ms
000100010010100001000010100000100010,110010100000000100001000000011001000,001001000001011010010100000100000000,000000001100000000100001011000010101,11,1518ms
100001100100101000001000001001000000,000000000000010110000110100010110000,000110000001000001110000000100001100,011000011010000000000001010000000011,138,941ms
000011001000000101000000001000110100,010100000001101000110000000000001010,101000000110010010000001000001000001,000000110000000000001110110110000000,110,12106ms
101100100000000000001000100110100000,010000000010010000000010001001010011,000001000001100111010000010000000100,000010011100001000100101000000001000,127,14959ms
010101110100000000000010000010000010,001000001000001110010000001000001100,000000000011010000000100100001110001,100010000000100001101001010100000000,69,11539ms
011111010000000101000001000000000000,000000000000011000000000100001110111,100000100110100000010100001100000000,000000001001000010101010010010001000,177,365ms
010110100001000001010000010000000100,000000000000011110000000001110011000,001000001100000000100101100000100001,100001010010100000001010000001000010,122,6073ms
010001000110010001010000000001001000,001010000000000010101000010000010011,100000010001101100000000001110000000,000100101000000000000111100000100100,101,15351ms
111100001000000000010000000100010010,000000000110001000100100100010100100,000000000000010111001011011000000000,000011110001100000000000000001001001,116,93743ms
101101001000000000010001000000010100,000000100000100010000010001000101011,010010010100000001100000010011000000,000000000011011100001100100100000000,157,148ms
101000001000001100000000000110001100,000000000000100000100101100001110010,010000110101000011010010000000000000,000111000010010000001000011000000001,148,28456ms
111001110100000100000000100000000000,000000001000000011011001010000001001,000100000000101000100010001010100100,000010000011010000000100000101010010,157,622ms
110001010000000001000100110000010000,000000000001010110010001000100001001,001110001010000000101000000000100010,000000100100101000000010001011000100,165,792ms
010110001100100000010000000001000100,000001010000000010001100000010110001,001000000010010100100011101000000000,100000100001001001000000010100001010,118,27668ms
100011100001000000001000001100000001,000000011010110011000000110000000000,010100000100000000000101000010110010,001000000000001100110010000001001100,157,3977ms
111011100000110000000000000000001000,000100011000000110011000000010000100,000000000100000001000110110101010000,000000000011001000100001001000100011,157,1006ms
000000011010010101000000010010100000,000100100100001010000000101100001000,000011000000000000110110000000010011,111000000001100000001001000001000100,41,6215ms
100011001000100000100010000100010000,000000010011000001010001110000100000,010000000000011010000100001001000110,001100100100000100001000000010001001,112,4341ms
011001100000000000001010110000000001,000000000100010011010001001010010000,100000000001100100100100000100001010,000110011010001000000000000001100100,132,117602ms
111110101000000000000000110000000000,000001000110000010001001000010100100,000000000001100101000110000001011000,000000010000011000110000001100000011,157,5539ms
000011101010000000010100001000000010,001100000000010100000010110001000001,110000010101100001000001000000001000,000000000000001010101000000110110100,142,4135ms
011111110000011000000000000000000000,000000000100000000001110000111101000,000000000011100000100001110000010100,100000001000000111010000001000000011,123,101658ms
011111100000000000101000000000000001,100000000110001000000101010000000110,000000011000010100010010001001001000,000000000001100011000000100110110000,128,11855ms
001110010110010000000010001000000000,010000001000001010000100000110001100,000000100001000101011001010000000010,100001000000100000100000100001110001,81,31507ms
101001010000110000001001000000001000,000000000101000000100110100111000000,010010001000000001000000010000110011,000100100010001110010000001000000100,126,12500ms
000000111000000001010000100100001001,010100000011011000100000001000000100,000011000100100000001011000010100000,101000000000000110000100010001010010,48,3812ms
110100100111000000001000000000100000,001000000000010001000000010011010110,000010000000001010100111100100000000,000001011000100100010000001000001001,157,268ms
000001111100000000000001000000100110,110100000000001101001000010000000001,000000000010000000110110100101010000,001010000001110010000000001010001000,68,20832ms
110110111000000000010000000001000000,000000000010000101000011011000001010,001000000101010000101000000010100001,000001000000101010000100100100010100,177,86ms
001101101000000000000100000011100000,000000000100000100100010110000000111,100000000001000001010001001100011000,010010010010111010001000000000000000,117,338301ms
000111010001000000000001100001000010,001000100000000001111000001000010001,110000001000111000000010010010000000,000000000110000110000100000100101100,132,23067ms
000111011010000010000000000100001000,000000000001000001010010000011010011,111000000100010000100001110000000000,000000100000101100001100001000100100,177,868ms
001111111001000000000000000100000000,010000000010000001000110000010101010,000000000000100110000001111001000100,100000000100011000111000000000010001,95,10937ms
100001110000000000010101000000101000,000000001000001010001000011001010100,011100000000000001100000100100000011,000010000111110100000010000010000000,157,701ms
100011010000001000000000110101000000,001000000111000001100000000010001010,010000001000010000001101001000000101,000100100000100110010010000000110000,113,1763ms
111000110010010001000000000001000000,000000000100100100000011100100000011,000101001000000000111100001000000100,000010000001001010000000010010111000,157,4927ms
111100111000000000010000000000010000,000000000101000100001101100100100000,000000000000100011100000011010001010,000011000010011000000010000001000101,157,5042ms
011011101000100000000000000110000000,000000000000000011000010001001101011,100100000000011100010101000000000100,000000010111000000101000110000010000,157,808ms
010111101000000000000010000000000011,100000000100010001000001101001000100,001000000010101000110000010000101000,000000010001000110001100000110010000,118,7795ms
000000010001101100100000010000100010,000000101010000010010001100000001100,000001000100010001000010000111010000,111110000000000000001100001000000001,33,1997ms
000011111000000100001000000000101000,000000000101011000100100000101010000,001000000000100000010001110010000110,110100000010000011000010001000000001,22,5142ms
011001001001000011000000000000011000,000100110000000000101010000010000101,100000000100110100000101110000000000,000010000010001000010000001101100010,126,100054ms
101101010010000000000100101000000000,000010000000110001001010010000010001,010000100101000010100001000000001010,000000001000001100010000000111100100,157,257ms
001000001111000101000000000001000010,000000010000111010010100100000000100,100110100000000000100000011000001001,010001000000000000001011000110110000,149,156688ms
110000011000000010000110000001000001,000001100000010001100000000010010110,001110000011000100000001000000101000,000000000100101000011000111100000000,139,24573ms
000110010010001000001010001000010000,101001000001000001000001000101000001,000000100100000110110000110000100000,010000001000110000000100000010001110,67,31146ms
111001111000000000000010000100000000,000110000100100011000000100000011000,000000000000011100100001000011000110,000000000011000000011100011000100001,157,676ms
110101100010000000011001000000000000,001000000000000111100110000100001000,000010000001011000000000011000110100,000000011100100000000000100011000011,118,4010ms
001000111000001100100001000000000001,000010000100000000000110011000101010,010101000001100000010000000001010100,100000000010010011001000100110000000,77,6378ms
110011110000010010000000000000010000,000000001000100000100100001110001001,001000000010001101001010000001100000,000100000101000000010001110000000110,129,1337ms
001011011000010000100110000000000000,000100100100100100000001000000000111,110000000010000001011000010100010000,000000000001001010000000101011101000,157,162ms
010000100000101100000000010100000101,100001000001000010100011000000001010,000110010100010000000100101010000000,001000001010000001011000000001110000,84,3156ms
110111100000000101001000000000000000,001000000010100000100100100001100100,000000000001001000010000010110001011,000000011100010010000011001000010000,136,32912ms
101100101011001000000000000000010000,000011000100000000101000101101000000,000000000000100010010100010010001101,010000010000010101000011000000100010,104,18676ms
100011011001000010000000100000001000,001000000000011100010010000001000110,000000000100000001100101001010110000,010100100010100000001000010100000001,115,4659ms
010010010000100000100010001000010100,100100000100001110000000000000101001,000000101010010000010101000100000010,001001000001000001001000110011000000,72,6448ms
001010101001000000000001000001001100,100101010000000100000110000100010000,010000000100010010110000001010100000,000000000010101001001000110000000011,94,8619ms
011010110100001000000000000100000010,000001000000110011000010010000100100,000100001001000100110000000010001001,100000000010000000001101101001010000,118,4335ms
011110100010100000000001000000000001,000000000001000011011100100110000000,100001010000011000100000000000110010,000000001100000100000010011001001100,161,2174ms
111000111000000000000001000010100000,000010000101001000100010100001010000,000000000000010101010000010100000111,000101000010100010001100001000001000,157,1953ms
010111001000000001000001010000010000,000000110010100010110000001000001000,001000000101011000001000000001000011,100000000000000100000110100110100100,97,19755ms
010101100000001010001100000000000100,000010000100110001000001001011000000,000000000010000000010010110100001011,101000011001000100100000000000110000,60,7318ms
001100000010010000000010101000000101,010001110001000001000001000001100000,100000000000001100010000010110011000,000010001100100010101100000000000010,88,5780ms
011010001101001001000000000001000000,000100000000110100011100000010001000,100000100010000010000011001100000010,000001010000000000100000110000110101,157,2398ms
000101011000001000110001000000000010,100010000000110010000000011110000000,011000000110000100001100000001100000,000000100001000001000010100000011101,111,3460ms
110100110000000000000000010010100001,001000001000110000010100001101000000,000000000010001101001001100000010010,000011000101000010100010000000001100,126,4265ms
001111100000000000001010010000000100,010000011101001100000001000100000000,100000000000010011010100000001001010,000000000010100000100000101010110001,138,54658ms
101110100000000000000000001110010000,010000000010010100000011110001000000,000001011100100000001000000000001011,000000000001001011110100000000100100,177,913ms
001001000001111000000000000001010001,000000101010000001101100010000001000,100100010100000000010011000110000000,010010000000000110000000101000100110,125,6236ms
110010100001000100000011000000000001,000001001000100000101000100001001100,000100000010001000000100010110100010,001000010100010011010000001000010000,140,14235ms
000111110001000010000000100000010000,001000001110101000000001010000000010,000000000000010000011100001100101001,110000000000000101100010000011000100,60,23014ms
101101110000000000000000000011000010,000000001010000001000011101000011000,000000000101001010100000010000100101,010010000000110100011100000100000000,130,6503ms
100101001000000000001100110001000000,000000100001100010010000000000110011,001000010110010001000001000000001100,010010000000001100100010001110000000,118,3498ms
010110101000000001010000100000100000,100000010010000000101011000000010100,000001000000111110000100001100000000,001000000101000000000000010011001011,87,8722ms
001101110100000100000010000000010000,100000001000001001000001110100001000,000000000011100000010100001000100110,010010000000010010101000000011000001,55,7212ms
001010001010010100000000000101000100,000100100001001000010101001010000000,000000010100000010100010010000011001,110001000000100001001000100000100010,92,15428ms
110110000000000000000001001110000010,000001111100000010000000010000001100,001000000010000001110100000000110001,000000000001111100001010100001000000,177,446ms
101000000000010000000100101100011000,000110000100000100110000000010100100,010001010001100010001010000001000000,000000101010001001000001010000000011,118,2019ms
000101001010000000100001010100000001,100000000001000000000010000011111100,011010000100011001001000100000000000,000000110000100110010100001000000010,122,21954ms
001010011100000001000000011100000000,000000000001001110011100100010000000,010101000000010000100001000001110000,100000100010100000000010000000001111,120,2628ms
010000010001001001000000000011010100,000100001000010000111100001000000001,100011100110000100000000010100000000,001000000000100010000011100000101010,157,2439ms
110111001000010000010001000000000000,000000000001001011000010011100000100,001000110100000000001100100010100000,000000000010100100100000000001011011,177,455ms
100100101000000001001000100010010000,000000000000001110010100000000101110,001011010110100000000000010001000000,010000000001010000100011001100000001,142,2119ms
111011001000100000000010001000000000,000000100000000111011101000000001000,000100000001001000100000100101100100,000000010110010000000000010010010011,157,383ms
100000011000000101000000100000101010,000000100100100000000000001111000101,011010000001000000011110000000010000,000101000010011010100001010000000000,120,194471ms
010001010010001000001110000000000001,000100000001000000110001100001101000,100000100100000011000000010010000110,001010001000110100000000001100010000,112,13942ms
111010001001100000100000010000000000,000001110010000010000000001100010001,000100000100000101001100000010001010,000000000000011000010011100001100100,157,750ms
011010011000001100000000100000100000,100001100101010000000100000001000100,000000000010000011010010001110000001,000100000000100000101001010000011010,85,28094ms
101111100000000000010000000010100000,010000000110110001001000010000001000,000000001001000100000100101101000100,000000010000001010100011000000010011,177,165ms
100010111100000000010000100000100000,010000000011000000000000010111011000,001100000000010010101110000000000001,000001000000101101000001001000000110,157,437ms
101101000000000000000001011001100000,010000001000101100010010100000001000,000000010001010001101000000010010010,000010100110000010000100000100000101,121,8577ms
001011101000000000010011000000001000,000000000000001001101100110001000010,100100000110010010000000001000010100,010000010001100100000000000110100001,125,41679ms
110011011000100000000000100000000100,000000100010000110000111000010000001,000100000001011001000000001001110000,001000000100000000111000010100001010,113,4598ms
110110100000000010000000100000010100,000000000000001100010001000011101010,001001010111000001000010001000000000,000000001000110000101100010100000001,177,1996ms
111101000001100000000100001000000000,000010000000000100110000000101011001,000000110100001001000001100010000100,000000001010010010001010010000100010,136,1721ms
111101110000000000100000000000100000,000000001001001000010000111000010100,000000000010110100001100000001000011,000010000100000011000011000110001000,136,3302ms
101111000000000000100010010000010000,010000010100100011000000000100001010,000000000001010100001100100011000100,000000101010001000010001001000100001,131,39222ms
100101110000000101000001010000000000,000000000000100010010010000100101110,010000000010001000100000101010010001,001010001101010000001100000001000000,112,19516ms
001001111010000000010000100001000000,110000000001101000000001001110000000,000000000000010010101100010000100110,000110000100000101000010000000011001,58,8481ms
100001111000000000000001100010001000,000010000000001000101010001100010001,011000000001110100000000000001100100,000100000110000011010100010000000010,146,14860ms
111111101000100000000000000000000000,000000000011001010010010000100001001,000000000100010001000000100001110110,000000010000000100101101011010000000,177,155ms
100010001000010101000100010000000001,001001000001000010000000001101101000,010100000000001000110010100010000010,000000110110100000001001000000010100,136,2796ms
110011101010000010010000000000000000,001000000001100000100000101010010100,000000010100000000000101010101001010,000100000000011101001010000000100001,157,182ms
000011110010000100010000000010010000,010000000100000000101100110000100001,000100001000011010000001001001001000,101000000001100001000010000100000110,38,3584ms
011000101010100001100000000000000001,100000000001010100010100110100000000,000110010100000000000001001010110000,000001000000001010001010000001001110,126,10373ms
010100100001100010101000000000001000,000000010010001001000100001110000010,100001001100000000010011110000000000,001010000000010100000000000001110101,157,20872ms
101111110000000000000000000001001000,000000001101010100000101010100000000,000000000010001011100010000010010100,010000000000100000011000101000100011,164,1130ms
000001001001000011010001010000100000,000010000000000000100100001001011011,100000000100111000001010000010000100,011100110010000100000000100100000000,61,48590ms
100011110000001000000010000110000000,011000001000000110010000000001000110,000100000110010001000001010000110000,000000000001100000101100101000001001,118,637ms
111101101000000000000000000101000000,000000010100000000000110100000111100,000010000001010101011000000000000011,000000000010101010100001011010000000,157,66ms
111101111000000000000000000000000010,000010000000000100001000100001111001,000000000000100010010110011110000000,000000000111011001100001000000000100,157,145ms
101011100001000000001000100001000000,000100010010001001010001000100001000,000000001000100100000100011010010001,010000000100010010100010000000100110,95,2115ms
100110011000000101100001000000000000,000000000010101010010000000010111000,001000100001000000001110000100000110,010001000100010000000000111001000001,177,2034ms
001100100100001000010100000100010000,000000011000110101100010100000000000,100010000011000000000001010000001011,010001000000000010001000001011100100,121,18781ms
000001110010000000000000100101010100,000010000001011000010100010010000001,001100001000000000101000001000101010,110000000100100111000011000000000000,95,46720ms
101001100000000101000010000001010000,000000000111000010100000110000101000,010000000000101000001100001100000110,000110011000010000010001000010000001,103,4624ms
110100101000010011000000000000000001,001000000001101100000000000100010110,000000010100000000110100011010100000,000011000010000000001011100001001000,144,38944ms
110011010100000010001010000000000000,000100000010100100000100000111000010,001000001001011000000000010000101001,000000100000000001110001101000010100,143,7723ms
101011110000000000000101000100000000,000100000010000100001000000001111010,010000000001010000100010101010000100,000000001100101011010000010000000001,157,85ms
010110000100010000100000000011001000,000001000000100100000001110100110000,101000011001000000000000001000000111,000000100010001011011110000000000000,163,5676ms
100100000101001000000001110000000010,000010110000100000101000001000110000,000000001000000101010100000110001100,011001000010010010000010000001000001,91,6387ms
001100011100010000000100100000000001,110000000010000101000000000001111000,000011000000100000010001001100000110,000000100001001010101010010010000000,76,41626ms
001111000100000010000101000000000010,010000000000000000111010000000111001,100000110000101101000000001000000100,000000001011010000000000110111000000,139,11002ms
101010010001010100000000000110000000,000100000100000011001011000001000100,000001101010101000010000010000001000,010000000000000000100100101000110011,134,6540ms
000111001000010000000000011001000001,000000010100100110001010000100000100,001000000011000000010100100010001010,110000100000001001100001000000110000,54,1268ms
000110001100000000000100100001000101,000001010010001100001000000010100010,001000000000110011010001000100010000,110000100001000000100010011000001000,62,9480ms
110001100010100000000000000001010001,001000000000000101000011000110101000,000010011000010010110000001000000010,000100000101001000001100110000000100,146,6035ms
111001011000000000000001000000101000,000000000001000001101100011000010100,000110100010001010000010100100000000,000000000100110100010000000011000011,172,2136ms
000010110010001010000010001000001000,000001000001010101001000010000010100,001100000100100000100100100001000001,110000001000000000010001000110100010,46,14808ms
110100011000000100000000010010010000,001010100001101000010000001000000100,000000000010010000101010100100000011,000001000100000011000101000001101000,136,13429ms
011110010001000000100100000000000010,000000000000100100011001001100110000,100000101010001010000010000011000000,000001000100010001000000110000001101,177,205ms
011101001010010100010000000000000000,100000100001001000000100010010100001,000000010000100000101001101000010010,000010000100000011000010000101001100,101,17049ms
010001100000010000000000000001001111,000000000010001010001011001000110000,000110000000000101110100000110000000,101000011101100000000000110000000000,82,28665ms
011011010000000000100000101000000010,000000100000010000011001010101000100,000100001010001011000000000000110001,100000000101100100000110000010001000,105,33597ms
010001001001000000010000110001100000,001000000000100100100101000010001010,100100100010010010001010001000000000,000010010100001001000000000100010101,132,54114ms
000011010000110000001001000000001100,010000000110000110000010100010000001,000100101001000000000000011001110000,101000000000001001110100000100000010,31,665ms
011101100000011000000010100000000000,000010000000100000010000011010101001,000000001000000110100001000001010110,100000010111000001001100000100000000,78,17874ms
101001011000000000100001001100000000,010110000110000000001010000000000110,000000000001011000010100000010011001,000000100000100111000000110001100000,143,1059ms
111100000000000010000001100010100000,000000100010111000110010000000010000,000001000000000001000000010101001111,000010011101000100001100001000000000,157,12850ms
111000001001000001010001100000000000,000110010000010100100000001010001000,000000000010101010000010010100000110,000001100100000000001100000001110001,124,10107ms
000001000011000000100110000011010000,001010011000000101001000001000100000,100100100000001000010000000000001111,010000000100110010000001110100000000,92,3363ms
111110100010000000000000110000000000,000000010000001011000100000010101010,000001001100110000010010000000010100,000000000001000100101001001101000001,177,866ms
100111100000000010001110000000000000,000000001000001000000001110100110100,011000010100000001000000001001000011,000000000011110100110000000010001000,177,1601ms
101001111000100100000000000001000000,000000000010001001000111010000100001,000100000101000000101000001010000110,010010000000010010010000100100011000,157,845ms
100001001010110000100000000010100000,010000000000000000010101100001011001,000110000100001010001010000100000010,001000110001000101000000011000000100,153,5546ms
110100001001001100000000011000000000,001010000100110010100001000001000000,000001000000000001011000000100111010,000000110010000000000110100010000101,108,28940ms
111011110000000001000000000000000010,000000000000101100001000010100011100,000000001100000000100110100010100001,000100000011010010010001001001000000,157,934ms
000110110000010010010000010000000100,000000001010100100101000001000110000,110000000001000000000111000000001011,001001000100001001000000100111000000,112,5529ms
111100100100001000010010000000000000,000010001000110010001000001010001000,000000010001000001000100110101000001,000001000010000100100001000000110110,139,1778ms
110010000000100000100000010000110100,000000001011000001011110000000001000,000001100000010110000000001100000011,001100010100001000000001100011000000,121,2329ms
001111011010000000000010100000000000,100000100001000001000000010010100101,000000000000111110000001000000011010,010000000100000000111100001101000000,75,22518ms
011100110000001001010000000000100000,000000000000000100100010111010011000,000001001111000000001100000001000100,100010000000110010000001000100000011,84,6632ms
000110111000000010100100000001000000,010000000010000101001000010000011100,000001000001010000000010101010100010,101000000100101000010001000100000001,60,4093ms
011011110000000010001000001000000000,100100000010000000000110010001000110,000000001000001100110001100100000001,000000000101110001000000000010111000,112,30404ms
101110011001100000000000000000100000,000000000010000000000000111111011000,010001100000000001110001000000000101,000000000100011110001110000000000010,177,7729ms
111000011000110001000000000000000010,000001100101000010000000010001011000,000000000000000100100111001010100100,000110000010001000011000100100000001,123,34602ms
010010111110000010000000000000010000,100000000001110101100000001000001000,001001000000001000010010110001000010,000100000000000000001101000110100101,97,102713ms
001000101100000110000101000000000001,000101000010000000000010001001110010,110010010000000001001000110000001000,000000000001111000110000000110000100,130,13238ms
000000001000000010011000100010100101,011001000000000101000110001001000000,000110000000111000100000010000001010,100000110111000000000001000100010000,26,711ms
101101101000010000000000000000110000,000000000001101000001010010100001100,010010000110000000100100000011000010,000000010000000111010001101000000001,157,91ms
110000000001010100000011010000000001,000001010110100000110000101000000000,001000100000001010000100000001100110,000110001000000001001000000110011000,74,56488ms
011110001000000000010100000110000000,000000010100001000000011100001001010,000000100010110110000000011000010000,100001000001000001101000000000100101,111,1239ms
010000011101100000000100100010000000,001000100000010000000011000100011100,000001000010000101111000001000000010,100110000000001010000000010001100001,70,19200ms
111110111000000000001000000000000000,000000000000110101000100000010100110,000000000100001000110010110100000001,000001000011000010000001001001011000,177,128ms
010111111000000010000100000000000000,000000000110001101101010000100000000,000000000001110000000001000010101011,101000000000000000010000111001010100,80,235213ms
110101011001001000000000000001000000,000010000100110010001100100000000001,001000100000000000010000001010011110,000000000010000101100011010100100000,157,4379ms
000100100101000101000110000000010000,100000001000100010010001001100001000,000011010010011000000000000011000100,011000000000000000101000110000100011,44,65622ms
110111000010000000100000000010010000,000000101000000101011010010000000001,001000010000000000000001101100101100,000000000101111010000100000001000010,177,131ms
110101110100100010000000000000000000,001000000000010000100100011000100110,000000000000001000011001000101011001,000010001011000101000010100010000000,135,17305ms
000110101000000000001000000001100110,010000000010111001000000000000011001,100000000101000100110100100100000000,001001010000000010000011011010000000,153,55675ms
110011100100000001000000000100000100,001000000000000110000111000010010010,000100001010101000011000001000001000,000000010001010000100000110001100001,157,574ms
101000110000101000000000100000100001,010000001001010110001001000000001000,000100000010000001100010001010010100,000011000100000000010100010101000010,101,7299ms
000000110010010000001000110000000101,000011000101001001000000000010011000,100100001000000010010011000001100000,011000000000100100100100001100000010,56,7157ms
000100001110101000100010010000000000,000000100001010000010000000001111010,011001010000000011000000100100000001,100010000000000100001101001010000100,117,22790ms
000001011001000011000010000001001000,001100100000000100011100100000000100,000000000000101000100001011010010010,110010000110010000000000000100100001,6,5294ms
011111111000000000000000000000000001,000000000011011000001001011000001000,000000000100000010110000100101010100,100000000000100101000110000010100010,136,21625ms
101010000000000000010011011001000000,000000001000101100100100000010010100,000001100101000010000000000100100011,010100010010010001001000100000001000,138,9797ms
001011111000001000001000000000000001,100100000010000101100010101000000000,010000000100000010010001010010001100,000000000001110000000100000101110010,96,48706ms
110110010010100000100000000100000000,001001000001010000001100010001000010,000000000000001110010010100000110100,000000101100000001000001001010001001,150,362ms
100110001000000000010000110010010000,000000000001110000001101000000101100,010001010010000111100000000100000000,001000100100001000000010001001000011,177,458ms
010011101000011000010000000010000000,100000010101000010001010000000010010,000100000010000101100000110000001001,001000000000100000000101001101100100,69,5972ms
010101000000100100001010100010000000,000000001100010000010000010101100010,000000100010001011100001000000001001,101010010001000000000100001000010100,46,8705ms
101010101000000000100010000000010001,010100010001100100010000011000000000,000001000010000011001000000100100110,000000000100011000000101100011001000,115,139735ms
001111110101000000000001000000000000,110000001010000000010010010000010010,000000000000101001001000101110000001,000000000000010110100100000001101100,91,38892ms
110010011000000000100000010100000100,000000100100100000011000100000100011,000101000001000101000101001000010000,001000000010011010000010000011001000,149,2621ms
101010100000000010010110001000000000,000000000001100001001000000101100101,010101011000001100100000000010000000,000000000110010000000001110000011010,157,473ms
110001000000011001000100000000110000,000100001001100010111000000000000001,000010100110000100000000000100001110,001000010000000000000011111011000000,151,23599ms
011110110000100000000001001000000000,000000000000000000001010100101101011,000000001011001011110000000000010000,100001000100010100000100010010000100,118,32122ms
000100011100000000000010000100100101,100000000010010010011000000010001010,010010100000100001100001011000000000,001001000001001100000100100001010000,101,18040ms
011011111000000000000000000001010000,000000000000110100010101010000100010,100100000000000001101010000000001101,000000000111001010000000101110000000,157,121ms
001110100010000000100000000000001101,000001010101101000000001001000100000,100000001000010100011010100100000000,010000000000000011000100010011010010,177,1427ms
101100000100001000011000100000001000,000000100010100111100000000100000100,000001010000000000000100001011100011,010010001001010000000011010000010000,112,15368ms
011011000000100001000011001000000000,100000100110000010011100000010000000,000100011000011100000000000000111000,000000000001000000100000110101000111,82,53910ms
010111011001000000100000000000001000,001000000000010000011000110000010011,000000100110101000000110001010000000,100000000000000111000001000101100100,107,13482ms
100000111100000100100000100000000001,001011000001100001000010001000100000,000100000010010000001001010010010100,010000000000001010010100000101001010,111,4606ms
011110000100010000010000000100001000,000000101011000000001001011000000010,000000000000001100100010100001100101,100001010000100011000100000010010000,126,9976ms
111101010000000000100000010000010000,000000000100110000001010101010100000,000000101000001010010100000000001110,000010000011000101000001000101000001,133,725ms
111001000100000000000000000110100100,000110110001010001001001000000000000,000000000000101010100110010000001001,000000001010000100010000101001010010,121,60262ms
001000100010000010001101100000000010,100000000001101000100000011001000100,000010000000000001010010000110011001,010101011100010100000000000000100000,24,18617ms
001011000001101000100010000001000000,000000010010000000011101000000000111,000000000000010110000000111110010000,110100101100000001000000000000101000,41,15245ms
110101000000010010100000000000000101,001000010001100001000000001010010010,000000000110000100001101010100001000,000010101000001000010010100001100000,157,1351ms
101010110000000010000010000011000000,010000000100100001100000101100000010,000101001010000000001000010000001101,000000000001011100010101000000110000,91,5169ms
011100000000000011001001000011000000,000001000011010000010010000000101100,100000001100100100000000101000010001,000010110000001000100100010100000010,128,1228ms
011100010010100000000100010000000001,000000000000001011001000101110001000,000010001101000100000011000000100010,100001100000010000110000000001010100,78,4184ms
110001001001001000000000100000000011,000000010000100100100001010000101100,001110000010010010010010001000000000,000000100100000001001100000111010000,163,3958ms
100101010100001000000000001000001100,001000001010100000101000100100000010,010010100000000000010010010010100001,000000000001010111000101000001010000,136,4920ms
111101100000000000001010000001000000,000000010101111010000000110000000000,000000000010000001110100000100001110,000010001000000100000001001010110001,157,2968ms
010000101001000000001011000010000001,000000000100010100000100001100101010,101101000010000001000000110000000100,000010010000101010110000000001010000,119,4359ms
110011001000100000011000000000000010,000100100000000011000001001010110000,001000000100001000000000100101001101,000000010011010100100110010000000000,157,4677ms
000100110000010000000000111010000001,011001001101001100000000000000001000,100000000010000001111101000000010000,000010000000100010000010000101100110,67,96681ms
100001000010100000010001000100001001,001100100000010010001100010000000100,010000011100001000100000001010010000,000010000001000101000010100001100010,143,660ms
100111000001001000001010100000000000,000000100000110101000100001001000010,000000010010000000010001010100101001,011000001100000010100000000010010100,115,12594ms
111010111000000000000000000000010100,000001000010111010000000001100000010,000000000101000100001001110010100000,000100000000000001110110000001001001,141,5758ms
001111101000110000000100000000000000,000000010010001000010010010001010010,110000000100000111001001000010000000,000000000001000000100000101100101101,177,753ms
111010011000000010000100000001000000,000000100000100001001000110100100001,000100000001011000110010001000000100,000001000110000100000001000010011010,157,862ms
111110011000000000010000000000010000,000001100100100010000001001001000010,000000000011011001001000100000001100,000000000000000100100110010110100001,141,3294ms
101100111000100010000010000000000000,010000000010000100001000100111100000,000001000100011001000000000000011110,000010000001000000110101011000000001,157,4420ms
011111001000010000010000000100000000,100000100000001110100010001000000100,000000000100100001001000110001001001,000000010011000000000101000010110010,126,9577ms
101110111100000000000000001000000000,000000000001011101000100000000001101,010000000000000000011001010101110000,000001000010100010100010100010000010,177,415ms
011110011000000000000010000101000000,000000000010000100001001101000001101,100001100100010010000100000010000010,000000000001101001110000010000110000,177,54ms
110111111000000000000000100000000000,001000000100000010110001001001000100,000000000011000100001110010000001001,000000000000111001000000000110110010,155,4520ms
101110000100100001001000000001000000,010000010000001100000001000010101001,000001100011010010100000001000010000,000000001000000000010110110100000110,160,30539ms
001100101000000100000001100000010001,000000000101000011010000001010100010,100001000000110000001000010101000100,010010010010001000100110000000001000,98,23505ms
001010111001001100000000000000001000,110001000000100000000111000000010001,000100000000000000011000110111100000,000000000110010011100000001000000110,66,131548ms
100111111000001010000000000000000000,000000000100110000011010001010000100,001000000001000100000101000000101011,010000000010000001100000110101010000,149,753ms
111011000010010000000000001000100000,000000010100000111000010010010001000,000000101000001000011001000001010001,000100000001100000100100100100000110,133,2685ms
111000010000001110110000000000000000,000101100100100000001001100000010000,000010000010000000000010011101100010,000000001001010001000100000010001101,121,13408ms
010010101100001000000110000000001000,100100010000000101010000001000110000,000000000011010010101000000011000100,001001000000100000000001110100000011,71,9755ms
000100000000100100010001101110000000,100010000100011000001100010000010000,011000111000000010000010000001000100,000001000011000001100000000000101011,83,7146ms
111011101100000000000000000000001000,000000000010000101000010000011010110,000100000000010000011101011100000000,000000010001101010100000100000100001,157,51ms
100100001011000000010000100000100001,000000100000001110001010011000000100,011001000000100001000001000110001000,000010010100010000100100000001010010,157,510ms
001001011000010000000010001010000100,000000100101000101001100000000100010,110000000000000010110001010100000001,000110000010101000000000100001011000,157,217ms
011011100000000010000100100000000001,100000001000000101001000010010001010,000100010110010000010000000000110100,000000000001101000100011001101000000,97,9103ms
110011000000000010101010010000000000,001000000111000001010001000000101000,000000101000000100000100101100010001,000100010000111000000000000011000110,132,39544ms
011001110000010000000000010010100000,100100000000100100001100101000010000,000000001011001001100000000001001001,000010000100000010010011000100000110,69,11192ms
100000001101001010000010010001000000,001111010010000001000000000110000000,010000000000010100000000101000001111,000000100000100000111101000000110000,71,4112ms
101100011100000000010100000000000100,010001000010010010000000010011000010,000010100000001001001010001000001001,000000000001100100100001100100110000,118,6245ms
000101010000010011100000110000000000,100010000100100000000100001000110001,000000100011000100010011000000001010,011000001000001000001000000111000100,21,9391ms
100111001010000100001000010000000000,000000110100100000010110000000011000,010000000000011010000000100011000110,001000000001000001100001001100100001,144,6833ms
001001010000001010010000100001000100,010100000010010100100101000000001000,100010000101000000000000011010000011,000000101000100001001010000100110000,108,3108ms
110000001100000000101100010100000000,001001000000000111000010000001110000,000100010001001000000000101010001001,000010100010110000010001000000000110,143,1356ms
101011010001100000000000000000010100,000000000010010000101101000110000001,010000100100001011010000010000000010,000100001000000100000010101001101000,151,8259ms
010100011000000100101000000001000001,101001000000000000000001111110000000,000010000000001011010000000000111010,000000100111110000000110000000000100,65,4852ms
101001001000000110000100001000000010,000110000001011000000000110000101000,010000010010000001001000000110000101,000000100100100000110011000001010000,157,1240ms
001101000001100000000100010100010000,100000000000010001111010000010000100,000010110000001000000000100001001011,010000001110000110000001001000100000,41,9096ms
100111110000000000000010000000010100,011000000010100000010000001000001011,000000001101010000100001000011100000,000000000000001111001100110100000000,148,1517ms
001101100100000010010001000100000000,000010011010010000000110010001000000,100000000001100000000000101010101100,010000000000001101101000000000010011,136,5022ms
110110101000000000100001000000000100,001000000011000000010000101100100001,000001010000001010000110000001010010,000000000100110101001000010010001000,157,1136ms
101000101000011000000000001011000000,000011000000000011101000010000000011,010100000000000100000011100000011100,000000010111100000010100000100100000,131,728ms
111011010000101000000000001000000000,000000101000000101100010010100001000,000100000001010000000101000011010001,000000000110000010011000100000100110,128,7309ms
110101101000000000100000000000001010,000000000000100000001001011010010101,000000000110011010010010100000100000,001010010001000101000100000101000000,116,25220ms
010000001000001001000010111000010000,100000000011000110010001000000001010,000011100000000000101100000111000000,001100010100110000000000000000100101,82,15759ms
111010100100000000000000000000100110,000100010000000110000111000110000000,000000000011100001111000100000000001,000001001000011000000000011001011000,132,6301ms
111111000010000000000000000010100000,000000110001110000100001001100000000,000000000100000101010100000001011001,000000001000001010001010110000000110,177,413ms
010011100000000100100000000000010101,000100001001010000010010001110000000,000000010100001011001100000001100000,101000000010100000000001110000001010,82,272ms
001000110010100010110000000000000001,000100000100000000000010101110001100,100010000000011101000101010000000000,010001001001000000001000000001110010,94,36473ms
011110111000000000000000100100000000,000001000000011000100010000011001100,100000000000000011011100001000010001,000000000111100100000001010000100010,177,276ms
111001100100000010000000000100001000,000000010000001001101000100011100000,000100001011000000010000001000010101,000010000000110100000111010000000010,157,156ms
011100100000000101001001000000010000,100010000100000000000010110000001101,000000001010010000010100000101100010,000001010001101010100000001010000000,74,9279ms
010101011011000100000000001000000000,000000000000110000110011000000100011,000010100000001000000100110101000100,101000000100000011001000000010011000,82,15584ms
110110011000000010001000000100000000,001001100010001100010000010000100000,000000000100110000100000000001011110,000000000001000001000111101010000001,156,19207ms
010010100000000110101000100100000000,000000001000001000000110001000101101,000000010011110000010000010010000010,101101000100000001000001000001010000,77,7197ms
110111101010000000000000000000000010,000000000001000010100010110001011000,001000010000001001001100001000100001,000000000100110100010001000110000100,162,4284ms
111111111000000000000000000000000000,000000000100011100100100000000100110,000000000010000001001011110001010000,000000000001100010010000001110001001,177,73ms
111101001000000010000000000100000001,000000000001000000101001011000110010,000000000010110001000010100010001100,000010110100001100010100000001000000,157,9553ms
110011111000000000010000000100000000,001000000000010010001101100000100100,000100000011001000000010011000010001,000000000100100101100000000011001010,139,158ms
010011001010001000000001000010100000,100000010101010000000000000100010110,001000000000100000110010111000000001,000100100000000111001100000001001000,88,30272ms
110000110100100000010100000000000010,001010000000011001001000010010000001,000100000010000010000010101001101000,000001001001000100100001000100010100,127,1138ms
011100011000000000001000000000010011,000001000000000110000101010101000100,100010000110000000100000001010101000,000000100001111001010010100000000000,157,751ms
100000010100001001000000010000100101,000010000011010010010001000100000010,011000101000000100000100000001011000,000101000000100000101010101010000000,136,5831ms
010011000010001001001001000000000100,001000110100000000100100000011010000,000100000001110100000010011000001000,100000001000000010010000100100100011,24,6711ms
101010011000001000011000000100000000,000100100100100110000001100000001000,010000000010000001000110000000110101,000001000001010000100000011011000010,136,1310ms
001111010000100100000010000010000000,000000000111000000101001000001101000,100000001000000011010000101000000110,010000100000011000000100010100010001,125,8730ms
110000100000000100010000011010000001,001011000000001000001000000001001110,000000010111010011000010100000000000,000100001000100000100101000100110000,108,69164ms
110111011000000000000000000000010010,000000100000000100110101100001100000,001000000100000001001010010100000101,000000000011111010000000001010001000,177,74ms
001110011000001001000000000101000000,100000000010100110010010001000001000,010000100100000000101000110010000001,000001000001010000000101000000110110,136,8163ms
101111101000000100000000000000010000,010000000111000000101100001000000010,000000010000001000010001110010001001,000000000000110011000010000101100100,135,3053ms
101111010000100000000000100010000000,000000100000000000001111000100010011,000000001000011011010000001001000100,010000000111000100100000010000101000,118,3501ms
001101010100000000000000110100010000,000000100010010110000011000010000010,010000001001000000100100001001000101,100010000000101001011000000000101000,98,1658ms
111110010000000000000000110000000100,000000000110001100100010000000100011,000001001000010010000101001110000000,000000100001100001011000000001011000,163,189ms
010111000011010000000100000100000000,001000110000100100001000001000100010,000000001100000011010011000001000001,100000000000001000100000110010011100,101,13686ms
010110010000000110010010000010000000,100000000000011001000000011100010001,001000001001100000001100000001001100,000001100110000000100001100000100010,79,2427ms
111110001000000000100000000110000000,000000010000001100000001010001001110,000000100101110000011000000000110000,000001000010000011000110101000000001,177,16ms
111111010001000000000010000000000000,000000100010000000000001000100101111,000000000100101000111000100001010000,000000001000010111000100011010000000,177,192ms
110000010010000100000010000010101000,000011100000100000000100010100010001,000100000100010011001000101000000100,001000001001001000110001000001000010,96,9209ms
001011110000000000000001010001000100,000000000100001111001000000000011001,000100001010100000000110101000000010,110000000001010000110000000110100000,60,1845ms
111010000010001001001001000000000000,000000001000000010010010101001001010,000101010100110000100000000100010000,000000100001000100000100010010100101,157,326ms
011100001000010000000010110000000001,000001010101000000010100000001010100,000010000000101001101000000100001010,100000100010000110000001001010100000,91,2752ms
100010110100000000110001000000001000,001100000001000100001000110000110000,010001001000000010000010001110000100,000000000010111001000100000001000011,157,169ms
111011011000100000000010000000000000,000000100000010010101100000000111000,000100000010000001010000011000000111,000000000101001100000001100111000000,136,1801ms
011111000010000000000010100000010000,000000100000100000110000001001001101,000000000000000111001101010010100000,100000011101011000000000000100000010,70,35260ms
101011111010100000000000000000000000,000000000101000101000000010101100100,010100000000010000110011000000000011,000000000000001010001100101010011000,157,2113ms
011010010000000000000010111000010000,100000001001001010110000000000000110,000001000000010100001001000101100001,000100100110100001000100000010001000,77,12356ms
100010010000100100101100000000000010,000000100010000001010000001100101100,000001000101011000000001000011010000,011100001000000010000010110000000001,97,15533ms
100010011110000010010001000000000000,000101100000100000000110000111000000,000000000000000101100000111000011010,011000000001011000001000000000100101,114,9956ms
100000100000000001100011100000100010,010110011110100100000000000000000000,001000000001001010000000000110010101,000001000000010000011100011001001000,59,261629ms
010011011010000000000101000001000000,100000100001101011000000001000000001,001000000100000000010000100010111010,000100000000010100101010010100000100,75,31708ms
110001101000001000100100000000010000,000000010001100000000010011000101010,000110000000010001011001100100000000,001000000110000110000000000011000101,177,1364ms
101111011000000000000000001100000000,000000100100000000010100010000111010,010000000011010011100001000000000001,000000000000101100001010100011000100,177,69ms
111100110100000000000000000000000011,000010001000000110001000001101010000,000001000011100000110000110000001000,000000000000011001000111000010100100,130,3936ms
111000000010000100010100101000000000,000010010100101000000000000010001101,000000101001000010001011010000100000,000101000000010001100000000101010010,121,60701ms
001011001010000010000100100100000000,110000100101000000001001000000001001,000000010000110100100000010000110010,000100000000001001010010001011000100,63,1509ms
010100000100001000011000100001001000,000010010001010001000000000110010001,001000001000100010100001010000100010,100001100010000100000110001000000100,53,27773ms
001100111000000000110000001000000100,100011000000000100000001010011000001,000000000011110010000100000100011000,010000000100001001001010100000100010,87,7768ms
111101011000000100000000000000001000,000000000100001000001111000100100100,000000000000110001110000100011010000,000010100011000010000000011000000011,139,5322ms
001010000000011000000010100000101001,000100011010100010000000001001000010,110001100100000101000001000010000000,000000000001000000111100010100010100,128,8336ms
111110110000000000000001001000000000,000000000000101110101000100101000000,000001001000010001010000010000101100,000000000111000000000110000010010011,156,854ms
001011010000000000000100110000010010,100000100000100000110000000001100101,000100000111000000001010001100001000,010000001000011111000001000010000000,62,10113ms
110001011001001000000001000000000010,000100000110000111000000001000100001,000000000000100000110100100101011000,001010100000010000001010010010000100,135,17319ms
011001010000010000101000000000000110,000000001011001011000000000010010001,000010000000100000010001001101101000,100100100100000100000110110000000000,81,73924ms
011000000000101010000000010110001000,100001001000000000100111001000000100,000110010011000100010000100000000010,000000100100010001001000000001110001,89,83270ms
010100001000001000000000100011100010,000001010001010000000011011100000000,000010000100100111000100000000011000,101000100010000000111000000000000101,45,6038ms
101100110000000010000000010000011000,000000000011000000100011101000100010,010010001100010100001000000101000000,000001000000101001010100000010000101,157,137ms
101000011000000000001100000000110010,010100000010000101000000100011001000,000010100001100010010010011000000000,000001000100011000100001000100000101,108,29098ms
100010100000000100100111001000000000,000000001010110000010000000110001001,010100010001001001001000010000000010,001001000100000010000000100001110100,157,17290ms
011010111010000010000000000000010000,000000000001010000101100100000001011,100100000000001100010011000010000100,000001000100100001000000011101100000,136,3890ms
001100001110010000100000000000001100,100001100000001000001000000010110001,000000010000100111000110001001000000,010010000001000000010001110100000010,50,12952ms
110001110001010000100010000000000000,000000001000000111000001000011011000,001100000110100000011000001000000100,000010000000001000000100110100100011,157,452ms
011001000000000100101000001100000100,000010110001000010000010010000000011,000000001010000001010001100001101000,100100000100111000000100000010010000,90,4992ms
110100010010000000000011000101000000,000000100000110100000000101010001010,000001001101000001010000000000110001,001010000000001010101100010000000100,154,773ms
101110010000010000010100000001000000,000000000011100010000011001100000010,010000001000001001000000000010111100,000001100100000100101000110000000001,163,4185ms
110101111001100000000000000000000000,000000000000001001100110110000001001,000000000100010010010001000101100010,001010000010000100001000001010010100,157,1614ms
010011010010010000000110001000000000,001000000101001000101000000100000101,100100001000000000000001110011010000,000000100000100111010000000000101010,150,2066ms
000110011000100100100001000001000000,101001000010000001011000001000000100,000000100001010000000000110010101010,010000000100001010000110000100010001,41,5167ms
011001101000001000001000100000000100,000010000000000011110000010001001010,100100000101000000000011000010100001,000000010010110100000100001100010000,157,201ms
011011011000001000000000001000001000,000100000000000000011000010011100011,100000000101100111100000000000010000,000000100010010000000111100100000100,157,3856ms
000110100001000001010000000001100100,110001001000010010000011100000000000,000000010000101100000100011000000011,001000000110000000101000000110011000,20,372ms
100110110000010010000000101000000000,000001001100000100110100000001000001,010000000010100000001001010000110010,001000000001001001000010000110001100,137,8046ms
101110001000001100000000001001000000,000000010000000001000000110010100111,010001100000100010101010000100000000,000000000111010000010101000000011000,167,1772ms
101001101000000100000100000000001100,000000000010111000100011000001100000,000010010001000000011000101100000001,010100000100000011000000010010010010,120,4711ms
010000110010000100001010000000000011,000110000000001000100100100110100000,001000001101100001000000001000010100,100001000000010010010001010001001000,63,4512ms
101000111000000000100010010000000010,000000000100011001001101001000010000,010010000001000010000000100110100001,000101000010100100010000000001001100,157,1591ms
000100111000000010000001101000100000,010010000011000000010010000101001000,001001000000011000101100000010000001,100000000100100101000000010000010110,58,9515ms
011000010010001001000000010101000000,000110101001000100010000100000010000,000000000000110010001111000000001010,100001000100000000100000001010100101,59,10883ms
010000000010010011001000001000100001,100000001000101000000111000001000100,001101110101000000010000000000001000,000010000000000100100000110110010010,81,8361ms
101101100010000000000010000001001000,000000011000010010101001100100000000,000010000001100001010100000010100100,010000000100001100000000011000010011,96,2820ms
010101001000000110010100000100000000,100000100001000001000001000000101011,000000000100100000001000111011010000,001010010010011000100010000000000100,77,14604ms
111111100000000000000000000100100000,000000010000100101110100000000001001,000000000100011000001001010010010010,000000001011000010000010101001000100,177,94ms
111010010000100001010000000010000000,000000100010000010001100001000010101,000100001000010100100010010100001000,000001000101001000000001100001100010,157,48ms
001010100000000001010001010010000100,110000000000000000100010100001101010,000100011011001110000100000000000000,000001000100110000001000001100010001,53,80087ms
001101111000000000000001010000000100,100000000101001000110100000001000010,010010000010100011001000101000000000,000000000000010100000010000110111001,86,40767ms
000001101001010010010000000000110000,101100010000000100000001101000001000,000010000000001001001100000100000111,010000000110100000100010010011000000,22,375ms
100011101001100000000000000010000010,010000000000010010000001110000101100,001000010100001000100000001101000001,000100000010000101011110000000010000,157,304ms
011100111010000000000110000000000000,100000000001001110001001010001000000,000001000100100001110000000010110000,000010000000010000000000101100001111,120,1243ms
100000110111000000001100000000100000,000010000000001101000000010100010011,010101000000000010000011001000001100,001000001000110000110000100011000000,126,1542ms
100110101000010000100000010001000000,001000000101000000011011000100000100,010001000000100010000100100000111000,000000010010001101000000001010000011,154,817ms
000101000001100001000010000010100100,110000010000000110110000010000001000,000010100110000000000101100100010000,001000001000011000001000001001000011,39,3195ms
111100011100000001000100000000000000,000001000000100100010000000001100111,000000000011011000100000011110000000,000010100000000010001011100000011000,157,514ms
010100010010000000100100011000001000,001000100001010000000011000010100010,000010000000101011011000000000010100,100001001100000100000000100101000001,43,5368ms
100000101000010000100001010100000001,001000000001100110000010000011100000,000001000100001000001100001000001110,010110010010000001010000100000010000,121,2768ms
100101000000000001001001101000001000,001010101100000100110000000000010000,000000010000100010000110010011000100,010000000011011000000000000100100011,48,15097ms
010100111001010100000000000010000000,000000000010000001101111010000000010,001011000000100010000000100001010001,100000000100001000010000001100101100,81,35431ms
100010101000001010000000000011000010,011000010000000101000010000000101001,000101000010000000000101111000000100,000000000101110000111000000100010000,91,15573ms
000010101100100000000001100000010100,010000000001000010010110001110000000,101000010010011001100000000001000000,000101000000000100001000010000101011,157,760ms
100110111000000000001000010000000100,001000000111000001100100000000100001,010000000000010110000010101110000000,000001000000101000010001000001011010,166,364ms
100110100001000001010010000010000000,000000010000111010000001001000101000,000000001100000100100100100101010000,011001000010000000001000010000000111,153,465ms
111000101010010000000100000100000000,000000000001000010111000000000111100,000101000000101101000011010000000000,000010010100000000000000101011000011,157,2431ms
001011100000000000100001000000110010,000100000000011101000000011011000000,000000011100100010000100100100000001,110000000011000000011010000000001100,93,477ms
111011111000000000001000000000000000,000000000010000110110100000100000110,000000000100011000000010010001111000,000100000001100001000001101010000001,143,1117ms
101000010000000110000001100000110000,010000000100001001101000000110000100,000111100001010000010000000001000010,000000001010100000000110011000001001,103,1547ms
100101101000100000010000000011000000,000010010000001000100110001000001010,001000000011010100000001000100100001,010000000100000011001000110000010100,141,648ms
010010011100000000000001010000110000,000000000000110001011100100110000000,001001000010000000100010001000001110,100100100001001110000000000001000001,61,12240ms
110000101000001100000000100000011000,000101000100000000010010010000100011,001010000010000010101100000110000000,000000010001110001000001001001000100,157,26ms
101011011000000000000000001100000100,000000000110001000101100000010001001,010000100001010000010010010001000010,000100000000100111000001100000110000,146,766ms
010111110000010000000100000000000010,101000000100000000010010100011010000,000000001001101010001000001000001001,000000000010000101100001010100100100,65,3666ms
010011110000100000001000010001000000,000000000111001010000010100000100001,101100000000000100100000001100000110,000000001000010001010101000010011000,157,1128ms
000011100101000100000000010000001100,000100011000010000010001101010000000,001000000000100010001110000100110000,110000000010001001100000000001000011,43,6733ms
111100101010010010000000000000000000,000001000001000001010010000011101000,000010010100000000001001110000000110,000000000000101100100100001100010001,157,165ms
011101011000000000000000001001010000,000000000110000001010110100000000110,000000100001101100100000010000100001,100010000000010010001001000110001000,77,10548ms
101011001000100000010000000100010000,000000010100011111000101000000000000,010100100011000000100010001000000001,000000000000000000001000110011101110,157,5185ms
100101100100100100000000000000001010,001000010000000010000001011010010100,000010000000001000111010100101000000,010000001011010001000100000000100001,137,3703ms
110111110000000001000000000100000000,001000001100001000100100000001001001,000000000011000110001010000010010010,000000000000110000010001111000100100,156,1394ms
010100101000001000000001000001010100,100001010000010001000000101010100000,000010000101100000011010000100000001,001000000010000110100100010000001010,93,4454ms
011010100010100000011000000000001000,000100010100000000000101000010010101,000000000000011111100010010001000000,100001001001000000000000101100100010,77,18192ms
010010110000001000011010010000000000,000101000000010100000000101001000110,000000001111100001100001000010000000,101000000000000010000100000100111001,109,8365ms
000010011000100000001000001001100001,010100100010000010100100000010000010,101001000001000000010010100000011000,000000000100011101000001010100000100,80,5248ms
011101010100000010000000000000100100,000010001000000000101101000100010010,000000100001100100010000000011001001,100000000010011001000010111000000000,86,132824ms
001110111011000000001000000000000000,110000000000010001100001000011100000,000001000100100110000010010000001010,000000000000001000010100101100010101,94,6789ms
101010111000000100000000000000100100,000101000111000000100010100001000000,000000000000110011011001001000010000,010000000000001000000100010110001011,115,25409ms
011000110000010000001000010001000100,100110000000000000010000001000110011,000001000001000100000011100110001000,000000001110101011100100000000000000,54,54411ms
000111000000001000000111010000000001,000000001000010100010000101001011000,100000100101100000001000000010100100,011000010010000011100000000100000010,113,9401ms
100100110010000011101000000000000000,000010000001100100010001000001010010,010001001000010000000110101000100000,001000000100001000000000010110001101,154,5540ms
001001100000110000000100000000101001,100010010000000100001010100100000100,000100000101001000110001000000010010,010000001010000011000000011011000000,57,1352ms
011000001000001001000010100010100000,100100000100010010000100001001000001,000011000010000100110000000000010110,000000110001100000001001010100001000,89,276ms
100000000000010010010100010001100010,000010101010000001000001100000011000,010000000101101000000010001100000001,001101010000000100101000000010000100,109,431ms
000101110010001000000100100000000001,010010000001010000001010000011100000,101000001100000010000001010000010010,000000000000100101110000001100001100,112,3584ms
000010001100010101000001000010100000,011100000000100000000000000001011110,000000110000000000001110111000000001,100001000011001010110000000100000000,3,7176ms
101011000010100000000100000100001000,000000000100001001010010010000110001,010000100001010000101000000011000100,000100011000000110000001101000000010,157,1277ms
010110011010000000000101000000001000,000000100000011000001000000011100110,101001000101000110100000010000000000,000000000000100001010010101100010001,177,1923ms
010101101000001010010000000010000000,000000010000110100100000000100010110,101010000011000000001110001000000000,000000000100000001000001110001101001,157,2436ms
111110000000000100100000000000011000,000001000010001001001010010100100000,000000101001110000010001100000000001,000000010100000010000100001011000110,162,597ms
111111110000000000000000100000000000,000000000000100000011000000110101011,000000000111000100000111001001000000,000000001000011011100000010000010100,162,959ms
000001100000000000101001101010001000,010000000011000100000100010001100010,100100011000111011000000000000000000,001010000100000000010010000100010101,129,25671ms
010001111000000000000010010000010100,000010000010000001101000001100101000,100100000100010100010001100000000001,001000000001101010000100000011000010,151,3499ms
110010001001110000000000000001000100,000000110000000001100101101000001000,001000000010000100000010010010100011,000101000100001010011000000100010000,140,8951ms
101111001000000001000001000000000001,000000000110000010100110000001110000,010000000001110000010000011000001010,000000110000001100001000100110000100,152,2227ms
001100010001100010001001000000000010,110001000100010000000010101000000001,000010100010001101000100000001010000,000000001000000000110000010110101100,21,18843ms
011101101100010000000000000000100000,000000000011001000010011000010010010,000010010000100011000100110100000000,100000000000000100101000001001001101,100,11167ms
011101000001000000101000010000000001,000000010110000001010110000001100000,100000000000101010000001000010011010,000010101000010100000000101100000100,136,5350ms
001111001001000000000100001000100000,000000010000110010001000000011001010,100000000000001000100011010000010101,010000100110000101010000100100000000,140,20189ms
100111011000000001000110000000000000,010000000001000000100000110000011011,000000000010101010001000001010100100,001000100100010100010001000101000000,115,22004ms
101110101000001000000000010000000100,000000000001100101111000100010000000,010000010100010000000110000001010001,000001000010000010000001001100101010,162,2707ms
000101111001000100001000000000001000,110000000000001000010010001100000011,000010000010000011000000000011110100,001000000100110000100101110000000000,44,196640ms
000000000101101001011100000000000010,000101011000000010100001010000000100,111010100000000000000000001001010001,000000000010010100000010100110101000,134,96423ms
001101011000000001100100000100000000,000010000010100000001000110011000001,010000100000001100000011001000001100,100000000101010010010000000000110010,96,4425ms
000010111000000101000001010000100000,000000000100010010001000001110010100,001000000001100000110010000000001011,110101000010001000000100100001000000,19,7094ms
110010111000000010001000000000000001,000000000010000101010010011010001000,000000000001111000000001000100010110,001101000100000000100100100001100000,111,22828ms
001000000010111100100000000000001100,000110011000000011000011000001000000,010000000101000000001100100000110010,100001100000000000010000011110000001,14,2336ms
000111101000010000001001010000000000,000000010010000001010100000101001100,110000000101100100000000100000110000,001000000000001010100010001010000011,177,919ms
001001101001000011100000000000000100,110000000010000000001010011001000010,000010010100100100000000100010011000,000100000000011000010101000100100001,88,3290ms
100111101000000000000000000101100000,001000000001100100111000000000001010,010000010110000000000011000000010101,000000000000011011000100111010000000,177,45ms
101000100100000000100000001100011000,000000011001101010000100100010000000,010100000010010000011000000001100010,000011000000000101000011010000000101,157,115ms
010010001000001000000010110000010001,100100100000100000100001000010100010,000001010110000011001000001000001000,001000000001010100010100000101000100,31,6126ms
011000100000000011001000001010100000,100101010000100100000000100100000100,000000000001000000110000010001011011,000010001110011000000111000000000000,38,16410ms
011100101001000000010000010010000000,100000010010110000001111000000000000,000001000000001101000000100101010001,000010000100000010100000001000101110,66,26044ms
001010010000000101000010000000110100,010000001000000010011100010100001000,000000000001001000000001101011000011,100101100110110000100000000000000000,6,7986ms
100100010000010001000000100001010100,001000001001001000001010000000101001,000001000100100110110001000000000010,010010100010000000000100011110000000,113,2845ms
000011000010010100001000010001001000,000000111000000000110000001100000101,111100000101001000000010000000010000,000000000000100011000101100010100010,113,10887ms
100001011010110000100000000010000000,000110000101000000000101000100001100,010000100000000100011010101000100000,001000000000001011000000010001010011,157,3241ms
111111011000000000000000000010000000,000000000101101000001000110000100001,000000000000000111010010001101001000,000000100010010000100101000000010110,177,102ms
000101100100000000001000100001001010,010000011001000000100001000010000101,100010000010001011000000010100010000,001000000000110100010110001000100000,103,6252ms
000101101110100000100001000000000000,001010000001000000000010100000100111,000000000000011111010000011000001000,110000010000000000001100000111010000,62,126720ms
011010101000001000011000100000000000,000000010010000000000110001001110010,000101000000110110100000010000000100,100000000101000001000001000110001001,106,40345ms
001101001010001000110000000000000010,110000110100100000001011000000000000,000010000000000110000100110001100100,000000000001010001000000001110011001,44,30315ms
110001111001100000000000100000000000,001100000000000100000001001100011100,000000000000010010111010000011000010,000010000110001001000100010000100001,157,11432ms
110110110100000000000000000000001100,000001001001010001100011000000000001,001000000000101000011000001101000010,000000000010000110000100110010110000,170,1541ms
101101111000000000000010001000000000,000000000001000001001001100110010010,010010000010001010010000000000001101,000000000100110100100100010001100000,152,5115ms
001110001000010000100000001000011000,010001010010000010010001010100000000,000000100100000101000000100001000111,100000000001101000001110000010100000,68,10219ms
101010001000010011000000000001000001,000101000111000000100001000000010010,010000100000100000000110100100101000,000000010000001100011000011010000100,136,3681ms
