100100010000000010010000000100001101,000010001001001000001011000000110000,001000100010110001000100101000000000,010001000100000100100000010011000010,119,13348ms
111100010000000100000001101000000000,000000001010001000000110010000101010,000011000100000011110000000010000001,000000100001110000001000000101010100,157,132ms
010110001010000100000000100100000001,001001010100000000110010000000101000,000000000001011001001000010011010000,100000100000100010000101001000000110,85,11808ms
111000010000000000011000110000000010,000010100010000010100000001000011001,000100001001000100000110000100100100,000001000100111001000001000011000000,144,1372ms
011101100001100000000000000100000001,000000010000001111010000000010001010,000010001010000000000001110001010100,100000000100010000101110001000100000,100,9692ms
010110101000100000001001000000000001,001000010000001000100000000001111010,100001000100000111000100000110000000,000000000011010000010010111000000100,177,2067ms
101111111000000000000000000001000000,000000000111000000100010110000100001,000000000000011110000101000100011000,010000000000100001011000001010000110,177,197ms
100010101100000000000001010000110000,010001000010010000111000000110000000,000100000000001110000010100001000110,001000010001100001000100001000001001,78,206ms
011110000100000001000100000010000001,100001101000000010001000010100100000,000000000001011100110000000000010110,000000010010100000000011101001001000,116,4485ms
010100110000000000000101000000011100,000011000100010010011000001010000000,001000000011100100100010000000100001,100000001000001001000000110101000010,63,7625ms
011111000001001000000100000100000000,000000001100010000000000001010101101,000000110010000110000010110000000010,100000000000100001111001000001010000,113,6782ms
011101000001001001000010000000000010,000000110110100000100000010000100100,000000001000000100000001100111011000,100010000000010010011100001000000001,70,12953ms
100000011000001000110000010000000110,001010100010000001001010000100001000,010101000001010100000100001000100000,000000000100100010000001100011010001,138,7056ms
000001011000010000100110010010000000,110100000000001010001000001101000000,000000000111100001000001100000000011,001010100000000100010000000000111100,15,16619ms
110100100000000000001101000001100000,000001000000100011100010001100000100,000000011100001100000000110000011000,001010000011010000010000000010000011,102,3708ms
111100101100000000000000000000000110,000010000011001000010001000101000001,000001000000000011101010000000111000,000000010000110100000100111010000000,135,1486ms
100011001000000100010001000011000000,000000000010010000101000010100100110,000100010001101011000000000000001001,011000100100000000000110101000010000,78,21077ms
011000010000000010100000100000101100,000100001110110001000100000000000010,100011000001001000000000011001010000,000000100000000100011011000110000001,113,24072ms
110011101000001000000000000010010000,001000010100100000100010001100100000,000000000011000110010001010001001000,000100000000010001001100100000000111,122,13360ms
101110111000000000000001000000100000,000000000010100010100010001010011000,010001000001001001000100110000000010,000000000100010100011000000101000101,162,1071ms
001100100000111000000000100000100100,000010010001000011011000000000011000,000001000100000100000011000111000001,110000001010000000100100011000000010,56,4795ms
000010111000110000001000010000010000,001100000001000001000101001010100000,010000000110000100000010000101001010,100001000000001010110000100000000101,71,4100ms
001010000000001000000101000000101011,000000111001100000110010000001000000,010000000100010010001000101100000100,100101000010000101000000010010010000,58,3566ms
001111111000010000000000010000000000,000000000001100011011001000010100000,110000000000000100100000100001010110,000000000110001000000110001100001001,177,206ms
000110011000000000010010100101000000,000001100001100001100100000000000110,110000000100000010000001011010000001,001000000010011100001000000000111000,172,287ms
111100110000000000000000100001000010,000000000000111010101010001000001000,000000001011000101000101010010000000,000011000100000000010000000100110101,127,6220ms
100111111000000000010001000000000000,000000000011000011001010100011000000,010000000000101100100100000100010100,001000000100010000000000011000101011,177,106ms
000000010100100111000010100000001000,010111100010000000010001000010000000,001000000000001000100100011000100011,100000001001010000001000000101010100,0,1473ms
011101011000001010000000001000000000,000000100110100001100000100000100010,100010000000000000000011010011010100,000000000001010100011100000100001001,157,3421ms
010011010000011000000010000001100000,000100101100000010000001001000011000,101000000000100100100100010010000010,000000000011000001011000100100000101,119,4510ms
110011000110010000000001000100000000,000100100000100110000000001001011000,001000011000001001000100010010000100,000000000001000000111010100000100011,157,613ms
101011100000100010001000000001000000,000000000100010000010100100000011101,010000010000001000100001011100100000,000100001011000101000010000010000010,157,790ms
111111111000000000000000000000000000,000000000000101000001100100011101000,000000000110000111000011010000000100,000000000001010000110000001100010011,177,72ms
000100011010000000010000010000010101,100001000000001100000100001010101000,000000000100100011001011000101000000,011010100001010000100000100000000010,43,9705ms
010010010000000000000101111000100000,000000000001010011010010000000011010,100101000110001000000000000110000100,001000101000100100101000000001000001,157,1324ms
101100110000000000000011000000000101,000000000100110001000100100001110000,000011000010001000101000000110000010,010000001001000110010000011000001000,157,714ms
110100111001000000010000010000000000,000010000100001001000110000000010101,001001000000100000001001101001000010,000000000010010110100000000110101000,157,1341ms
000011010000000100001100010010100000,010100001100000010100010000100001000,001000000001010000000000101001000111,100000100010101001010001000000010000,0,1146ms
111101101000010000000010000000000000,000000000001001010100001101000010100,000010000100100100001100000011000001,000000010010000001010000010100101010,157,799ms
100111001001000000000010000001001000,010000100000100000010001011000100010,000000010100001100101100100100000000,001000000010010011000000000010010101,153,14823ms
010110111001001000100000000000000000,000000000010000000011110110001000010,100000000000010011000000000110011001,001001000100100100000001001000100100,177,7016ms
101000001000100000000000110010101000,010110100001000010010000001000010000,000001010100010100000110000100000001,000000000010001001101001000001000110,100,11730ms
100001011010000001010100000100000000,010010000000000000100011010001110000,000100000100101000001000000010001110,001000100001010110000000101000000001,116,23056ms
000100100000000000101001001001000110,000000000101101011000100100100000000,111011000000000100010010000000100000,000000011010010000000000010010011001,157,1206ms
011110100000000000000101000100010000,100000000000000001110010101000001001,000001000000101110001000010010000100,000000011111010000000000000001100010,105,43197ms
000101001100101000000100000000101000,000000110010000101000001000000010101,011010000001000000110010110000000000,100000000000010010001000001111000010,117,51267ms
100101000110000000000010000001110000,001000110000010100101100000000000001,000010000001100000010001010100001100,010000001000001011000000101010000010,106,1561ms
101010100100000000011101000000000000,000000010000010111100000000011100000,010101000000000000000010011100010001,000000001011101000000000100000001110,157,443ms
000101101000000110011000000000010000,001000010000101000100000000011001001,100000000000000001000101101100000110,010010000111010000000010010000100000,95,17860ms
010001100000000000101000001000010011,100100000000011000000011010000101000,000000011101000100010000100001000100,001010000010100011000100000110000000,82,2430ms
101001000000001011000000001011000000,000010000000000000111001100000010101,000100101011000100000000010000100010,010000010100110000000110000100001000,85,6638ms
111010110000000001000001001000000000,000101001000000100000010100010000101,000000000100001010010100010001101000,000000000011110000101000000100010010,131,15264ms
101100100000000000100000010001000101,000010000001101001001000000100001010,000001011000000100010000101000110000,010000000110010010000111000010000000,134,3206ms
011110111000100000000000000000100000,000001000101001000000101100000010010,100000000000000110011010001000001100,000000000010010001100000010111000001,164,4305ms
010100001001010000000000000001011001,100000100100100011000000100000000110,000011010000000000100111010100000000,001000000010001100011000001010100000,108,12210ms
011110011000010000000000100000001000,000001000100100010010100001000000101,000000100000001101000011000100010010,100000000011000000101000010011100000,106,6504ms
000001010000001011001110000000000001,000000100100100000100001010001100010,110110000010000000010000000100010100,001000001001010100000000101010001000,147,3254ms
110110110000000000010000000010010000,000000000011111000100000000100100010,001000000000000010001101110000001100,000001001100000101000010001001000001,147,1690ms
001000001100000000101100100010001000,100000100000011010010000000001000011,000011000000000000000011011100110000,010100010011100101000000000000000100,56,15033ms
101110101000001100000000010000000000,010001000100000000010101001000001001,000000010001010011100010000010000010,000000000010100000001000100101110100,141,10608ms
001111101000000000100000100001000000,100000010010011001000000001100010000,000000000000100000011110000010101010,010000000101000110000001010000000101,111,5490ms
