001011100100010000000000000001010001,010000010001000001001010000100100010,000000000010001110100100101000000100,100100001000100000010001010010001000,50,17147ms
110010101000000010000010100000000100,000001000100010000000001010001001011,001100000001001001111000001000000000,000000010010100100000100000110110000,157,3862ms
111100000100000000100011001000000000,000010011000101000001100000000000101,000001000011000110010000100000010010,000000100000010001000000010111101000,157,420ms
001100110000000010000100001010100000,000001001001010001000000000100011010,010000000100001100110000100000000101,100010000010100000001011010001000000,70,27373ms
101011011010000000000000000010001000,000000000100000101001010100100100100,000000100000100010010001011000000011,010100000001011000100100000001010000,85,12933ms
011100011000000000010010000101000000,000011100110000101000001000000000001,100000000000001010000100100010110010,000000000001110000101000011000001100,157,7601ms
110101100000000000000000001000010110,001010010000001101000100100000000001,000000001101000000101001000110100000,000000000010110010010010010001001000,136,11927ms
111101100000000001000000000000000011,000000000100000100110100001001011000,000000010010101010001000110100000000,000010001001010000000011000010100100,143,1099ms
001101110000000001000000001000100100,010000000001000110011110000000000010,100000001100101000000000010011000001,000010000010010000100001100100011000,130,4170ms
001100101001000010000000001000100100,110010000000100000000101100010001000,000000000110001001111000000000010001,000001010000010100000010010101000010,63,3989ms
110101001000010001000010000001000000,000000000110000000001000011010010011,001010100001000100010001100000001000,000000010000101010100100000100100100,122,3672ms
001111111000000001000000000001000000,100000000001101010000001100000010100,000000000110010000000000011100101010,010000000000000100111110000010000001,120,7126ms
000000001100101001000000101000101000,001011000000000010101001000000010001,110000010000000100010110000110000000,000100100011010000000000010001000110,115,767ms
001001101010000000000000100010110000,010000000001110000010010001100000010,000110000000000101001101000000001100,100000010100001010100000010001000001,53,1517ms
011110110000000000000000001100001000,000000001010100011001000010000010010,000000000001011000100001000011100100,100001000100000100010110100000000001,143,13926ms
101101001010100000000010000100000000,000000100100000010010001110000011000,010010010000000001100100000000000111,000000000001011100001000001011100000,157,90ms
011100001000000010000001100010000010,000001000101001000010110000100001000,000000000010010000101000001001110100,100010110000100101000000010000000001,70,34312ms
110010000000010000000100100000110001,000100001000001100001001010001000100,000001010001000011100010000110000000,001000100110100000010000001000001010,132,154ms
010110100000000000001100000110010000,000000010110011011000000000000101000,000001000000100000110011001001000100,101000001001000100000000110000000011,133,9097ms
111110000100001010000000000010000000,000001010000100100100110010000000001,000000000000000001010001101001100110,000000101011010000001000000100011000,150,6288ms
011110101000010000010000000000100000,100000000001101100000101000001000001,000001010010000010001000011000011000,000000000100000001100010100110000110,82,18847ms
100100111010010000000000001001000000,010010000000001001100100010010010000,001001000001100100001011000000100000,000000000100000010010000100100001111,98,14400ms
001111100000010100000000000100000100,110000000101000000001110110000000000,000000011010101000000001001011000000,000000000000000011110000000000111011,97,15578ms
010011101000100000000100001000001000,001100010000000000101001000100100010,100000000011010110000000010011000000,000000000100001001010010100000010101,105,92510ms
001010111000100000010000000100100000,010100000100010000000110100011000000,100000000001000011001001000000001110,000001000010001100100000011000010001,102,5346ms
100100110000000000000001100100100001,001000001100000010001010000001001100,010000000010111100000000011010000000,000011000001000001110100000000010010,122,2260ms
111001100100001000100100000000000000,000000001010100001010000111001000000,000000010001010000000011000110110000,000110000000000110001000000000001111,151,1150ms
001111010011000000000011000000000000,000000001000000101010000011010010001,110000000100001000001000000100001110,000000100000110010100100100001100000,177,540ms
111000000011100000100000000000100100,000100000100001000000100100100011001,000000000000000011010011011010000010,000011111000010100001000000001000000,95,5995ms
001010001010000000000001101100000001,000100010000000110100000000011001010,100001100000110000010010000000010100,010000000101001001001100010000100000,110,8308ms
100101101000000000100000101000000100,001010000111000011000010000100000000,000000000000010100011100010000011001,010000010000101000000001000011100010,129,16015ms
110001011011000000000000100100000000,000000000100101001110001000000001001,000100100000010110001010000010010000,001010000000000000000100011001100110,126,6402ms
100111000001000100001100000000100000,010000000010100000100010010011000001,000000110000001010000001100100010010,001000001100010001010000001000001100,103,1493ms
100101011110000000000000000110000000,000000000000110110000101100000000101,010010000000000001010010011000011000,001000100001001000101000000001100010,157,21ms
100100011000000001100010000100001000,001001000100001110000100000010000010,000000000001110000000000111000110100,010010100010000000011001000001000001,91,6987ms
000001100100101000000000100001001100,101000001000000000101001011100000000,000010000010000101000110000010000011,010100010001010010010000000000110000,0,1935ms
011111001000000000001100000000010000,000000000001010010100001001000101100,100000010100101001000000100010000010,000000100010000100010010010101000001,170,2735ms
111111100000000000000000010010000000,000000000001110100000010001101010000,000000001000000011110100100000000011,000000010110001000001001000000101100,177,173ms
101011101000000010100000000000100000,000100000011100000001110000001000010,000000010000011001000000111000001001,010000000100000100010001000110010100,126,529ms
000011101000000011110000000000000100,100100000011000000000100000011010001,010000000000111100000010100100000010,001000010100000000001001011000101000,82,2158ms
010100011100000100000001000000001001,100001100010000000000010000101110000,001010000001000011010000100000000110,000000000000111000101100011010000000,61,14399ms
100010100100001000000000000010101100,000100000001000100010001101001000010,011001010010000000000100000100010001,000000001000110011101010010000000000,157,7086ms
111000001100000000100000000100000101,000110000010100000000000101001001010,000000110001010000001010010010010000,000001000000001111010101000000100000,157,46ms
101010011010010000000000100010000000,000001000100100010000110010000100001,010100000001000100010001001000010100,000000100000001001101000000101001010,121,1972ms
110101010000000000000100100000001100,000000100110010001101000000001100000,000000000001101100000000010010010011,001010001000000010010011001100000000,110,23955ms
101011010001100010000000000100000000,010100001110000100000000100001010000,000000000000001001101001001010100010,000000100000010000010110010000001101,101,36679ms
011000001000110110001000000010000000,100000000000001000010011011000100001,000010010011000001100100000100010000,000101100100000000000000100001001110,86,2523ms
000101011000000000000001001000100011,000000100011010010100100000100000100,101010000100100001001010000000010000,010000000000001100010000110011001000,126,3106ms
000100100000000001011100000100101000,100000010010000110100010000010000001,010001001100101000000000001000000110,001010000001010000000001110001010000,83,3550ms
010111110000000100000000010001000000,101000000010000000000101000010111000,000000001100110010010000001100000010,000000000001001001101010100000000101,115,7740ms
010101010000000010100010000100010000,101000100001100000001000100000001001,000000000000010101000101010011000100,000010001110001000010000001000100010,76,5664ms
011000000100011000001101001000000000,100000000011000001000000110101010000,000100011000100100000010000000100101,000011100000000010110000000010001010,49,19795ms
001100100010000000110000010100001000,000010000100110011000000000010000101,010001010000000000000111101000100000,100000001001001100001000000001010010,119,55352ms
111010100000000000010010000000010010,000000001010100000001101001010100000,000100010001000010000000110100001001,000001000100011101100000000001000100,150,566ms
010100111100000001000000100000010000,000000000000001100000011001111000010,101001000010000010001000000000101100,000010000001110000110100010000000001,146,5180ms
110000101000000001000000000101001010,001000000001000110000001010000100101,000011000100100000101110000000010000,000100010010011000010000101010000000,151,3547ms
110100110000000000000001000000100101,000000001100100100010100110000000010,000011000001001000100010001010010000,001000000010010011001000000101001000,142,1911ms
100010111001000010000000010010000000,000001000000000001100100000001011011,001000000110110100000010000000100100,010100000000001000011001101100000000,100,11080ms
110110101011000001000000000000000000,000000010100001110000000000001100011,000001000000000000001110100110001100,001000000000110000110001011000010000,177,8632ms
010001000001100000100100000010001100,100000000110000001011000100001010000,001100111000000100000010001100000000,000010000000011010000001010000100011,98,3509ms
001010101000000000000010000000001111,010001000101101100000000000110000000,100100000000000011001000101001100000,000000010010010000110101010000010000,93,59713ms
001101111000000000000000010001000001,010000000100000110001011000110000000,000010000010010001110100101000000000,100000000001101000000000000000111110,97,40060ms
001110010110001000000010000000000010,000001000000110000100000110001010100,010000001001000000011100001000001001,100000100000000111000001000110100000,101,7787ms
000111011001000000010000100000010000,000000000000101111100100001001000000,011000100100010000001000000100101000,100000000010000000000011010010000111,109,26287ms
000101101000001010000010100000000100,000000010110100000000100001011100000,100010000001000100001001000100001001,011000000000010001110000010000010010,87,3164ms
000111101000001010000000000001010000,000000010100100000000000101110000110,101000000001010000111000010000001000,010000000010000101000111000000100001,177,2066ms
101000011100000000101000101000000000,010010000000010000000101000010011001,000100100001101101000010000000000100,000001000010000010010000010101100010,133,5948ms
110111001100000000000000000100000010,000000100000011001010100011000100000,001000010000000100101000000010001101,000000000011100010000011100001010000,177,78ms
101010000000000000100010000101000110,010000010110000101000101000000000001,000001001000011010010000110000001000,000100100001100000001000001010110000,133,11265ms
100111111000000000010100000000000000,000000000110100000001000010101000011,000000000000000011100010001010110100,011000000001011100000001100000001000,152,3996ms
001001011001001000000001000100000100,000000000100100001000110000001001011,100000000010000100011000111000010000,010110100000010010100000000010100000,105,10947ms
111110011010000000100000000000000000,000001100000011000010000000100000111,000000000100100111000010001000101000,000000000001000000001101110011010000,177,106ms
111010010010000000000000001001000010,000000000100101100010011010000001000,000100000000010011001100000100100001,000001101001000000100000100010010100,133,4699ms
100100101000000001010101010000000000,001001000000101000001010101100000000,010000000010010110100000000010110000,000010010101000000000000000001001111,144,74701ms
101011111000000001000000000000000010,000000000001100000100000010010101101,000000000110010100000111001001000000,010100000000001010011000100100010000,132,13548ms
000100011010000000100000100000101100,100010000100010101000000010101000000,001001100000000010001111000000010000,010000000001101000010000001010000011,60,3443ms
001011001000001100010001000000100000,000000000100100010000010010011010001,010100010001000001001100100000000100,100000100010010000100000001100001010,46,10188ms
110100001000100000110000000001100000,001000000001000010001100110000001010,000011000000010000000000001110010101,000000110110001101000011000000000000,157,1985ms
111101011000000010001000000000000000,000010100011010000000000111000000010,000000000000001000100110000010101101,000000000100100101010001000101010000,151,3589ms
100001010100000000001010011000000100,001100000000000011010001100001010000,010010000001010000100100000010001001,000000101010101100000000000100100010,134,7418ms
111010000000010100100010000000100000,000101100110100010000100000000000100,000000010001001001000000110111000000,000000001000000000011001001000011011,142,20744ms
110011111000000000000000000100010000,000000000101001000111100000010000001,000000000000010101000010011001101000,001100000010100010000001100000000110,143,1002ms
100010010001000000000100000001011100,000000001010011000101000000100100010,011000000100100100000001010010000001,000101100000000011010010101000000000,111,24781ms
010010111000000000110010000001000000,001000000000010011001000000100110010,100100000010100000000100111000001000,000001000101001100000001000010000101,157,1908ms
010111010001000001000000000010000100,001000101000000110010000000000111000,000000000000110000001101111000000001,100000000110001000100010000101000010,66,76303ms
000010101000010001001000001001000100,110000000001000100010110100000100000,001100000100000000100000010100011001,000001010010101010000001000010000010,74,8659ms
010110010010010000110000000100000000,000000101100001010000100000010000101,100000000000100000001010011001101000,001001000001000101000001100000010010,166,1063ms
010101111000000000100000000001001000,000010000000010010000000110000010111,000000000010100100001111001100000000,101000000101001001010000000010100000,108,5307ms
101110101000010000000000000000010010,000000000000101100000000110101100001,000000010110000010101011001000000000,010001000001000001010100000010001100,177,8595ms
100011000111000000000100100000000100,010000001000000110010001001000001010,001100010000010000000010000101100001,000000100000101001101000010010010000,140,1126ms
110110100000000010010000000001001000,000001001010011000001000101100000000,000000010100100100000111010000000100,001000000001000001100000000010110011,145,12161ms
000101111000000000100000000001100010,001000000001101100010000001110000000,000000000110000010000101110000000101,110010000000010001001010000000011000,64,1191ms
100001110000100000010000000000101100,011010000000000101000000011100000001,000000001010011010001000000001010010,000100000101000000100111100010000000,62,7953ms
101111010000010001000001000000000000,010000000011000100000010110001000100,000000000100100000011100000100100011,000000101000001010100000001010011000,173,3207ms
011110111000000000010000000001000000,000001000011000000001101000010001001,000000000000000110100010110100110000,100000000100111001000000001000000110,139,20031ms
101010111000010000010000100000000000,010001000011000000001010001000100001,000100000100101000000001000110010100,000000000000000111100100010001001010,136,13711ms
100001011001000100000100000010010000,000110000000110000001001000101000010,011000000100001000100000100000100101,000000100010000011010010011000001000,130,1999ms
010101001100001000000000000101010000,000010000010100010011110000000000010,101000010000010100000000100010100100,000000100001000001100001011000001001,157,467ms
100010011100000000000100011001000000,011101000000000001100010000000010100,000000000001100000010001000100101011,000000100010011110001000100010000000,98,6395ms
111010110011000000100000000000000000,000000001100010011001010100010000000,000100000000001100000000010001100111,000001000000100000010101001100011000,139,241ms
011001010001000000100001000000000011,000100001010010100000000111000000100,000010000100001001000110000011010000,100000100000100010011000000100101000,95,6889ms
111110110000000000000000001000000100,000001000010101000001100100010010000,000000001001000001100000010101000011,000000000100010110010011000000101000,177,176ms
010010000000100010100100000101100000,000100010100000000011000001010010100,001001101000010100000000110000000010,100000000011001001000011000000001001,93,1293ms
010001011010001000010100000000100000,000010100000000110100010010100000100,100000000100100001000001001010011000,001100000001010000001000100001000011,143,4262ms
011101110011000000000010000000000000,100000000100000100100101001000010100,000000001000110000000000100110101001,000010000000001011011000010001000010,81,51688ms
101111110000100000000010000000000000,000000001011001000100001001001010000,010000000100000000001100010110100001,000000000000010111010000100000001110,177,129ms
010011011000000010000000000000001011,000100100011000101000110000100000000,100000000000111000011001100000100000,001000000100000000100000011011010100,119,16196ms
011111011000000000000000100001000000,100000000111010100000000001000101000,000000100000100001001101000110000100,000000000000001010110010010000010011,133,7556ms
000011111010000010001010000000000000,001000000101010001110000100000100000,110100000000000100000100010101001000,000000000000101000000001001010010111,144,4637ms
111010011100000000000000010001000000,000100000011000110011000000110000000,000001000000011000100000100000111010,000000100000100001000111001000000101,148,743ms
000001011000001010000000001100000110,011110000001010000100010100000000000,100000100010100000010100000010100001,000000000100000101001001010001011000,75,27443ms
111000110000001100000100000000010000,000000000110100000011001000100000110,000000001000000011000010011010001001,000111000001010000100000100001100000,89,7254ms
000001110000010100100000001000001010,100100000100001000010010100100010000,001000001010000010001001010001000001,010010000001100001000100000010100100,23,847ms
111000010100000000010000010100000100,000011100010001000000101100000100000,000100001001100100000010000011000010,000000000000010011101000001000011001,157,2205ms
100111101000000010001000000000000010,010000000001110001000000110100000100,000000000010001000100110001010100001,001000010100000100010001000001011000,138,5944ms
110101110000010000000000000011000000,000000000111000000001010100100100010,000000001000100010110100010000010100,001010000000001101000001001000001001,121,1422ms
000001111010000001000000000010010001,001000000000010100010011000001100010,000110000000101000100100001100001000,110000000101000010001000110000000100,88,10636ms
101100101000000100000000100000010010,010000000000001010100111000101000000,000010000011010000010000010010100001,000001010100100001001000001000001100,118,2913ms
011000010001000001000000010010000011,100100000010011000001000100000011000,000001101000000010000010001101000100,000010000100100100110101000000100000,84,12135ms
000110101000110000101000000000000001,000000000001001110000101110100000000,001001000000000001010010001011100000,110000010110000000000000000000011110,61,10087ms
101100010000001010101001000000000000,010001100010100000000000010100100010,000000001001000001010000100010011001,000010000100010100000110001001000100,98,30918ms
111111110000000000000000000000000100,000000001010001000001001011011000000,000000000001110111000000000000101001,000000000100000000110110100100010010,162,3112ms
110111010100000010000000000000001000,000000001000110001001011010000010000,001000000001001000000000101001000111,000000100010000100110100000110100000,151,2114ms
000101001010000100010000010000011000,110000000000100000000010100010100110,000000100000011001101000001100000001,001010010101000010000101000001000000,56,4270ms
001101000000000000000000100100011101,010000111100010111000000000000000000,100010000001100000000101000010100010,000000000010001000111010011001000000,108,137856ms
001100111000000000000100010001000001,000010000101100100010000001010010000,000000000000001010101001100000100110,110001000010010001000010000100001000,54,17022ms
101110000000101000010000000100100000,000001000110010000000100001000001101,000000101001000101001000010010000010,010000010000000010100011100001010000,133,1426ms
001111001000000000000110000001100000,010000010001001100000001000000001011,100000100100000000010000001110010100,000000000010110011101000110000000000,177,343ms
001011010000000100000110000000000110,010000100011110000100000100000001000,000000000100001001010001000111100000,100100001000000010001000011000010001,62,23359ms
000110111100010000100000000100000000,010000000000001000001001011010001100,101001000011000010000000100001010000,000000000000100101010110000000100011,177,77ms
011000110001000000001000010000100100,100000000000010011100001100000001010,000101000010000000010100000111010000,000010001100101100000010001000000001,68,18676ms
100110100000000000000100011000010100,000000010101001101000010100010000000,000001000010010010011000000001001010,011000001000100000100001000100100001,98,12080ms
010011111000000000000000000001110000,100100000101100001000000001100000100,001000000010010100101000010000000011,000000000000001010010111100010001000,93,24491ms
011110010100010000000000000010000100,000001101010000000010010010100000001,000000000000101000100001000001111010,100000000001000111001100101000000000,112,72080ms
101101011010000000010100000000000000,000000000001010001001001101001100000,000000000100101100100010000100010010,010010100000000010000000010010001101,133,30581ms
110000111011000001000000000100000000,000010000000001010010100001001110000,001100000000110000001001100010000100,000001000100000100100010010000001011,157,102ms
101001010100000010000100000110000000,000100101000000001000000100000110110,010000000000001100110000010001001001,000010000011110000001011001000000000,157,10770ms
111101110000000000000001000010000000,000010000000101010101010000000100001,000000000001010001010000100101000110,000000001110000100000100011000011000,157,647ms
100110110000001010000000001000010000,000001001010000100010001010000000011,001000000101010001101000000101000000,010000000000100000000110100010101100,177,148ms
000101110010000000001010010000000001,010010000000001011010000001000011000,001000001101110000000000000010100100,100000000000000100100101100101000010,73,53501ms
101010001000000010000000101000100010,000001010000011001000101000100001000,000000100101000000011010000010000101,010100000010100100100000010001010000,120,1196ms
010110110010110010000000000000000000,001001001100000000100000011000001001,000000000001000101001000000111000110,100000000000001000010111100000110000,82,198457ms
000111110000000000101000001000000100,101000000010000110010110000000100000,000000000100001000000001010111010010,010000001001110001000000100000001001,99,22713ms
111001010001000000000100000110000000,000000000000000001010001011000110101,000110101010001000000000100000001010,000000000100110110101010000001000000,163,1144ms
000001001100000100010010000000011100,011010000000011000001000000011100000,100000000010000001000100111100000010,000100110001100010100001000000000001,91,3591ms
100011010110001000000000001000010000,010000101001000110000000000110000001,001000000000010000100110000001100110,000100000000100001011001110000001000,110,38892ms
100000100011000101100001100000000000,000100001000001010000000001010100011,011001000000110000000100010000001100,000010010100000000011010000101010000,157,5168ms
101101111000001000000000000000100000,000000000001000011100000010001010101,010000000100010000010000001110001010,000010000010100100001111100000000000,157,1049ms
011001110000001000000000000100001001,000110000110000011000100000001000100,100000001001000000111000000010100010,000000000000110100000011111000010000,157,864ms
111101010000001010000000000000000010,000000000001100001110000000011001100,000000100000000000001011111100100000,000010001110010100000100000000010001,157,5172ms
011001111000000001000100000000001000,000010000100001000000011011000010010,000000000000100010101000000011100101,100100000011010100010000100100000000,72,37580ms
110110001000110000000000000000101000,000000010111001000010000010100010000,001001000000000011001100100010000010,000000100000000100100011001001000101,150,3961ms
110001101001110000000010000000000000,001010000000000001100000101100010010,000000000010000110001001000001101001,000100010100001000010100010010000100,110,31324ms
010001111000100001000001000010000000,000100000000000110001000001101101000,100000000000011000010110100000010001,001010000111000000100000010000000110,119,13582ms
000111000010000000001000100110000010,000000000001101000000000010001111001,101000101000000110000100001000000100,010000010100010001110011000000000000,128,110762ms
101110011000000010000000011000000000,000001100000000000111001000101100000,010000000001001100000010100000011001,000000000110110001000100000010000110,136,15548ms
111100001000000000010010000010010000,000001110000011100000000000000000111,000000000110000001101001010001100000,000010000001100010000100101100001000,157,9424ms
100110010010010010000001000010000000,010000000000001000011000000101110010,000001100001100100000010001000001100,001000001100000001100100110000000001,108,21783ms
111001111011000000000000000000000000,000010000100000001001010000011001001,000000000000011010010100110000000110,000100000000100100100001001100110000,140,204ms
100001100010100000000010010010010000,000100001000000011010000101000101000,000010010001001100001100000001000100,011000000100010000100001000100000011,70,616ms
000011000000010100001010000000110100,001100001000101010000000100010000001,010000100010000000110101010000000010,100000010101000001000000001101001000,21,7730ms
110000110000001000000000000010100011,000001000010100000010011010000011000,000100001101000110101000100000000000,001010000000010001000100001101000100,157,3812ms
001110111000000100001000001000000000,100001000010010000110000100000000101,000000000100000001000111010010011000,010000000001101010000000000101100010,96,38603ms
000110110111000000000000010001000000,001001000000101001010010000000001010,000000001000010000100001001110110000,110000000000000110001100100000000101,104,1233ms
010100110110001000100010000000000000,000000000001010010010100011110000000,100001001000000101001001000000001010,001010000000100000000000100001110101,145,5738ms
011111000010000000110000010000000000,000000000000110100001001000011000011,000000101100000010000110101000010000,100000010001001001000000000100101100,137,41779ms
001101001000100000001010000000110000,000000100100001001100100000100000101,110010010001010010000000000001001000,000000000010000100010001111010000010,141,7481ms
011111010100001000000000000100000000,100000100010000000010011000000101001,000000000001110001101000000001000110,000000001000000110000100111010010000,140,10121ms
100101110000100000100011000000000000,000000000101001000001100100010100001,001000000010000111000000010100010100,010010001000010000010000001001001010,125,17609ms
011011011000000010100000000001000000,100000000011100001010000100100100000,000100000100011100000000001010001100,000000100000000000001111010000010011,98,30710ms
011111101100000000000000000010000000,000000010011100000000000100000111010,000000000000010100101101000101000100,100000000000001011010010011000000001,137,36710ms
111100010010100000100001000000000000,000000100001010110010000000100100001,000000001100000001001100011010010000,000011000000001000000010100001001110,157,292ms
000000101001000100010100010001000100,011000010010001001000010000000100001,100111000000000010101000001000000010,000000000100110000000001100110011000,122,15142ms
001110110000001000000100000000001100,100001000000100100000001001001100010,000000000101010011000000100110010000,010000001010000000111010010000000001,105,33988ms
011001011000011000100000000010000000,000100000100000000001101001100001100,000010100001100000010000000001110001,100000000010000111000010110000000010,77,13744ms
101001011100000000000000010001001000,000000100001001000000010101000010101,010100000000000011101001000100100000,000010000010110100010100000010000010,157,26ms
110111111000000000000000000001000000,000000000010000011100010000100010101,000000000100001000011001110000100010,001000000001110100000100001010001000,159,872ms
110111000000000100000000000000101001,000000000101111000000010110000000010,001000001000000001110001001010000100,000000110010000010001100000101010000,166,2160ms
001000110011000010000010100000000001,000001001100011000000000010100010010,000000000000000000111100001011001100,110110000000100101000001000000100000,33,59746ms
111101111000000000001000000000000000,000000000001100000010100001110011000,000010000100011100000010010000100001,000000000010000011100001100001000110,157,6123ms
011100111000000000001000110000000000,100011000011011100000010000000000000,000000000000100011010000001001111000,000000000100000000100101000110000111,78,659782ms
011101001000010001000001001000000000,000010010000001010010000100100011000,100000000000000000000110010010100111,000000100111100100101000000001000000,128,57791ms
010100010111001001000000001000000000,100010000000010100001010010001001000,000000001000100000000101100000110101,001001100000000010110000000110000010,43,21038ms
001000100000000011000010000101011000,000010010001001100000101000010100000,010000001100010000010000011000000101,100101000010100000101000100000000010,55,5158ms
001001100100110000000000000001100001,100000000000000100000111010100001100,010000000001001010001000101000010010,000110011010000001110000000010000000,49,18639ms
101110001000000011000000000001100000,000000010101110000010001010000001000,010000100000001100101110000100000000,000001000010000000000000101010010111,177,756ms
110011110000000001010000000100000000,000000001011011000001100100000001000,001000000000000100100001000000110111,000100000100100010000010011011000000,157,29ms
000001010001011001110000000001000000,001100000000100100000001101000101000,000010001100000010001100000000000111,110000100010000000000010010110010000,30,990ms
011010111000000000101000000000010000,000100000000101001000001001110001000,100000000111000010000010010001000100,000001000000010100010100100000100011,157,452ms
110000011000010000001010010000010000,000010000000000000000100101001001111,001101100100100100010000000100000000,000000000011001011100001000010100000,157,1442ms
001110000010000000000010000101000011,000000000100001100101100100000101000,010000000001010010010001011000000100,100001111000100001000000000010010000,73,34533ms
100000000100000011000001100110000100,010011000000010000000000010001101001,000100010001100100101010001000000000,001000101010001000010100000000010010,113,20304ms
100011011000000000000000100001100010,000000000010000111010000000110010001,001000000101101000001100010000000100,010100100000010000100011001000001000,94,60725ms
100011110000000000000000110000100100,000000000101001100000111000000010010,011000001000100011000000000101001000,000100000010010000111000001010000001,157,1047ms
111110111000000000000001000000000000,000001000011000000000110001100001100,000000000000000111010000110001100010,000000000100111000101000000010010001,156,1536ms
111001000001000000000000000101100010,000000101010000001000100101010010000,000110000000111000011010010000000000,000000010100000110100001000000001101,177,1116ms
010011001000011000100000100001000000,001000110010000001000000010100100010,000100000100100010000011000000001101,100000000001000100011100001010010000,61,22520ms
000000111010000001001100000100000100,110000000001001000100010000010001001,000001000100000100010001010001100010,001110000000110010000000101000010000,46,1175ms
011000111000100000100000000100000001,000000000011001010011100001000000010,000000000100010000000011100001111000,100111000000000101000000010010000100,103,28879ms
111010001000010000000000001000010001,000101000101100101010000000000100000,000000110000000000001111100100000010,000000000010001010100000010011001100,147,45686ms
110110110000100010000000000000000010,001000001110000001000010111000000000,000001000001001000010000000011110100,000000000000010100101101000100001001,132,74579ms
110010001000100100000101000000000010,001000010100001011001010000000000001,000000100010010000110000101100100000,000101000001000000000000010011011100,157,16760ms
111100011000100000000000000010001000,000000000010000001010010110000010101,000001000101010010100101000001000000,000010100000001100001000001100100010,157,1823ms
010110001000001000000000101001000001,100000010101110010000000000010100000,001000000000000101101110000000011000,000001100010000000010001010100000110,82,9905ms
111100111000000000000001000000000001,000000000000101001100000010000101110,000000000101000110001110001010000000,000011000010010000010000100101010000,133,10766ms
101010100100000100001000001010000000,010001000010100011100000000000001001,000100001001001000000100010001010010,000000010000010000010011100100100100,113,5927ms
010110101000100100100010000000000000,100001010000000001000000100001110100,001000000110001000001001011000001000,000000000001010010010100000110000011,129,37363ms
000010111000000000000101000100000101,011000000011000001010000101000000010,000100000000000100001010010011110000,100001000100111010100000000000001000,44,24540ms
010111001100000100000000000101000000,000000100010001001010010000000110001,000000010000010010000100110000001110,101000000001100000101001001010000000,119,8968ms
110111011000000000011000000000000000,001000000100100001100111000100000000,000000100010011000000000001001001110,000000000001000110000000110010110001,163,160ms
001010110010000011001000000000001000,100000001000010000010010010010000110,010101000001000000100000100101100000,000000000100101100000101001000010001,100,16541ms
111110001100001000000000000000010000,000000000011000001100001100001001001,000001000000110110001110000010000000,000000110000000000010000011100100110,154,8831ms
001111101001010000000100000000000000,000000010000001001001000011000110010,010000000100100100000011100001000001,100000000010000010110000000110001100,119,9093ms
010101011011000001001000000000000000,001000000000110100110000001100100000,100010000000000000000000100011001111,000000100100001010000111010000010000,140,23109ms
101101100000000000000010001101000000,010000001000010000100001100010001001,000010010010001101000100000000110000,000000000101100010011000010000000110,117,11332ms
010001010011001100000000100000000001,000100001000100000100100000011011000,001010100000000010010001000100100100,100000000100010001001010011000000010,88,60281ms
010101110000001010100100000000000000,000000000000010001010011100100001001,000000001011000100000000011011000010,101010000100100000001000000000110100,68,34305ms
010100001100000011010001000001000000,001001100000101100101000000000100000,100000000011000000000110011000001100,000010010000010000000000100110010011,96,37244ms
101111001000000000000000100000000101,000000100011010010000010000110001000,010000010000101100001001001000100000,000000000100000001110100010001010010,147,9480ms
001011011000100000100000000101000000,100000000000010100011000010010101000,010000100110001000000001001000000011,000100000001000011000110100000010100,116,2040ms
001000101011110001000000000000001000,110010000100000000101100100000100000,000000010000000110010011000100000011,000101000000001000000000011011010100,43,10788ms
001000001000101000000100010000001011,000000010000000100010000101101110000,000100100001010001101011000000000000,110011000110000010000000000010000100,6,12607ms
000110000000000001101000000001011100,000001000001001100010100010100000010,100000101000110000000011000010100000,011000010110000010000000101000000001,98,7761ms
110101000000000001000001000010100010,000010101000001100011100001000000000,001000010101000000100010100001000100,000000000010110010000000010100011001,157,32220ms
100000001010000100000010000001101100,001100000101011001100000000000000010,010010000000000010011100011010000000,000001110000100000000001100100010001,81,23278ms
010011000010010000000001011000000001,000000010001100001010010000011000010,100100101000000100000000100000111000,001000000100001010101100000100000100,121,4760ms
110001000100000010000010010000100001,001010000000000001101101101000000000,000000010011111100010000000010000000,000100101000000000000000000101011110,97,554072ms
011010011000000100101000000100000000,000000000000011010000011000011010001,100000000001000001010000011000101100,000101100110100000000100100000000010,157,168ms
100110000000100001001000001010001000,011001000010001010000000000001110000,000000100100010000000111000100000011,000000011001000100110000110000000100,107,12790ms
010000111000100000000000000001011100,001101000000000010001111000000000001,100000000001011100100000000010100010,000010000110000001010000111100000000,119,49414ms
100111100001000000010010000000001000,000000010100101000100100000100100010,010000001000000010000001110001010100,001000000010010101001000001010000001,136,1976ms
011111110000010000000000000100000000,000000000000000001001111000001111000,100000001110101110000000000010000000,000000000001000000110000111000000111,177,52ms
001110011001000100001000000100000000,010001000010110001010010010000000000,100000000000001000100101001011000100,000000100100000010000000100000111011,156,54590ms
101100011000000000010001000000011000,000000000000001101000000011111000100,010000100000100010101100000000000011,000011000111010000000010100000100000,147,2260ms
111110101001000000000000001000000000,000000010000100011010001100000100100,000000000100000100001110010100010010,000001000010011000100000000011001001,177,705ms
101011000001000000001010000101000000,000000000110001001100100010000000101,010000000000110000000001101010100010,000100111000000110010000000000011000,114,928ms
101000101100000010000001000101000000,010000000010000001000010110010010010,000111000001110000011000000000000001,000000010000001100100100001000101100,160,436ms
010111100000010100000000000100001000,100000000000000001101001001011000100,000000000010101000010100010000010011,001000011101000010000010100000100000,77,106582ms
110011000001100100000000000000010100,001000000000001000001110101101000000,000000001100010001110000010000101000,000100110010000010000001000010000011,128,7222ms
000111010010000001110000001000000000,110000001000011000000001010000100100,000000100101000100001000100100010001,001000000000100010000110000011001010,111,4466ms
000100000011000100110000000100000101,000000101100101010000000000001001010,010000010000010001000111001000010000,101011000000000000001000110010100000,34,23124ms
110100101000000000010000000001100100,001000000101000111100000001010000000,000010010000000000001011100100010001,000001000010111000000100010000001010,153,4559ms
010101000000000001010000101010001000,000000100010100000000100010101110000,001000000101010000101011000000000001,100010011000001110000000000000000110,80,26030ms
000101010000110001100000000000001010,101010000010001010000001000101000000,010000000000000000010110010010110100,000000101101000100001000101000000001,51,10251ms
111000101000000000000001001000000011,000001000010001010110010010000001000,000010000001010001000100000001110100,000100010100100100001000100110000000,110,20164ms
101111111001000000000000000000000000,000000000100001100011010010000000011,000000000010100001100001101001000100,010000000000010010000100000110111000,153,1314ms
010011110100000000000000000010110000,001000000010110110100001000000000100,100100000000001000000010111100000010,000000001001000001011100000001001001,157,257ms
000101100100100000010001101000000000,110010000001000000001000000101010100,001000000010000001000110000010100011,000000011000011110100000010000001000,51,44643ms
000100101011010100010000000000000010,100011000000000010100000000111000001,000000000000001001000101110000011100,011000010100100000001010001000100000,0,1488ms
111101101000001000000000000100000000,000010000000110100010000000011000011,000000000110000001100001011000001100,000000010001000010001110100000110000,157,116ms
001001010110000000010100000000010010,110000000000001011100010001100000000,000010001001110000000000100010000101,000100100000000100001001010001101000,72,2173ms
011010101001000000000110001000000000,000001000100000101100000000011000110,100100000010100000000001000000111001,000000010000011010011000110100000000,138,6983ms
100011100010000110001000000001000000,000100000000000001100110100000111000,010000010101011000000001001000000010,001000001000100000010000010110000101,139,7921ms
111010101001000000001000000001000000,000000000000111000100010100100001100,000000010010000101000100001010000011,000101000100000010010001010000110000,102,7392ms
111011001100000000000010000000000010,000000100000010011110000000001000101,000100010001001100001000001110000000,000000000010100000000101110000111000,157,19ms
000110011000011010000000000100010000,100000000010000100011100011000000001,011000100100000000100000100011001000,000001000001100001000011000000100110,142,4316ms
110100000100001000010000000100001001,000011100010000100000010011000000100,000000011001110000100001100000010000,001000000000000011001100000011100010,147,4102ms
101000000010100100000010001000001100,000100110001010001010000010000000010,010001000000001010100001100100010000,000010001100000000001100000011100001,133,2993ms
101001100001001000100110000000000000,000000000000000110001000011111001000,010000010100010000010001100000010010,000110001010100001000000000000100101,144,22753ms
110001100101001010010000000000000000,000010001010000101000000010111000000,001000000000100000101010101000010010,000100010000010000000101000000101101,157,2049ms
001100011100100010100000000010000000,000010000011000101001001000000101000,100001000000011000000010010100000011,010000100000000000010100101001010100,130,2037ms
010100100100000111100000000000000010,001001011000000000010010000000101100,000010000011011000000001010010010000,100000000000100000001100101101000001,54,29626ms
010010110000001000001000101000100000,000100000011100001000110000000010100,000001000000010110110001000001000001,101000001100000000000000010110001010,64,12679ms
101001000100100100000000000010010010,000010000001001001110000100000100100,000100010010000000000011011000001001,010000101000010010001100000101000000,120,1053ms
010101101000001000000010100100000000,100000010011100011100000000000100000,001010000000000000001101010010000101,000000000100010100010000001001011010,94,19011ms
101110111000001000000001000000000000,010001000010000001101110000100000000,000000000100110100000000101000110001,000000000001000010010000010011001110,152,12760ms
011101101000000010000000000100001000,000000000001000100011100100001100100,000000010110100000100011000010010000,100010000000011001000000011000000011,123,2386ms
000000010010000110000000110100100001,100001000000101000000000000010011110,010100000100000001111100000001000000,001010101001010000000011001000000000,69,113855ms
000110010010100100000000100010000010,000000001000000000100101010000110101,110000100000011001010000001000001000,001001000101000010001010000101000000,131,17566ms
101010010000100000000100000001000110,000101001000001010100010010000010000,000000100111000000000001001100101000,010000000000010101011000100010000001,128,3907ms
011100010000001000000011000000100010,100001000000010001100000001010000101,000000100011100000011100010000001000,000010001100000110000000100101010000,47,8368ms
010000010000001100000100101000110000,001010101101000000000010000000000110,000100000010010000110001010101000000,100001000000100011001000000010001001,56,1463ms
100001000001110000000010011000000100,001000001000000100101000100000110001,010110100000001000010001000011000000,000000010110000011000100000100001010,151,5947ms
000000110000100100000100001100000011,001101000100000010010000000000111000,100010000001010001001010100000000100,010000001010001000100001010011000000,56,1651ms
001000010100000010011000000010011000,000110000000010001000110110000000100,110001000001000100000001001000000011,000000101010101000100000000101100000,120,3467ms
111011101000000001000000000000000010,000100000000011000101010000001001100,000000000110000000010101000110100001,000000010001100110000000111000010000,157,285ms
100110101100001000000100100000000000,001001000001100010000010010000110000,000000000010010000101000001110000110,010000010000000101010001000001001001,152,5264ms
100110001000000000000010110100000010,010000100011100000001000000010101000,001001010000000000100101001000000101,000000000100011111010000000001010000,152,21728ms
010011010000000100011000000000010001,100100000100101000000010100000001100,000000001001010010000001000111100000,001000100010000001100100011000000010,65,9599ms
011100101000110000000100000000010000,100000000011001000000000011110000001,000001000100000001101001000000101010,000010010000000110010010100001000100,97,9430ms
101100110000000000100100000010010000,010011000001001000010000010101000000,000000001010100100001000001000000111,000000000100010011000011100000101000,90,19849ms
011010000011000010000000001010000100,000100000100011001000001000000101010,000000110000000000001100010101010001,100001001000100100110010100000000000,87,125032ms
011001000101000110001000000000010000,100100000000010000000111000001001001,000010110010101000100000010100000000,000000001000000001010000101010100110,118,7686ms
101000111000000010000000000010100001,000000000010001000001100001100010110,000101000001000101000001100001001000,010010000100110000110010010000000000,95,83610ms
011101010000011000010100000000000000,000000000100100010001000000011010011,000000100010000001000011111000000100,100010001001000100100000000100101000,78,25134ms
010010010100010010100000101000000000,001000000010101000000000010100001110,000000001000000100010101000011010001,100101100001000001001010000000100000,77,61958ms
100010110000000011011000000100000000,000000001101000000100010100000101100,000101000000111000000000001010010010,011000000010000100000101010001000001,103,859ms
110111100010000000000001000000001000,000000011000001010000000000100100111,001000000101100100000100101010000000,000000000000010001111010010001010000,177,5632ms
101111011000001000000000000010000000,010000100000100000100100000001011010,000000000001010110010011100000000100,000000000110000001001000011100100001,126,60440ms
101100111000000000010000100010000000,000000000000100011000010011100010001,000011000011011100001001000000000000,010000000100000000100100000001101110,136,3936ms
110000001101000100001000000010000001,000010100010000010010000110001100000,000100010000011000000111001000000010,001001000000100001100000000100011100,120,4915ms
001101011000000000000100001100001000,000000000100010110101000000000100101,110000100000001000000001100011010000,000010000011100001010010010000000010,157,1228ms
100111110000011010000000000000000000,001000000000000100101010101100000010,000000000011100000000100000011110100,010000001100000001010001010000001001,128,28336ms
011010010000001000001000100001100000,000101000001000110000010001010001000,100000100110010001010000000100000010,000000001000100000100101010000010101,157,192ms
011111111000000000000010000000000000,000000000000010000101100100010011001,000000000011000000010001001100100110,100000000100101111000000010001000000,115,63894ms
100001001000110100000000010000010010,001000010110000010100000001100001000,010000100001000000000101100011000100,000110000000001001011010000000100001,89,4067ms
011011101010000000001000001000000000,000000000100001100110001010000100010,100100010000100000000100000011001100,000000000001010011000010100100010001,157,358ms
110010010010000100000000110000100000,000000001000001011101000000001010010,000100000101010000000110001000001001,001001100000100000010001000110000100,114,3597ms
111011000000000000010000000000010110,000000000101011000000010010001101000,000100011010100100100101000000000000,000000100000000011001000101110000001,157,869ms
100101000000001000001001100001000001,000000000010000001110010011010001000,001010011000010110000000000000010010,010000100101100000000100000100100100,105,60796ms
110011001000000000000000010000101100,000100010000000000111010100010010000,001000100001011011000001000000000010,000000000110100100000100001101000001,115,92461ms
000100010000000000011000101010010010,101010001010000000100000000000001101,010000000101000110000001010101000000,000001100000111001000110000000100000,49,9565ms
101001001010000000010000010010001000,000100000000000000001100101101000011,010000000101001111000010000000010000,000010110000110000100001000000100100,141,15942ms
111111101000000000000000000000100000,000000000011000100110010001000011000,000000010100011000001101100000000100,000000000000100011000000010111000011,177,4073ms
110001110001000000100000010000100000,000010001000010000001000100000011011,000100000110001010000010000101000100,001000000000100101010101001010000000,157,801ms
110000100000110001001010000001000000,001001001000000100100000010110100000,000100000010001010010001100000011000,000010010101000000000100001000000111,74,2825ms
011110001000000000000100010000001010,000001110000001100100011000000010000,100000000100100010010000001110000001,000000000011010001001000100001100100,177,2316ms
100010000000000000110000110110100000,001000001010101100000010000001010000,000001110100010000000001001000001010,010100000001000011001100000000000101,129,803ms
110010110000000000101000000011000000,000100001000000100000011010000110100,001000000101100001010100100100000000,000001000010011010000000001000001011,157,103ms
101010110000000000100000010001000100,000001000010100011010011001000000000,010000000001000100001100100110001000,000100001100011000000000000000110011,157,24022ms
111000011000100000000001001000000001,000010000001010011000010110000000010,000001100100000100001000000101110000,000100000010001000110100000010001100,157,1076ms
000111111000000000000000110000010000,101000000010000010001010000000001101,010000000001101100000000001011000010,000000000100010001110101000100100000,64,14511ms
000010011000000000000011101000000110,110101000000011000010000000001100000,000000100110000001101000010100010000,001000000001100110000100000010001001,64,6881ms
010111111000000000000000001000000001,000000000000011001010000100010011100,001000000010000110100111010000000000,100000000101100000001000000101100010,136,84951ms
110011101010000100000000000000000001,000100010000001011000000011100001000,001000000100000000010110000010110100,000000000001110000101001100001000010,152,1462ms
000111100100000010000000010001000010,000000000010011001010000100000111000,101000001001000000100110001000000001,010000010000100100001001000110000100,153,5716ms
100101010000000101000000000101001000,011000000010100000000001110010100000,000000001101000010011110000000000010,000010100000011000100000001000010101,140,1523ms
010000100000000010001010000000110011,001101000010100000100000001101000000,000000011100010000010001010010000100,100010000001001101000100100000001000,35,2316ms
100100000110000100001001100010000000,001011001000010001010000000000001001,000000010000001010100000010001110010,010000100001100000000110001100000100,96,1722ms
110101011001000000000000010000100000,001010100000000010101010000000001001,000000000010101100010000100000010110,000000000100010001000101001111000000,103,62566ms
111111111000000000000000000000000000,000000000010001001100100000011010001,000000000101110000000001000100101010,000000000000000110011010111000000100,177,86ms
011011010100000000000000100101000000,000000000001000000111010000000100111,100000001010011100000001001000001000,000100100000100011000100010010010000,157,322ms
111100110000000000100000010000000010,000011001000011010000000001001100000,000000000001000101000001000010011101,000000000110100000011110100100000000,133,27495ms
111100100000000000000001000001000011,000000001100111000000000110100000100,000001010010000000001010001010110000,000010000001000111110100000000001000,137,1757ms
001100000000000001000111100010001000,000010010010010100101000000100010000,000000101001101010000000000000000111,110001000100000000010000011001100000,13,868ms
000100110001000100000011001000000001,010000000100110001000000010001100010,100010000000001000000100000110011100,001001001010000010111000100000000000,74,73879ms
000011100000000010001000011101000000,000000000001100100100000100010000111,011000011110001001010000000000000000,100100000000010000000111000000111000,118,22392ms
000011011100000000000001011000100000,111000100000000100010000100000001100,000100000010100010001110000000000011,000000000001011001100000000111010000,25,4064ms
000101000110010010010000000110000000,001000100001000000100111000001000010,000000011000001000000000111000001101,110010000000100101001000000000110000,23,8755ms
101000100000001100100000000000010110,000001011000100000010001100000001001,010010000100000011000110010001000000,000100000011010000001000001110100000,129,1820ms
010111011010000000000000000100001000,000000000001001000111001100001100000,100000000000100111000000010000010101,001000100100010000000110001010000010,159,17660ms
000010010100000110000001010000000101,010001000000000000110010100001001010,001000000001100000001100001100110000,100100101010011001000000000010000000,3,3665ms
110101111001010000000000000000000000,001000000010000000100001001001010110,000000000000100101010000110110000001,000010000100001010001110000000101000,119,6311ms
101111100000000000000000100001010000,000000001100100000111001000100001000,010000010011000010000100000010000011,000000000000011101000010011000100100,156,2740ms
001000000100001000101110000000110000,000000010010000000000000101110000111,100010001000100110010001000000001000,010101100001010001000000010001000000,85,17233ms
111110100010000000000001000010000000,000001010101000101000010000001000010,000000000000011000010100011100100001,000000001000100010101000100000011100,156,11911ms
101011100000100110000000000000100000,000100000001010000100010010100000101,000000001100000000000101101011001000,010000010010001001011000000000010010,134,1046ms
001000011000000110000101011000000000,100010000100000001100010000100101000,000000100000111000011000100010000100,010101000011000000000000000001010011,10,15726ms
010011100000001011000000000010100000,000100000010110000001001010100000001,101000010100000000010010001000010100,000000001001000100100100100001001010,152,847ms
001110001000010010010000100001000000,000001110001001101000000000100001000,110000000100000000100011010000100100,000000000010100000001100001010010011,171,10779ms
110010111000000000100010001000000000,000001000000000100001000110000111001,000000000011101000010000000101000110,001100000100010011000101000010000000,157,940ms
011001100100000001000000110010000000,100000000000001010010001000001100101,000100000010010000101110001000001000,000010011001100100000000000100010010,83,53284ms
111111010000000001000000000100000000,000000000011100000001100001000000111,000000000100001100000000010011111000,000000101000010010110011100000000000,177,1391ms
110001111001000000000100000000000001,000010000000001111001001000010010000,000100000110000000000010010000101110,001000000000110000110000101101000000,144,2040ms
111001001010000010000000010001000000,000010010001000001100000000110000110,000100100100100000001010001000011000,000000000000011100010101100000100001,133,2260ms
001111110000000100001100000000000000,010000001011010001100001000010000000,100000000000001000010010110000110010,000000000100100010000000001101001101,145,17117ms
111000100000010000000100100000000101,000000010110001100101000000010001000,000100000001100000010011010101000000,000011001000000011000000001000110010,124,2020ms
010001001001000101100000010000010000,100000100000000010001101000110000010,000010000000111000010000101000100001,001100010110000000000010000001001100,41,3332ms
011000101000000001000000000100010011,000110000110000010010010001010000000,100001000001011000000101100000100000,000000010000100100101000010001001100,144,16112ms
111001011001000010000010000000000000,000100000000011101000101000100000010,000010000100000000101000110010100001,000000100010100000010000001001011100,157,216ms
110100111000000000000011000010000000,001001000001010000010000110000010100,000010000010000101101100000000001010,000000000100101010000000001101100001,157,981ms
110110111000000000000000000011000000,000001000000010001111100001000001000,001000000000001000000011110100000011,000000000111100110000000000000110100,177,33ms
100110111001000000100000000000001000,000000000000001100010000111100010010,010001000000110001000001000001000101,001000000110000010001110000010100000,163,2119ms
111111011000000000000001000000000000,000000000000001100100000011001001101,000000100011010010001010100000010000,000000000100100001010100000110100010,166,1802ms
100010101000001000000100000100110000,001100000100100000000011001010001000,000001000011000000001000010001000111,010000010000010111110000100000000000,79,27845ms
100101001000000010000000000011100001,000010000000000001101000101100010100,001000000111011100000001000000001000,010000110000100000010110010000000010,132,44983ms
011011111000000000000000000010000100,000000000100010011111000000100001000,100100000000001000000110011000110000,000000000011100100000001100001000011,157,1528ms
001111000000000000010000010101000010,110000101100000011000010000010000000,000000000000000100101100001000011101,000000010011111000000001100000100000,99,42597ms
110110010000001000000100011000000000,000000000001000000011000000011110110,000001101010010000000010100100000001,001000000100100111100001000000001000,161,4674ms
001110101000000001000000001100000100,000000010000001100011000100001100010,010001000100110010100000010000001000,100000000011000000000111000010010001,142,3153ms
000011110100100000001000000001000001,000100000000010011000000010010111000,001000001000001100000110001000000110,110000000011000000110001100100000000,48,2942ms
001101010000000000001001011000000010,000000001110111011000000000000000100,000010000001000100010010000001110001,110000100000000000100100100110001000,53,88969ms
101111101000000000000000000000000110,000000010000010000000011110011010000,000000000111001100010000001100100000,010000000000100011101100000000001001,177,261ms
000011001000000000000101000101010100,001000000000000110101000011000101000,100000100000101001010010100000000010,010100010111010000000000000010000001,100,71795ms
100001111000000000000000010101000010,000100000000010101101010000000101000,001010000011101000000100001000000100,010000000100000010010001100010010001,157,429ms
111110010100010000000001000000000000,000001001001000000011000001001100010,000000100010100100100010100000001100,000000000000001011000100010110010001,177,409ms
101101000000000001001010101000000000,010000000001010010110001000010000001,000000000110001000000000010001111100,000010111000100100000100000100000010,123,23674ms
110111110000000011000000000000000000,001000001001010000101000110010000000,000000000010001100010100001000110100,000000000100100000000011000101001011,151,3211ms
110011010000010010010000000000001000,000000100110000000001100001001000011,000000001000000001000001100110110100,001100000001101100100010010000000000,157,24706ms
011110000000000000000110010000100100,000001010001110000011001000000001000,000000101000000101100000000011000011,100000000110001010000000101100010000,106,12924ms
110100010000001000000100001001100000,000001000000100111010010010000010000,001000000111000000000000100110000011,000010101000010000101001000000001100,157,809ms
100000110000000000100110101000001000,000001001010000010010000010010100001,010100000101100000000001000101010000,001010000000011101001000000000000110,157,1728ms
101000001001001100001001100000000000,000000100000010010000000001110110100,000010010010100000010110000000000011,010101000100000001100000010001001000,78,6442ms
100010001000001100000000101100010000,000001000010100001001010000010100100,010000010000010000110001000001001001,001100100101000010000100010000000010,115,3061ms
100111001000010010000000000010000001,000000000110000100010000010001001110,011000000000100000001110100000110000,000000110001001001100001001100000000,156,6050ms
100000111010101000010000000000000100,010101000001000010001000101100000000,000000000000000001100111000010011010,001010000100010100000000010001100001,84,20575ms
001110100000000000000000111110000000,010000000000011011010001000000001010,000000011001000000101110000000100100,100001000110100100000000000001010001,115,4744ms
001010100000100000001010000100100010,100101000001010100000000001001000001,010000010010001000100101100000001000,000000001100000011010000010010010100,77,15845ms
100011111000000100000001000000001000,000000000000000001001100101111010000,010000000010010010010010000000100011,001100000101101000100000010000000100,117,6587ms
000010100101100000000001000011000010,000000001000000101001000100100111000,011000010010011010100100000000000000,100101000000000000010010011000000101,93,23955ms
010100101000100000000001000001001010,001000000101010000000000111000100001,100000000010001100110100000100010000,000011010000000011001010000010000100,151,1053ms
101001110000000001010000000100010000,010010000100100000100001100001000010,000100001010000010001010011010000000,000000000001011100000100000000101101,119,7708ms
111001101001000010000000010000000000,000000000000011000000110100101100010,000010010100000100000001001000011001,000100000010100001111000000010000100,142,1839ms
110011100000001001000000000010000001,000000010110000100110000001000001010,001100001001010000000011010000100000,000000000000100010001100100101010100,141,7399ms
110011011010000000001000100000000000,000000000100010110000011010000100001,000100000001000001010100000001001110,001000100000101000100000001110010000,117,8335ms
100011001000001000010100010000000100,001000000000100010001001100110010000,000100100010000101100010001001000000,010000010101010000000000000000101011,107,45900ms
010010101000000000100000010010010010,001000000000000110010011001001100000,100101010001100001000000100000001000,000000000110011000001100000100000101,146,2865ms
101001111000000001000000001000000100,000010000000001110001110000010001000,000000000100110000110001000100100001,010100000011000000000000110001010010,143,2902ms
101110110000100000010000000000000100,000000000001010000100100101100001001,000001000000001011001001010010000010,010000001110000100000010000001110000,97,8393ms
000010000000100001000001100001011010,000000111010001010001000000010100000,111001000100000000000100011000000100,000100000001010100110010000100000001,110,748ms
101101110000001000001000000000000001,000000000111000001010000101000010100,000010000000010110100100010010100000,010000001000100000000011000101001010,123,7813ms
111000111000100000000000100001000000,000011000000000010011010000000100101,000000000011000101100000001100011000,000100000100011000000101010010000010,157,1667ms
111011011000000000000000001000000010,000000100001110000001001010001010000,000000000000000111010110000010001001,000100000110001000100000100100100100,123,12227ms
111011111000000010000000000000000000,000000000001000000000011001001010111,000100000000111000110100100010000000,000000000110000101001000010100101000,157,3731ms
110000010010100000010001000000000101,000000001001000011100000000100110010,001010000100001100000100001011000000,000101100000010000001010110000001000,122,4964ms
111011110001000100000000000000000000,000100000110000000000110100000000111,000000000000111010111000010001000000,000000001000000001000001001110111000,132,2533ms
001011111000000000001000000100010000,100100000100001000100001010001100000,000000000010110100000110000000000111,010000000001000011010000101010001000,71,12439ms
010101100001000001001100000000000001,000010001100000000010000011000011010,001000010000001010000001000011100100,100000000010110100100010100100000000,53,12893ms
010110111000000000000100100000000001,100001000100000001100010000000111000,001000000000011110001000011000000010,000000000011100000010001000111000100,92,15199ms
010111000000001001011000000000001000,101000001001000100000100001010000001,000000100000110000100001110100000010,000000010110000010000010000001110100,93,8152ms
000110100001010000101110000000000000,000000001000100100000001010010010101,011001000010001010010000000100100000,100000010100000001000000101001001010,128,9599ms
011010001010000000000001010010000100,000000110000100101000100001001010000,100001000100001000100010000000101010,000100000001010010011000100100000001,157,349ms
000011010100000000010000000001011010,010100100010110000000100000100000100,001000001001000010001010001010100000,100000000000001101100001110000000001,49,7883ms
001000111010010000000100001000001000,100000000000000000011001110101010000,000010000001100111000010000010000010,010101000100001000100000000000100101,15,6979ms
111011010000000000001001000000001000,000000000000001110000110010101000010,000000101111000000000000101010000100,000100000000110001110000000000110001,157,1574ms
110110000100000010100010000000001000,000000000000110000001101000011010100,001001110001001101000000010000000000,000000001010000000010000101100100011,177,3444ms
111001110010000000000001000000010000,000010001000000100110110000001000001,000100000001011001000000001110001000,000000000100100010001000110000100110,157,298ms
101101010000000000000000110000110000,010000000110000011010100000100000100,000000001001101100000010001010000001,000010100000010000101001000001001010,104,4103ms
010000011000001000010000110000000110,001100000000100110000010001101000000,100000100110000000101101000000000001,000011000001010001000000000010111000,157,5663ms
011111100001000000001000000000100000,000000001000000010000001001000011111,000000000100010001010010100111000000,100000010010101100100100010000000000,129,36645ms
100100010110010101000010000000000000,001011000001000000010100000101000001,010000001000100010100000001010101000,000000100000001000001001110000010110,134,16477ms
011100110110110000000000000000000000,000011000001000000011100000001001100,000000000000000010100011110010010010,100000001000001101000000001100100001,116,45511ms
011010110100000000010100000000100000,000100000011000000000001011011001000,100001000000101111000010000000000100,000000001000010000101000100100010011,157,1276ms
011010100000000000001100000000011100,100000000001010011010000010001000001,000001000110100000100000001110000010,000100011000001100000011100000100000,112,13397ms
001001000001000011100010011000000000,110100000010100100010000000000001100,000000110000001000001001100101100000,000010001100010000000100000010010011,26,16312ms
101110010000001000000000000000001110,000000101010010010010000011100000000,010001000101000100100010000001010000,000000000000100001001101100010100001,166,1511ms
011101100000100000100010000001000000,000010010100010010000000010010001100,000000001011001001010000100000110000,100000000000000100001101001100000011,87,32706ms
110110011100000100000000000100000000,001000000000001000010010010010001011,000001000010010001000001100001100100,000000100001100010101100001000010000,177,127ms
000100001010000000001110001000101000,001000000000110100000000000110010101,000010100000001001010001100001000010,110001010101000010100000010000000000,0,3557ms
000100111000000010011100000000000001,010001000110000000000001110010100000,101000000001110001000000000100001010,000010000000001100100010001001010100,133,2719ms
000000000000101100100001011011000000,101100101000010001000000100000001000,000011010011000010010000000000100010,010000000100000000001110000100010101,0,2565ms
110101101000001000000100000000010000,000000000000010000010011000001101110,001010000011000011001000000010000001,000000010100100100100000111100000000,136,2814ms
101001101000000000001001000101000000,010000000010001111100010000010000000,000010010000000000010100110000011010,000100000101110000000000001000100101,143,6367ms
110010011010000000001010000000000010,000001100001101000100001000000000101,001100000000010000010100101000011000,000000000100000111000000010111100000,143,644ms
001001111000000000110000000000100010,010100000100000000000010110110000100,000000000001110110001001000001010000,100010000010001001000100001000001001,59,3235ms
011001101110100000000000001000000000,000100000001011000110000000000010101,000010010000000101000111000010000010,100000000000000010001000110101101000,102,3949ms
010000101000000100100110000011000000,001000000010100010000001000100010011,000101000100011000010000011000100000,100010010001000001001000100000001100,90,6210ms
010001100000101001000001011000000000,101010000010000100011100000000000001,000000011100010010000000100001010100,000100000001000000100010000110101010,38,29200ms
001001110110100000000001000000000100,000000001001000000101010001010010010,000100000000011010010100010100100000,110010000000000101000000100001001001,77,16463ms
101111000100000100001000000000100000,000000000001101000010000011100001010,010000000010000001000110000011000101,000000111000010010100001100000010000,154,2020ms
011001001000000010101100000000001000,000100000100100001010011010000000010,100010110001010000000000100110000000,000000000010001100000000001001110101,157,651ms
001010010000000010100000100000011010,000100000010000001000001011110100000,100000000100100100011010000001000100,010001101001011000000100000000000001,106,12637ms
011101011000010000000000000000011000,000000000100000100001101011100000010,100010000010100010100000100000100100,000000100001001001010010000011000001,157,783ms
010110000000000100100000010111000000,000001110000001000000001000000011110,001000000100100010010110000000100001,100000001011010001001000101000000000,131,36335ms
011011000100001000100000000000001001,000000001011000001000011000100110000,000000010000110010001100010010000010,100100100000000100010000101001000100,94,2527ms
100000101100000001000001000110100000,000010010010001100001110000000000010,010101000000100000010000101000001001,001000000001010010100000010001010100,148,1536ms
010100000001000000001000100010100011,000000011000001110010011010000000000,100011100010000000100100000000011000,001000000100110001000000001101000100,132,8422ms
111111001000000000000100000010000000,000000000001010101101000000100011000,000000010010100000000000011001100110,000000100100001010010011100000000001,139,1446ms
111100101000001000010000000000010000,000001000011000110000000001110000100,000000000000110000000101110001101000,000010010100000001101010000000000011,115,9319ms
100101111000000010000000000000010010,001010000000100100010000001100001001,010000000110011001000001000001100000,000000000001000000101110110010000100,157,2711ms
100111010000110010000000001000000000,000000100001000100001100000010001110,000000000010000000010011110001010001,011000001100001001100000000100100000,115,29743ms
011100000000000000101000100000100110,000000000111001000000111000000010001,000000110000010000010000011110001000,100011001000100111000000000001000000,78,16922ms
000000011000000010000010100001010101,001010100001011000010001001000000000,010001000110000101001000000000101000,100100000000100000100100010110000010,13,15744ms
001010011000000000010101000001100000,010101000100001000101010000010000000,000000100001100000000000011000010111,100000000010010111000000100100001000,25,9198ms
110100100100000000100100000100100000,001001001000011000000000000000010111,000000010011000000001010101001001000,000010000000100111010001010010000000,142,4561ms
010001110000000001000001001010001000,101000000001000010100010100000100001,000000001100011100001000000101000010,000110000010100000010100010000010100,80,2578ms
001100001000000101001001000100001000,100000000000101010010000011010000100,000001010100000000100110100000010010,010010100011010000000000000001100001,64,17325ms
100001101000010000000010000100010001,001100000000000101101001001000000100,010000000101001010000100010000001010,000010010010100000010000100011100000,118,2839ms
100111011000000000010000000011000000,001000100001000010100000011000101000,010000000100110000000011100000010100,000000000010001101001100000100000011,161,5187ms
100011101010100000000001010000000000,000100000101011100000000000010000110,011000000000000000011110000001101000,000000010000000011100000101100010001,157,5731ms
111011100000000000000010000000000101,000000000100000011001001101010000010,000100001001011000000000010101100000,000000010010100100110100000000011000,157,111ms
010001101000000000000010010000101100,100010000001100010001001001000010000,001000000000000101010100000011000011,000100010110011000100000100100000000,68,11048ms
111101001000010000000000000000000101,000010010000000101010000001001101000,000000000100101000100101110100000000,000000100011000010001010000010010010,157,739ms
101000110000000010011010000000000001,010001000001000000100000010000111010,000010001110011000000001000011000000,000100000000100101000100101100000100,123,4260ms
001111011010000010000000001000000000,010000000100010100101000000010000110,000000000000000001000111110000011001,100000100001101000010000000101100000,85,21285ms
100000011010000001010010110000000000,010000000100001000001000001110010100,001010000000110010100101000000100000,000101100001000100000000000001001011,109,72857ms
100100001000001100100000000101000100,001000010100000001001000000010110001,010000100001100010010011001000000000,000011000010010000000100110000001010,130,17816ms
010110011000000000000000011010000010,000000000111100101110000000000010000,000000100000010000001010100101001001,101001000000001010000101000000100100,111,18697ms
100101100100000000000100000011010000,011000001000000000100010010100001100,000000010001101010000000101000100001,000010000010010101011001000000000010,69,17565ms
011101111010000010000000000000000000,100010000000000001000001010101000101,000000000101111000000010001000110000,000000000000000100111100100010001010,116,27369ms
101100000000000001001001100001000100,010000110011000010000100001000100000,000011001100001000000010000010001010,000000000000110100110000010100010001,98,15671ms
011011110000100000000000001000001000,000000000111010100001100110000000000,000000000000000010100011000111100001,100100001000001001010000000000010110,104,69573ms
010010011000001000010000001100000010,000100000010110000000101000001001100,100001100101000100000010100010000000,001000000000000011101000010000110001,157,429ms
001101100000000011000000000101000001,000010000110110000000101010000100000,010000011001001000010010100000000100,100000000000000100101000001010011010,92,126724ms
101100001000010100100000000000001100,010010100001100010001000000100000001,000001010100001000010001011010000000,000000000010000001000110100001110010,106,15048ms
111111000000000001000000100000010000,000000000001010100001011010001000010,000000101000000010100100000110100001,000000010110101000010000001000001100,177,91ms
011000011010001000000010000010000100,100001100000110010000000000001101000,000010000100000000001001101100010010,000100000001000101110100010000000001,82,26243ms
110001010000000000010001100000010010,001110000000001010000110000010000001,000000001101110101100000000001000000,000000100010000000001000011100101100,137,7085ms
000001101010001000001000000010001001,110000000001010100000100001001010000,001000000000100001000011110100100000,000110010100000010110000000000000110,24,673ms
000010110000000100001110000000001001,000000000000010011010001101010010000,100100000001101000000000000001100110,011001001110000000100000010100000000,58,42786ms
011110100000000010000010000011000000,100001000001010000100100000000000111,000000001000100100010001010100101000,000000010110001001001000101000010000,99,10486ms
101100100000011100010000000000010000,000010010000100001100000011010100000,010000001001000010001011000001001000,000001000110000000000100100100000111,120,2311ms
011110011000100010000010000000000000,000000100110001000000001011001010000,000001000001010101010000000100100010,100000000000000000101100100010001101,105,32461ms
001011110000000000100100000001100000,000000001001000010000011001010010100,110100000110000101000000110000000000,000000000000111000011000000100001011,157,1733ms
000001000100010101000000010100100001,000010100000101000000100000001011010,001000011001000010010010100000000100,110100000010000000101001001010000000,44,12042ms
011100100000100000000001001010000100,000000001010001000100110010000011000,000001010001010100001000100101000000,100010000100000011010000000000100011,85,3120ms
101101101000000000100001100000000000,010010000100100000000100001011000010,000000000010011100001000010100001001,000000010001000011010010000000110100,134,7243ms
010111101000001000001000000000100000,000000010010100101000010000001000011,000000000001000010100101011010001000,101000000100010000010000100100010100,102,26164ms
001011101110000000100000001000000000,000000000000111001000000000110100011,000000010001000000011100100001011000,110100000000000110000011010000000100,86,60739ms
000010001011001000000100001000010010,000001100100000011001000000010001100,010000010000100000100001110100100000,101100000000010100010010000001000001,48,2628ms
101000010000000100010100000011001000,000010000000101010001000100100100001,010000100001010000000010011000000110,000101001110000001100001000000010000,90,6330ms
011000100001001001100010000000000100,000000000010100110011100000010010000,000111000000010000000001010001100010,100000011100000000000000101100001001,85,10647ms
100100100101000000001100000001000010,011000010000100110000010001100000000,000010000010011000000001100010101000,000001001000000001110000010000010101,68,3412ms
010010100000100001011000000000011000,101000000111000000000000100100100001,000000011000000010000111011000000010,000101000000011100100000000011000100,27,1764ms
011011100001000000100000000010010000,000000010100100000010000100100100110,100000000000011010001110010000000001,000100001010000101000001001001001000,139,3617ms
001001001000000000000110000110110000,000000100011000000001001000000001111,100010010000001110000000011001000000,010100000100110001110000100000000000,125,34238ms
100110011000000010100000000110000000,001000000100000001010000000001011011,000000100000111100001001100000000100,010001000011000000000110011000100000,138,1888ms
000000100000000011001100001011010000,000010010100000100010001100000001001,110001000011011000000000010000000100,001100001000100000100010000100100010,83,3708ms
000111001001000000001000000001000110,000000110100001100000010001100100000,111000000000010010100100000010010000,000000000010100001010001110000001001,159,1388ms
010010001100001010100010000010000000,100001000000000101000001110001000001,001100000001100000000100000100101010,000000110010010000011000001000010100,120,1890ms
010000000110000000011010001000101000,000110010001011000000100000001010000,000001000000100011000001100110000001,101000101000000100100000010000000110,51,416ms
001010000000000000010101101001000001,110101000100000010100000000100001000,000000011001000000001010010010010010,000000100010111101000000000000100100,0,2418ms
010000110000000011010001000001000001,100000000001001000100010010110001000,001000000010010100001100100000010100,000111001100100000000000001000100010,11,771ms
110000000001000000011000000100101100,001010101100010000000011010000000000,000001010010100101100000000001010000,000100000000001010000100101010000011,114,8592ms
001011000000000101100000000101000010,100000000100000000000110110000110001,010000010010001010010000001010001000,000100101001110000001001000000000100,101,6574ms
011101000000001100000000000000011100,000010001100000000011001000110000001,000000110000110000000010010001100010,100000000011000011100100101000000000,59,24299ms
110111101000001000000000000000001000,001000010101000001000100000000100101,000000000010100010010011110001000000,000000000000010100101000001110010010,143,24065ms
001101101000000000000011000011000000,000000000101000001100100000100011100,100000010010001100001000000000100011,010010000000110010010000111000000000,103,37134ms
100000010000010010011000000101001000,000011100000001000100010001000000101,001000001111000000000001010010000010,010100000000100101000100100000110000,114,258ms
011011001000000001000100000000100010,000100010011011000000000011001000000,100000000100100100000000000110011100,000000100000000010111011100000000001,157,11854ms
110100011001000011001000000000000000,000010000010000100100111000101000000,000001000100101000000000110000001011,001000100000010000010000001010110100,139,2808ms
101011001011001000000000010000000000,000000110000000100000100001100110001,000100000100100001101010100001000000,010000000000010010010001000010001110,157,1109ms
101110100001011000000000001000000000,000000001000000010010100110000010101,000001010100100000100010000110000010,010000000010000101001001000001101000,177,322ms
101010101000100000000000010100001000,010100000000010010000110100001000100,000001010010001001001001001000000001,000000000101000100110000000010110010,103,6329ms
110010100000000001000000000100001011,000100000100011100000010110001000000,000001010001100000101100000010010000,001000001010000010010001001000100100,157,2865ms
111101000000010100000100100000000000,000000010101001000000001000001101001,000000100010100001011000000010000110,000010001000000010100010011100010000,135,5753ms
010000001001000000010000011111000000,000111010010010000100001000000100000,101000000100101101000000000000010010,000000100000000010001110100000001101,127,7841ms
000110001110010000100000000010000001,001001100001000001000000100000011100,100000010000000000010110011001100000,010000000000101110001001000100000010,131,5130ms
110001001000000000100000000110010010,000000000001111100000000101000001100,000110100000000011011000010000100000,001000010110000000000111000001000001,177,466ms
001100010100111000100000000000000010,000011000000000010000000010101110100,010000000000000001011110100000001001,100000101011000100000001001010000000,69,29985ms
101011110000000100010000000000000100,010100000100000010100100011000000001,000000001001000001001010100001100010,000000000010111000000001000110011000,89,16268ms
111010111100010000000000000000000000,000100000000000001110010001001000011,000001000001001100001101000110000000,000000000010100010000000110000111100,143,373ms
