011101111000000100000000100000000000,000010000000000000111001000010101010,100000000010110000000000001101010100,000000000101001011000110010000000001,157,2854ms
101100000000111000001000110000000000,000000111001000010010000001100001000,000001000100000000100101000011100001,010010000010000101000010000000010110,139,4991ms
010010000101000101010000001010000000,000000100000001010100100100000011001,100000001010100000000010000101100100,001101010000010000001001010000000010,113,9660ms
001010100000000010000110110100000000,110000000000010100001000001001000101,000000010011101000110000000000001010,000101001100000001000001000010110000,42,5421ms
111110001010000100010000000000000000,000000000001001000001111100010000100,000000010000100010100000001101100010,000001100100010001000000010000011001,177,3413ms
010010110000011000000010100001000000,101001001010100001000000010010000000,000100000101000110101000001000000100,000000000000000000010101000100111011,73,75478ms
111100101000100000010000000000001000,000000010111000100000111001000000000,000000000000001010101000000100110101,000011000000010001000000110011000010,157,12189ms
111010011000000000000010010000000100,000001000000010100100001001010110000,000000100111100010011000100000000000,000100000000001001000100000101001011,157,8194ms
100001010100000000000100011100000010,001000000001001101010000000001100001,010100100000100000101001100010000000,000010001010010010000010000000011100,157,124ms
011011110011000000000000000000001000,000100000100000101100010010100000010,100000000000101000001100000010110100,000000001000010010010001101001000001,157,2066ms
100110010000000001000010000010001100,000001000001010100001100100001000001,010000000100101000010001011000000010,001000101010000010100000000100110000,126,6823ms
111011111000000000000000000000100000,000100000111100000011000001000000100,000000000000001100100101000111000001,000000000000010011000010110000011010,157,140ms
001000110000101100001100000000000010,010010000011010011000000000000010001,100101000000000000100000001110100100,000000001100000000010011110001001000,157,16417ms
100010001001010000000001000101001000,000001000100001100100000100010100100,010000000000100011010010011000000010,001100110010000000001100000000010001,99,3612ms
101010110100000000000010011000000000,000001000011010100000100100010000010,000000001000001011011000000000101001,010100000000100000100001000101010100,141,497ms
010011100000000010000000100000100110,000100001000000101010010001001010000,001000000000101000101101010100000000,100000010111010000000000000010001001,83,25807ms
010010001000100001000101100100000000,100100010000000100100000001010001001,001000000011000000011010000001110000,000001100100011010000000010000000110,55,3310ms
000010111100000000000101000000010100,010001000010000001000010001110100000,100000000000010100111000000001001010,001100000001101010000000110000000001,107,1311ms
011011000001010000001010000000100000,100100011000001001000000010100000100,000000100100000100010001001010000011,000000000010100010100100100001011000,60,17446ms
010010010011001000000000100000110000,001100000100000110000100010010000010,100000101000100001000000000001001101,000001000000010000111011001100000000,103,29647ms
100011110010011000001000000000000000,010100000100100000000101000011000001,000000001001000110110000000100100100,001000000000000001000010111000011010,122,2488ms
010001111000100000000000000011001000,001100000001000100010100110000000010,000000000000010011101011001100000000,100010000110001000000000000000110101,85,179763ms
110100001000111000000001000000000100,000010000000000000111110000110001000,001001010000000110000000110000010001,000000100111000001000000001001100010,111,19125ms
010111001000001010000000000000000101,001000000000000000100100111110000010,100000010110010000010010000001100000,000000100001100101001001000000011000,177,4399ms
000001110000000000010000101011000100,101000001110000000000010000000011010,010100000000110000101001010000100000,000010000001001111000100000100000001,86,19477ms
110011110000001001000000000001000000,000100000000000010100011101000000101,000000000110110000000000000010111010,001000001001000100011100010100000000,157,4421ms
111001000000001100010010000000010000,000000001000010010101000110001001000,000010100011100001000101000000000100,000100010100000000000000001110100011,117,12557ms
001001010001000000011001000000100100,100100001110010000000000100010010000,000000000000001100000110011100000011,010010100000100011100000000001001000,23,5483ms
111100110001000000000000010000100000,000010000010100001010110100001000000,000000000000011100101000000000010111,000001001100000010000001001110001000,150,2883ms
100110101000010001001100000000000000,010000000010001110000000010101001000,001000010000100000000001001010110001,000001000101000000110010100000000110,129,5281ms
100001100001010010000001000010010000,000000010100001001010000010100000101,010100000000000100101000101000101000,001010001010100000000110000001000010,122,1841ms
101101001000000100000001010000000010,000000000011000010100000001001100101,000000010000110000010000100110011000,010010100100001001001110000000000000,109,61604ms
101111010000000000100000000000000101,010000001100010000010000001001001010,000000000011001101000001100100010000,000000100000100010001110010010100000,156,1640ms
100000010011110100000000010010000000,010010100000001000010100001100010000,000101000100000001100000100000001110,001000001000000010001011000001100001,84,11399ms
110011111000000010000000000001000000,000100000101001000100010001000011000,001000000010100001000001010010100010,000000000000010100011100100100000101,136,3007ms
100001111000000000000000100010001100,000110000010010010011001000000100000,001000000000000000100110011001010010,010000000101101101000000000100000001,122,53141ms
101001010000011010000000000100001000,010110100010000000001011010000000000,000000000101100101000100000000010110,000000001000000000110000101011100001,98,421678ms
110100100000001100000100000000100010,000000000011100000010001010100000101,000010000000000001100010101010011000,001001011100010010001000000001000000,111,15801ms
000110011000100100000000001010001000,110000000011000010001000000100000101,000001100000010001110101000001000000,001000000100001000000010110000110010,63,7514ms
101011000001000000100001000000000101,010000000100000001000010011100100010,000100010010101110010100000000000000,000000101000010000001000100011011000,133,3346ms
111011011000000000000001000000100000,000100000000001000100000100100011110,000000100001010111000010001000000001,000000000110100000011100010011000000,126,4518ms
011100110000000100010000000000010001,000010000000100010000001001100001110,000000000000010000001110110011100000,100001001111001001100000000000000000,56,52688ms
000011111010101000000000000000010000,111000000000010000100101100000000100,000100000100000000000000011001101011,000000000001000111011010000110000000,52,12109ms
010100000000000010000000010110011010,000000101000011000010100100001100000,001000000110000101000011000000000101,100011010001100000101000001000000000,55,23101ms
001111011000000000000000010000100001,000000000011110001101000001000000100,010000100100001100000010000111000000,100000000000000010010101100000011010,129,47563ms
010100001000100000001000010010010010,000000000110001100100010000100100100,101010110000010000000000100001000001,000001000001000011010101001000001000,128,11326ms
110001110000011001000000000000100000,000110000001000010011000010001001000,000000000100100100000010101000010011,001000001010000000100101000110000100,137,5516ms
011001110000000100100000100000000100,100000000011001000000110000001001001,000110000000010011000000011000010010,000000001100100000011001000110100000,100,5662ms
010110110000000000010010000000100100,000001000001100001000101000101001000,100000001100010010000000110010000010,001000000010001100101000001000010001,170,1873ms
011010101010000100000000100000010000,000001000001001000101100000011100000,000100000100000011010010000000000111,100000010000110000000001011100001000,83,6603ms
100100111001001000010000000010000000,010000000110100000000000010001101010,000011000000010110100100100100000000,001000000000000001001011001000010101,146,1154ms
000010101100100000110010000000001000,010000000000011100000000011100100100,000001010010000011001001000000010010,101100000001000000000100100011000001,49,2881ms
101111100000000010010000000000000001,000000000001000100001000011011110000,010000001110100000100100000100000010,000000010000011001000011100000001100,177,45ms
000100001010000010100100000100010010,000000100001110000000001010001101000,110011000000000001001010001000000100,001000010100001100010000100010000001,150,836ms
010000111000000000100101100000000010,101101000010010000000000010000110000,000000000101101101000000000010000101,000010000000000010011010001101001000,46,108890ms
111010110000000000000000000100000101,000000001000000001000000111001110010,000000000010110110001111000000000000,000101000101001000110000000010001000,140,4850ms
100101101000000001000000010100010000,010000000000001100101110100000000010,000010000110010000010001001001001000,001000010001100010000000000010100101,135,18048ms
101101010000000000100000000001011000,000000001000000011010100100010100001,000000100000001100000011011100000010,010010000111110000001000000000000100,139,2507ms
001101100000000000010000101000101000,110010000100000101100000000001000100,000000000010011010000101010100000010,000000011001100000001010000010010001,61,6503ms
110000010101001000010000010000000100,000000100000000010001001101011001000,001101000010000001000010000100110000,000010001000110100100100000000000011,157,357ms
010011000000000000001001000010010101,100000010000001011100100000101000000,000100100110000000000000101000101010,001000001001110100010010010000000000,53,8449ms
101011010000000000110000000001010000,000100000010110000000001101000001001,000000000001001100000010010110100100,010000101100000011001100000000000010,132,7135ms
010000010100010000101001001000000001,000010101010000011000010000001001000,101100000000100100000000010100100010,000001000001001000010100100010010100,157,1810ms
001101010000000000000101000100000110,110000000001100000101010000000101000,000000100110001001010000100001000001,000010001000010110000000011010010000,86,2241ms
001111111000001000000000000000000010,000000000000100011000011010000100101,010000000111010100010100000010000000,100000000000000000101000101101011000,133,37132ms
111100000000000000111000110000000000,000001010000010101000000000010011010,000010001010100010000000000101100100,000000100101001000000111001000000001,157,20980ms
000011000000110100100000101001000000,000000001011001000011000010000011000,110100010100000010000010000100000100,001000100000000001000101000010100011,153,1501ms
101101110010000100000001000000000000,000010001000111000100010010001000000,000000000000000010000000101110101011,010000000101000001011100000000010100,112,14170ms
011101100000000001000000100000001100,000010000000000110001000011100010010,000000010011100000010101000000100001,100000001100011000100010000011000000,67,3763ms
110111000000000000001001000110000000,000000001001100010100100000001011000,001000000110010101000000000000100110,000000110000001000010010111000000001,177,1028ms
110010100001010101000001000000000000,000000000000001000001100100110000111,001100001000100000000010011001010000,000001010110000010110000000000101000,133,21740ms
101110110000000010000000000100001000,000001000100001000010010001011010000,010000000010000101100101010000000100,000000001001110000001000100000100011,177,443ms
111001010010001000000010000001000000,000000001100010110010001100100000000,000010100001000001101000010010000100,000100000000100000000100001000111011,157,1870ms
000001000010010100110000101000000010,011000001000000000000011010000011001,000100000101001010000100000110100000,100010110000100001001000000001000100,34,24475ms
100001011001001000000100001000001000,000000100000110010000010010100100001,011000000010000000111000100010010000,000110000100000101000001000001000110,157,1063ms
010001011001010100000010000000001000,100010100100100000000001101010000000,001100000010000010010100000001000011,000000000000001001101000010100110100,59,19273ms
110110010000000100101000000000000100,000001001000100001000000001011000011,001000100001000000010101100000011000,000000000110011010000010010100100000,177,1537ms
110000011000100000010000000000011001,000001100110000001000111000000100000,000010000001001100101000000011000100,001100000000010010000000111100000010,135,4338ms
111011000000000000000000110000100100,000100001001000100001100000000011010,000000110110011000100010000100000000,000000000000100011010001001011000001,157,325ms
001111110100000000000100000000000010,010000000010000000001011010100000101,100000001000110101000000000011010000,000000000001001010110000101000101000,177,1632ms
011110011000001100000000100000000000,000000000100100011101010001000010000,000001100000000000010101000001101100,100000000011010000000000010110000011,130,12571ms
000101101010101000000000000000101000,100010000001010010000110000100000100,000000000000000100011000111010000011,011000010100000001100001000001010000,24,7808ms
100010101000000000001001000000011100,000000000101001010110110100000000000,010101010010100000000000010000000011,001000000000010101000000001111100000,131,33858ms
000100100000001101001100000101000000,000010011010100000000010001000001010,100000000101000000100001010010000101,011001000000010010010000100000110000,128,276ms
011000101000000010000000110000100001,000010010101100001011000000000001000,000100000010001100000010000011000110,100001000000010000100101001100010000,48,9885ms
011100010000110000010100001000000000,000000001100001101100001000010000010,100011100010000000000000100000101001,000000000001000010001010010101010100,147,4270ms
000001111001000000000001000011001000,010010000000100001011000001000000110,000100000010011000100100010100100000,101000000100000110000010100000010001,64,1997ms
011011001001001010000000001000000000,000100100100000000101000000001010101,100000010000000100000011010010001010,000000000010110001010100100100100000,128,54715ms
101000111000000000010000000111000000,000000000110000111000010001000000101,010110000000010000100101010000010000,000001000001101000001000100000101010,177,39ms
101001001001100001000000010010000000,000000100100000110010000000000110110,010100000000011000100010100001000001,000010010010000000001101001100001000,136,2065ms
110111010000000010000000000001010000,000000100010100001010000011010000010,000000000001011000001100100100101000,001000001100000100100011000000000101,177,2157ms
010000100100100000000110010010000010,001010000001000010001000101001000001,100000011010000100000001000000011100,000101000000011001110000000100100000,129,356ms
010011001000100000000001000011000100,001000100010010000100000110100000010,000100000101000001011100001000001000,100000010000001110000010000000110001,62,16415ms
011100011000110010010000000000000000,000000000000001000000110111110000010,000011100010000000101001000000101000,100000000101000101000000000001010101,105,50999ms
001100110000001001010000000000010001,000000001010100100000100000100100110,100010000101000010001011000001000000,010001000000010000100000111010001000,114,14032ms
101110111100000000000000000000000100,000000000000110100000010011110001000,000001000011000011110100000000010000,010000000000001000001001100001100011,163,643ms
001001101000000000000101010000101000,000010000001010100000010100010000110,110000010110001001001000000001000000,000100000000100010110000001100010001,145,3501ms
111111101000000000000000000000000001,000000000011000010110100010000000110,000000010100011000000010100011100000,000000000000100101001001001100011000,177,102ms
101110100000100100000000010000001000,010001000010000000000110001010010001,000000010100000000101001100000100110,000000001001011011010000000101000000,160,2966ms
111111111000000000000000000000000000,000000000010010100010011000100001100,000000000101100011000100010000100010,000000000000001000101000101011010001,177,80ms
110011011000100010000000000010000000,000100000000000101100011000100001010,001000100111000000001000010000010100,000000000000011000010100101001100001,157,128ms
000101010010111000001000000000000001,100000100000000110010000010001011000,000010001001000000100011000110000010,011000000100000001000100101000100100,62,7050ms
101100011000010100000110000000000000,010001100000100011100000001000001000,000000000001000000010000110110000111,000010000110001000001001000001110000,92,81610ms
110010001001000001100100000000000010,000000110100000000010001001110100000,001000000010110010001000010001010000,000101000000001100000010100000001101,157,339ms
101001110000000000110011000000000000,000000000000100010001100110000010101,010100000010000101000000001011100000,000010001101011000000000000100001010,157,7884ms
101110010000001000000000000100001001,010000000110010000010001011000100000,000000001001000101000110100001000010,000001100000100010101000000010010100,144,8692ms
111100100000010010001100000000000000,000000010000100101010000100010011000,000010000110001000000000010000100111,000001001001000000100011001101000000,157,1685ms
111101011000000000000100000000000100,000000100110101001000000010011000000,000000000000000110000011101100100010,000010000001010000111000000000011001,144,6261ms
000111001100000000000001100100100000,001000010000000000001010011000001110,010000100001101010010100000000000001,100000000010010101100000000011010000,88,67569ms
111001111000000001000000000000000001,000110000100001000100001010001000010,000000000010000110010100000110100100,000000000001110000001010101000011000,157,3220ms
101000011000000000100010000000010101,000001000000011001010101010100000000,000000100011000110000000100001100010,010110000100100000001000001010001000,103,5407ms
010100010000001101000000000010100010,000000001101110000001010000001000001,101011000010000000110000000100000100,000000100000000010000101111000011000,157,103ms
011111111000000000001000000000000000,000000000000010001000010010011010011,000000000111100100010000101000001000,100000000000001010100101000100100100,112,32197ms
010110000000010000001010010110000000,001000000101000101000100100000100010,000001100010100010000000001001000101,100000011000001000110001000000011000,87,4907ms
000111100001000001000100011000000000,111000000100000000000000100000101011,000000011000100000111000000011000100,000000000010011110000011000100010000,72,10784ms
110010101001001000100000000000001000,000000000000000111001100001000000111,000100010000100000010011100101000000,001001000110010000000000010010110000,157,798ms
100001000101000010011000000001001000,000010101000000101000001110000000100,000100000000111000100010001010000001,011000010010000000000100000100110010,88,6662ms
110101101000000010000010001000000000,001000000011000000001001100101001000,000000000100010101100000010000110001,000010010000101000010100000010000110,157,1186ms
111100111000000010000001000000000000,000011000000010000100100001001000110,000000000101001000010010110000011000,000000000010100101001000000110100001,143,5172ms
011010011000000010100010000000010000,100100100000000001001000000110100001,000000000011111000010100100000000100,000001000100000100000001011001001010,75,52015ms
111110100100000000000000001010000000,000000011001000010010111000000100000,000001000010000101101000010000010100,000000000000111000000000100101001011,177,171ms
001110010000100000000101100100000000,110000000000010001011000000011000100,000001100000001010100000011000010001,000000001111000100000010000000101010,90,6937ms
110001000000001000010100001001000100,001000000101010001101000000100000010,000110000010000010000011100000001001,000000111000100100000000010010110000,123,3345ms
100000001000000000000000010101100111,000001100000010000101100101010000000,000110010001101000000010000000011000,011000000110000111010001000000000000,97,97816ms
001011011010100000010000000001000000,000000100000000010001001100000011011,000100000100010000100110010100100000,110000000001001101000000001010000100,99,3499ms
101100101000000010001000000000000101,010000000000110100100011010100000000,000011010101000001000100100010000000,000000000010001000010000001001111010,132,11843ms
001101000000100100001000110000000100,000010001000010000000001000001011011,100000110100000000110110000000100000,010000000011001011000000001110000000,157,1813ms
101011111000000001000001000000000000,000000000011011100000000111000000010,010000000100000010010000000111000101,000100000000100000101110000000111000,157,353ms
010110010110001001000100000000000000,100000001000000110011001000000010001,001000000001010000000000010111001100,000001100000100000100010101000100010,119,32471ms
011011100000001101000000000100000000,100100001101110000000000100000100000,000000000010000010100101010011000001,000000010000000000011010001000011110,88,84806ms
011001011000000000100000100000001100,000100000000101100001111000010000000,100000000100010000010000001101100010,000010100011000011000000010000010001,157,2901ms
000110000010000001000000000011010110,000000111100001110000000001100000000,011000000001010000010110000000101000,100001000000100000101001110000000001,68,38875ms
100111011000000001000000010000000001,000000000000110010010100100100011000,001000000110001000101000001010100000,010000100001000100000011000001000110,177,1048ms
000000110010100001110000000010100000,010001001000011000001010000000010010,001100000000000010000100011001000101,100010000101000100000001100100001000,34,1480ms
011010111000000001000000000000110000,000000000000101000011000000110001110,100000000100000010000101111000000001,000101000011010100100010000001000000,145,13014ms
101000101001010000100000001000000100,000010000000000001001010100110100001,010000000100100100000101010000011000,000101010010001010010000000001000010,136,3705ms
001110100000000100011000010010000000,010000010001001000000001100001010100,100001001000000010100110000100100000,000000000110110001000000001000001011,177,25ms
110001100000000010000000010011001000,000000010001110100100001100000010000,001110001000000000010110000000000110,000000000110001001001000001100100001,161,10605ms
011001101000100001000100001000000000,000000010101000100100001100000001010,000110000000000000011010010010000101,100000000010011010000000000101110000,119,34890ms
000011100000010000011000010000010001,001000000100101000100011000001001000,100100000000000000000100101110000110,010000011011000111000000000000100000,102,45795ms
101010101000010101001000000000000000,000000000001101000000100101010001010,010000000010000010010011000101000001,000101010100000000100000010000110100,143,7099ms
000100000110000000011100100100010000,101000001001001000000000011010000010,000011100000010110000000000001100100,010000010000100001100011000000001001,60,7146ms
110000111000010100000000001010000000,000000000110100010011000000100001010,001011000000000001100011000001100000,000100000001001000000100110000010101,149,1404ms
000000001001111010000000100010000010,000111010000000100001110000100000000,110000000110000000110000000000001101,001000100000000001000001011001110000,105,1564ms
011110000110000000000000110000010000,000000100000100000111101000000100010,100001001000010100000010000101000100,000000010001001011000000001010001001,175,481ms
111110010000000001000000100000000100,000000000010001110101010000000010010,000001100101100000010000000101000001,000000001000010000000101011010101000,177,89ms
101001000100000010101001000001000000,000000100010001000000000001110111000,010110001000010100000000110000000001,000000010001100001010110000000000110,177,1534ms
100101001000100100100100000000001000,011000110000000000001000000011000011,000010000101010001010010000000100100,000000000010001010000001111100010000,101,25106ms
010011101010100000010001000000000000,100000010001000001100100010000101000,000100000100011100000010000100010001,001000000000000010001000101011000110,84,24866ms
100000011100100000000000101100000100,010100000000001000110010010001001000,000010100011010001001000000000000011,001001000000000110000101000010110000,112,2872ms
101001011000010000000000000000011001,010000100100100001100010100010000000,000110000001000000001101000100000110,000000000010001110010000011001100000,142,21549ms
000011101001100000100000001000001000,101000000010010010001100100010000000,000000010100000101000011010100100000,010100000000001000010000000001010111,68,18196ms
010001100010000000101000001100000100,001000001100100010010100000000011000,100010010000011000000001010001000001,000100000001000101000010100010100010,135,1788ms
011111001000000000000000100000101000,100000010010000101000001010011000000,000000100100001000100100000100000111,000000000001110010011010001000010000,137,13865ms
101110011000000000001000100000001000,000001100000010100000000010010100101,010000000111000001000011000101000000,000000000000101010110100001000010010,177,187ms
100000000000001011000001000001011010,001101001000010100000010101000000000,010010100011000000001100000010100000,000000010100100000110000010100000101,72,27529ms
011001000010010000100000000000001011,100100000100000101001010100000100000,000010001000001000010001011000010100,000000110001100010000100000111000000,53,2066ms
000101011010000110000000000100001000,110000000100010000000010001001000110,001000100000000000101000110010010001,000010000001101001010101000000100000,100,44351ms
010001110000000011000000100100100000,001100000001001000000000000011011100,100000001110010000000110011000000000,000010000000100100111001000000000011,151,6689ms
010010111000000100101000000000001000,100001000100000000010100000100100101,001000000010000001000000111001010010,000100000001111010000011000010000000,73,10361ms
100011011000011000001000000000100000,010000000000000011100100001010001010,001000100100000000000000110101010100,000100000011100100010011000000000001,157,744ms
011000011100000011010000000000000100,000001100000010000100101000010100010,100000000010101000001000100001001001,000110000001000100000010011100010000,157,1650ms
011111100001000000010000000000010000,000000000000010100101100010101000100,100000000010100001000011100000100001,000000011100001010000000001010001010,153,9623ms
110101111000010000000000000000010000,000000000100000010001000001010101011,001010000000101100100010000001000100,000000000011000001010101110100000000,139,3877ms
111101111000000000000000000000000001,000000000000111010111010000000001000,000010000100000000000100100110110010,000000000011000101000001011001000100,157,50ms
011100001000000000000000010010011100,000000100100100101010100001000000001,100010010000000010001010100001000010,000001000011011000100001000100100000,143,8085ms
010100011110000001100100000000000000,100010100000001110000010000100100000,001000000000110000011001000010010100,000001000001000000000000111001001011,116,7938ms
000101001000100000000100011100000001,010010000000010100100000000010100110,001000110010001000000011100001000000,100000000101000011011000000000011000,49,21983ms
111000110001000000000100001000010000,000100000100101000000011010001001000,000001000010000101011000100000100001,000010001000010010100000000110000110,118,5347ms
100110111010000000001000000000000100,000001000100100000010100011010000001,001000000000011011000000000101010010,010000000001000100100011100000101000,177,2678ms
010111111000100000000000001000000000,100000000000001000011100000001101001,000000000100010110000001110010000100,001000000011000001100010000100010010,124,16434ms
000001001000101010100100010100000000,111000100011000000000001001001000000,000000000000010001001000100010100111,000110010100000100010010000000011000,33,2138ms
010111110000100001000000000000001000,101000000011000000100000010010110000,000000001000000000010111000101000101,000000000100011110001000101000000010,120,65845ms
110000110000000000010000001100010001,000010001010100010101011000000000000,001000000101000001000100110001000010,000101000000011100000000000010101100,124,143948ms
100010111001001010000000000000010000,000000000110100001000000100011000011,011100000000010000001011000000101000,000001000000000100110100011100000100,127,22556ms
111000011000000010000100100000000010,000101100110000000110000001001000000,000010000001010100001010000110000100,000000000000101001000001010000111001,128,25413ms
110101100000000000000000100000011010,001000000000000110100010010011000001,000010010111001001001100000000000000,000000001000110000010001001100100100,157,1528ms
001000111100010000001010000000100000,110101000000000010100100000000001010,000000000011100100000001100011000100,000010000000001001010000011100010001,19,7100ms
111010111000000000000000000001001000,000000000000010100001011000110010001,000000000111100000110000001000000110,000101000000001011000100110000100000,144,3257ms
100100011101000000001100000000000001,010000000000001110000001000100101100,000000000010010001100010100010010010,001011100000100000010000011001000000,106,29691ms
011110100110001000000000000000010000,000000011001010000001001110010000000,100000000000100000010010000101100011,000001000000000111100100001000001100,177,786ms
101010010001010001000000000110000000,000000000000000010001100100001110101,000000101000101100000011000000001010,010101000110000000110000011000000000,90,29810ms
010011011000100000000000000011100000,000100100110000000010100100100000010,001000000001011011000000001000000101,100000000000000100101011010000011000,82,8220ms
101111000000000000000001001100000001,000000011000100010011000000001001010,000000100010000100000010010010110100,010000000101011001100100100000000000,177,7083ms
110001111010000000001000100000000000,000000000100000000110001011000010110,000010000001101001000100000011100000,001100000000010110000010000100001001,100,16213ms
101100111000000011000000010000000000,000000000000000100000010101011100110,010001000000101000110100000100001000,000010000111010000001001000000010001,157,381ms
111000100001000000010100000000000011,000100010100001100100001000000001100,000011001010010010000000010110000000,000000000000100001001010101001110000,141,314ms
101000110000000010000000100010001010,000000001100010000011110000000100100,000100000000101101000001001100000001,010011000011000000100000010001010000,103,2358ms
001000000010001100000010100101000001,000100100000010001000000001010101100,010000011101000010010000010000000010,100011000000100000101101000000010000,74,27797ms
001100100000000100000000101000101100,100011001000111000000000000101000000,000000000101000011001110000000010001,010000010010000000110001010010000010,29,9759ms
111000000001010000100001010001000000,000010010010101000000100000000010011,000101001000000000001000100110100100,000000100100000111010010001000001000,157,538ms
010001000110101000011000000000000001,100010110000010010000100000000010010,000000000001000000000000111111001100,001100001000000101100011000000100000,43,27129ms
010101011000000010000001100100000000,001010100000100000001010010000100010,000000000100011001000000000011011100,100000000011000100110100001000000001,72,47890ms
110000000100000100010011010100000000,000101000001000010001100100010000001,001010100000101001100000000000001100,000000011010010000000000001001110010,157,114ms
011110010000000010000001101000000000,000000000100011000011010000000110001,100001100010100001100000010000001000,000000001001000100000100000111000110,177,2914ms
101000100001010010000000100100000001,000101000100100100011010000010000000,000000011010000000100001000001110010,010010000000001001000100011000001100,144,2233ms
110111001000001100000000000001000000,000000000001110000010000011110100000,000000100000000010101111100000000100,001000010110000001000000000000011011,132,11087ms
111010100000001000000000001010001000,000101011011000100110000000000000000,000000000100100000001010100100010011,000000000000010011000101010001100100,132,116287ms
101011001000001100000000000100000100,000100000100100000010001011000101000,010000110000010001001000000010000011,000000000011000010100110100001010000,142,3260ms
010011010000001000000010100010001000,000000100000010000110100001001100001,100000001110100011001000000000010000,001100000001000100000001010100000110,157,12859ms
101101111000001000000000000001000000,000000000011010010100100001000000011,000010000100100000010010110110000000,010000000000000101001001000000111100,157,38ms
101101100000001000000000000010001010,010010010000000010011000001000010001,000000000110110100100101010000000000,000000001001000001000010100101100100,118,106388ms
111111110000000001000000000000000000,000000001000000010100110001001001100,000000000001001000011001010000100011,000000000110110100000000100110010000,166,1044ms
110011010010000000001000100000001000,000000100000001100100011000001100001,001100000100110010000000001100010000,000000001001000001010100010010000110,157,189ms
110100000011000000000001000100110000,001000000100000100100000111010000001,000001110000000010010110000000001100,000010001000111001001000000001000010,141,1376ms
010110111000000100001000100000000000,000000000011100010100000001000110010,101001000100000000010101000001000001,000000000000011001000010010110001100,177,121ms
011000110000000100000001000001010010,100110001110001000001100000000000000,000000000001100000110000110000001101,000001000000010011000010001110100000,64,29721ms
110101001100000001100000000000000100,001000000000000010010100001000011011,000000110000010000001010100101100000,000010000011101100000001010010000000,157,416ms
001110000001000010100000101100000000,000001000000100000010001000001011011,110000101000000100001110010000000000,000000010110011001000000000010100100,177,16782ms
110100110000010110000000000000100000,000010000100100001000000001000001111,000001001001000000000101110001010000,001000000010001000111010000110000000,125,3609ms
100011010000011100001000000001000000,001100100001100000110010000000000010,000000001100000010000101011000101000,010000000010000001000000100110010101,82,11034ms
101111101000000000000010001000000000,010000000000011100010001010001001000,000000000011100001101100100010000000,000000010100000010000000000100110111,177,1976ms
010111100000010000000000000100000101,000000001001100000010110110000010000,001000000100001011100001000010100000,100000010010000100001000001001001010,136,6216ms
000000100100100000100000000110011001,001010010000001100000111001000000000,010100001010010011000000000000100010,100001000001000000011000110001000100,95,64335ms
001100010000001010000100000010010010,000000001100110000000010000101000101,100010000010000101010001100000001000,010001100001000000101000011000100000,80,39714ms
111001011001000000000000000010100000,000000000000010110000000110101011000,000110000000000001011100001000000110,000000100110101000100011000000000001,177,1080ms
111000001001000100100000000010000010,000000110110000010000000001100000101,000010000000101001010011100000010000,000101000000010000001100010001101000,119,7996ms
011111110000000010000000000000010000,000000000100001000011101000110000100,000000000011000101100010010001000010,100000001000110000000000101000101001,98,55590ms
000100011000010100101000000100010000,000010000000001000000001011011100100,101000000100100001010100000000001010,010001100011000010000010100000000001,120,2581ms
011010100001100001000000000100001000,000101000010010000000101000010100001,100000000100001100010010100000000110,000000011000000010101000011001010000,157,1422ms
011101110100000000000000010000000100,000000000001111000100001000101100000,000000001000000010011100001000001011,100010000010000101000010100010010000,74,8830ms
000111011001001000000000010000000001,010000100010000101001010001000000100,101000000000000000110101100000011000,000000000100110010000000000111100010,177,24528ms
011100100100010000000000000000001110,100000001000000011100000001100110000,000011010011000100000001100010000000,000000000000101000011110010001000001,102,19179ms
011001001000001000000000000010001110,000000110011100001100001100000000000,000110000100000110010000001001100000,100000000000010000001110010100010001,107,97376ms
100011100000000110000000000000100110,001000000011001001001100001000000001,010100000000110000100001000111000000,000000011100000000010010110000011000,147,1161ms
100111111000001000000000100000000000,000000000110110001001000000000000111,000000000000000000000111010111011000,011000000001000110110000001000100000,125,30338ms
111001110000000000010000000010100000,000000000010101011001000100000010001,000100000101010000100100011000000100,000010001000000100000011000101001010,157,909ms
111110111010000000000000000000000000,000000000001000011000011010001010100,000001000000001000001100100110100001,000000000100110100110000001000001010,177,688ms
000011110010101001000000100000000000,010000001000000000111010000100011000,001100000000000000000101011010100010,100000000101010110000000000001000101,49,913145ms
010111000000010000100001001100000000,001000010010000010000100100001010010,000000101101100000011000000000001001,100000000000001101000010010010100100,118,2766ms
011000100000101100000010010000000001,100000000011000010010000100100101000,000100011000010000100100001000010010,000011000100000001001001000011000100,67,19132ms
100110100100000100000000000100001001,000001000000100001110101100010000000,001000001001000010000000011000110010,010000010010011000001010000001000100,144,4042ms
110101011010000000001100000000000000,000000100000001110010000010000001101,001000000001010000000001100011010010,000010000100100001100010001100100000,127,1741ms
110111110000000000010000000000010000,000000000000001100100110001101000010,001000001010000001001000010010000101,000000000101110010000001100000101000,156,1389ms
000000010000010110001000011100000001,000100101000000001000010000001101010,110001000100100000100100000000010100,001010000011001000010001100010000000,128,3736ms
100010110001010000000000010100010000,011100000000000001000001100010000011,000001001100001010010000000001100100,000000000010100100101110001000001000,93,10831ms
101101011000000000000010000000010100,000000000010001000011101101000001000,000010100000100110100000000010100001,010000000101010001000000010101000010,136,1262ms
100101010001110000000000100000010000,001010000000000010010001010000001011,010000000100001001000100001001100100,000000101010000100101010000110000000,115,2052ms
011101011000000000001000000000100100,100000000110010001000000000011000011,000000100000001110010000011100010000,000010000001100000100111100000001000,92,47773ms
101111110001000000000000000100000000,000000001100101000000011100001000001,010000000000000111101000000000001110,000000000010010000010100011010110000,177,134ms
100000111000100000000000011100000010,010001000010001000001010000001010001,001110000000010010100100000010000100,000000000101000101010001100000101000,140,3523ms
110001001010000000010000000100010100,000000100000100111000011001000001000,000000010100011000001000100011100000,001110000001000000100100010000000011,131,2974ms
101100010000010000000001100000010010,000010000100001001001000000101101000,000001100011000110000100001010000000,010000001000100000110010010000000101,90,22799ms
001010101011010000000000000000100100,100100000000101001000001000010001001,000001000000000110011100100001000010,010000010100000000100010011100010000,32,5038ms
000111111000100100000001000000000000,000000000010001010101000010010001010,101000000100000000010000000101010101,010000000001010001000110101000100000,177,1338ms
110100010001011100000000000000000001,001010100000000000101000010000111000,000000000110000001000110001100000110,000001001000100010010001100011000000,142,15968ms
010110011000000010010000110000000000,100000000000010101000011000000100110,001001000010101000001100000001001000,000000100101000000100000001110010001,100,23045ms
001000100100011010000000000100110000,010010000000000101011100000010001000,100001001001100000100010001000000100,000100010010000000000001110001000011,144,2769ms
010000101100000000000101000000110010,001110010011000000010000000100001000,100000000000110000000010111000000101,000001000000001111101000000011000000,100,2349ms
000010100111010001000000000001000100,100000011000001000101000001000001001,011100000000000000000001100110110000,000001000000100110010110010000000010,115,21012ms
111011100000000000000010010001000000,000000000100101101010000000100000110,000100010000010000001000000010111001,000000001011000010100101101000000000,132,12388ms
100111100001001000000100000000100000,010000010000100010000000010111010000,000000000110000001111000001000001001,001000001000010100000011100000000110,150,4867ms
110110110000000000100000010000000100,001000001110000101000010000000010010,000001000000011010000000101110000001,000000000001100000011101000001101000,177,1341ms
011100000000001000100000000011100100,000001100000100100000011100000000011,000010001000000011011000001000011000,100000010111010000000100010100000000,87,1867ms
000110101100000000000000010101100000,001000000010000000001101001000011010,110000010000000100100010000010000101,000001000001111011010000100000000000,177,424ms
011001111000101000000000000001000000,100010000000000001101101100100000000,000100000011010000010010010000001100,000000000100000110000000001010110011,82,77098ms
110010010111000000000000000100100000,001001001000100010000000110010010000,000000100000001001101000000001001101,000100000000010100010111001000000010,136,1512ms
110011001000000010100001000000001000,001000010000100101010000001010000001,000000100100011000000110000001100100,000100000011000000001000110100010010,144,1311ms
101111011000000000010000000100000000,000000100000110010001000111000000010,000000000010001100000111000010110000,010000000101000001100000000001001101,159,401ms
010101110000000001010001000000000001,000000001000100110000000010010011010,101010000010000000001010001001100000,000000000101011000100100100100000100,136,8765ms
001110110000011000000000100000000100,000001000100000010010001011000100010,000000001010100000001000000111011000,110000000001000101100110000000000001,94,8639ms
110010111000000000000001100000010000,000001000010010010001000011011000000,000000000101100001000110000100101000,001100000000001100110000000000000111,157,1428ms
001010111001010000001000000000000100,000100000010000100010010001101000001,000001000100101001000001000010011000,110000000000000010100100110000100010,47,4251ms
100000101100000010000010000011000001,010111000000101000010101000000000000,001000010001010101001000010000001000,000000000010000000100000101100110110,88,107984ms
110111101000000000010001000000000000,000000000111000001000000110000101100,001000010000010110000110000101000000,000000000000101000101000001010010011,177,324ms
101110101100000110000000000000000000,000000000010111000000011010000010001,000001010000000001100000100101100010,010000000001000000011100001010001100,177,1605ms
110110000000001010001010000000001000,000001001110000000100001000000110100,001000110000100100010000011000000010,000000000001010001000100100111000001,132,7621ms
001010011001000010000000010000011000,010101100100001001000110000000000000,000000000010100100100001100000000111,100000000000010000011000001111100000,22,17041ms
001000011011000100101000000000000001,000010000100110001000000000100011010,010000000000000000010111100011100000,100101100000001010000000011000000100,55,68777ms
100100100000000000000101000111010000,000010000011001011000010001000000100,010000010000110000101000010000001001,001001001100000100010000100000100010,144,6275ms
010111011000001000000100000010000000,000000000010100000001010110100010001,000000100000000101100001001001101000,101000000101010010010000000000000110,104,8531ms
111101000000001000100000010100000000,000000110100000001000111000000110000,000000001011000010000000001010001110,000010000000110100011000100001000001,157,181ms
001010110000010100010100010000000000,010100000000100011100000101000100000,000001000111000000001000000110000101,100000001000001000000011000001011010,62,34694ms
100101110001000100100000000000100000,000000000110100000011000000100001011,010000000000001001000010110011010000,001010001000010010000101001000000100,105,4879ms
001011000101000000000100000100011000,100000000000110111000001100000000100,000000010000001000101010011001000010,010100101010000000010000000010100001,68,10817ms
111110101010000010000000000000000000,000000000101101000000011001010100000,000001000000000000011000110001010101,000000010000010101100100000100001010,164,2785ms
011101101000000001001000000000100000,000010000001000000100101110100001000,100000000100110100000000000010010110,000000010010001010010010001001000001,157,1138ms
001101111100000000000000000000010001,100000000000000011001011000001100100,010000000010111100000000000110000010,000010000001000000110100111000001000,120,12663ms
011101010100000001001000000000000100,000000100001000010000010100001100011,100010000000010000010000011110010000,000000001010101100100101000000001000,157,447ms
100101100000001111000000100000000000,011010010110000000000000010011000000,000000001000110000111100000000010100,000000000001000000000011001100101011,76,17062ms
010010100110000011000000000010000100,000000001001100000000100101000110001,101001000000011000110010000100000000,000100010000000100001001010001001010,157,477ms
000010010000000100100001100010000110,000101000001000000001000011001010001,011000100000011000010110000100000000,100000001110100011000000000000101000,78,33732ms
101001111110000001000000000000000000,000000000000101000010000110011000110,010010000000000010101000000000111001,000100000001010100000111001100000000,157,282ms
111001100000000010000000101000000010,000010010000011000001000000110100100,000100001000100101100010000000011000,000000000111000000010101010001000001,125,7985ms
101011101000000010000000000000011000,000000000001010000001011110110000000,010100010110101100000000000001000000,000000000000000001110100001000100111,157,1136ms
110110001000000100000100100010000000,000000000110001000001001011001010000,001001100000000010010010000000101010,000000010001110001100000000100000101,159,3136ms
001001011100100001000000001100000000,100110000000010000000001010010100001,000000100011001100000000000000011110,010000000000000010111110100001000000,85,14952ms
000001011010000101110000000000000010,000100100000000000001101010100100001,110010000000101000000010001010000100,001000000101010010000000100001011000,127,11223ms
100010011001000000000000000100000111,010100000000100011000010110001000000,000001000010001000111000001000011000,001000100100010100000101000010100000,112,6550ms
011111000000000000000001010001001000,000000110001110000011000000100000010,100000000100000010000010001000110101,000000001010001101100100100010000000,167,2641ms
011100111000000000001000000000011000,000001000000110010000000101100000110,100000000101000101010000010001000001,000010000010001000100111000010100000,157,2216ms
011111101000000000000000000110000000,100000000010000100000001010001101001,000000010001011010110000001000010000,000000000100100001001110100000000110,135,3630ms
101000000001001110000010000001001000,010001000010100000000101010000010010,000110010000000001001000001010100100,000000101100010000110000100100000001,107,4476ms
110001101000000000000010000001100010,000000010000001001101000000100001101,000110000000110100010100110000000000,001000000111000010000001001010010000,156,5359ms
001011100100010000000000001100000001,100000000001001000001100010000110100,000100011010100100010001000010000000,010000000000000011100010100001001010,88,3424ms
001100001000010000000010010100000110,110000000000101000101001000010100000,000011010111000001000000000001001000,000000100000000110010100101000010001,103,7882ms
010001001000100010000100100000100010,100010000010011000000001010010010000,001100110001000001001000001000001000,000000000100000100110010000101000101,45,4269ms
000010001010000000100001000011101000,101001100000110000000000110100000000,000100000101000111000010000000000011,010000010000001000011100001000010100,23,5883ms
001111000000010001010100000000000010,000000111000001000001000000011110000,010000000111000000100000011100001000,100000000000100110000011100000000101,136,3830ms
111110000000000000110010000000010000,000000100000001010000101000001100110,000000010110010001000000101010001000,000001001001100100001000010100000001,153,310ms
100010000100000110010001100010000000,000001000000000000001110010101000011,011000001001011000100000000000011000,000100110010100001000000001000100100,130,20680ms
000101110000100000000000011000000011,100000001100000010001110000110000000,001010000000011101100000000000001100,010000000011000000010001100001110000,57,150ms
111010001001000000100001001000000000,000000010110001100000000100000011001,000000000000110011011100000000000110,000101100000000000000010010111100000,140,25874ms
010101001000000001000001001001000001,000000000111100000100100000100001100,000010100000001100000010100010010010,101000010000010010011000010000100000,36,2624ms
000011001000010100000010000001001010,000100100001000011010100001010000000,001000010110100000100000110000100000,110000000000001000001001000100010101,70,7957ms
110011100100000000000010000110000000,001100000000000100000101010001001001,000000001000001011101000001000010010,000000010011110000010000100000100100,157,26ms
111010101000000000000001000011000000,000100000001000101000000011000010101,000000010110100000100010100000100010,000001000000011010011100000100001000,157,365ms
001001100000100100000100010000001100,010000000010001000111001000110000000,000100001101010010000010000000100010,100010010000000001000000101001010001,41,925ms
000111010001100000000000000001001100,100000000100000000011110000010100010,010000000000010110100001010000010001,001000101010001001000000101100000000,58,7205ms
011001100000000010010000010011000000,000100000110100101100010000000001000,100010001000010000000001101000000101,000000010001001000001100000100110010,114,12255ms
010111101000000100000000110000000000,000000000001001011101000000100001010,000000010010100000000110000010110001,101000000100010000010001001001000100,82,18756ms
000100101000100010100000010100000010,010000000001010100001101001000100000,100011010010000000000000000001001101,001000000100001001010010100010010000,148,5728ms
100011101000000000000001000001110000,000000010010100001110000010100000100,000100000101000110001110000000000010,011000000000011000000000101010001001,102,4360ms
110110101000000000000001110000000000,000000000110010011000000001011100000,000001000001000100001100000100001101,001000010000101000110010000000010010,134,5822ms
011110110000000100000001000010000000,000000000001101001000010100001101000,100000001110010000011100010000000000,000001000000000010100000001100010111,177,2178ms
111101101001000000001000000000000000,000000010000111000100100101000001000,000010000110000100000010000110100100,000000000000000011010001010001010011,157,350ms
101111001000000000100000001001000000,000000110001000101000001000000010101,000000000100111000000010110000100010,010000000010000010011100000110001000,149,1328ms
101011011000000100000010100000000000,000100000110000010001000000010100101,000000100001100001010100010100000010,010000000000011000100001001001011000,118,4375ms
000100110100001100010000000000010100,000000001010010010000110000100001001,001000000000100001000000101011100010,110011000001000000101001010000000000,13,12119ms
010011111010000000100000000001000000,000000000001100110001100011000100000,101000000000000001010001000000011110,000100000100011000000010100110000001,157,227ms
011101001000000110000000000000010100,100000110001000000011001000000101000,000010000000111000000000011100000011,000000000110000001100110100011000000,86,27931ms
111110011010000001000000000000000000,000000000001110000011100001000011000,000001100000000000100010100011000011,000000000100001110000001010100100100,177,586ms
011110101000000001000001000100000000,000000010000010100110000000001100110,000001000011100010000100010010000001,100000000100001000001010101000011000,101,6688ms
001100011100100000010010001000000000,000001100000000111100000000000010110,000000000010011000000101010011001000,110010000001000000001000100100100001,75,18924ms
101010001000001010100100100000000000,000000000010110001010010000000100110,010101000101000100001001000100000000,000000110000000000000000011011011001,157,535ms
001100000100000100000011010011000000,100010000010000000010100100100001010,010000100001010001101000001000000001,000001011000101010000000000000110100,61,11787ms
111111011000000000000000000100000000,000000000010100011101001000010010000,000000100101010100000010001001000010,000000000000001000010100110000101101,177,41ms
101100001100100010000000100000000100,010001000000011000000100000100100011,000010110010000001000010001010001000,000000000001000100111001010001010000,120,23759ms
000100111000000001100000110000001000,101000000001000000001010000101010001,010010000000101100010001000010100000,000001000110010010000100001000000110,78,6855ms
000101100110001000010000000100010000,000010010000100000100001000010101100,000000001001000011000110001000000011,111000000000010100001000110001000000,47,6362ms
011011111000000000010000010000000000,100100000011101001000100000001000000,000000000100000000000011101100001110,000000000000010110101000000010110001,92,54671ms
101001101000011001100000000000000000,000000000000000010001100010110101100,000010010100000100010010101000010000,010100000011100000000001000001000011,153,1098ms
100000100010010000000110001100000001,000000011000000000101000100010100110,011100000101001010000001000000010000,000011000000100101010000010001001000,157,1569ms
001010001010100000000000111010000000,000000110000000100010001000000011011,110000000001010001101000000001000100,000101000100001010000110000100100000,144,996ms
111011101000001010000000000000000000,000000010010010001001001011000001000,000000000100100100010110000001010001,000100000001000000100000100110100110,146,4249ms
011110111000000000000000100100000000,100000000101000110010000010001001000,000000000010000001100111001000000011,000001000000111000001000000010110100,133,12109ms
011111011000000000000010000010000000,000000000000011010000000000100101111,100000100110000001001001001000010000,000000000001100100110100110001000000,177,810ms
110010011001010100000000000010000000,001000000000000000010001011101100100,000001000110000011100110100000000000,000100100000101000001000000000011011,157,17145ms
100110000100010000010000000111000000,010000100000100000100100010000110100,000001001010001100000011001000000010,001000010001000011001000100000001001,137,919ms
010101000000010001100001001000000100,100010011110001100000000010000000000,000000100001000000000000100011111010,001000000000100010011110000100000001,44,26023ms
110101000101000001000000100001000000,000010100010100110000001000000101000,001000001000010000110000010010000011,000000010000001000001110001100010100,157,1833ms
001110101001000010000000000100000100,110000000100000000100100000011011000,000001010000101101000010100000000001,000000000010010000011001011000100010,88,27713ms
000011011000010010000010000000110000,001000100111000100000100001000000010,000100000000001000111001010011000000,110000000000100001000000100100001101,36,9159ms
001110001100000100001000000001010000,110000100001000001000011000000100010,000001010000111000100000110010000000,000000000010000010010100001100001101,94,13234ms
011000111000000000000000100110100000,000000000100000011010101001000010001,000100000011101100001000000001001000,100011000000010000100010010000000110,98,15086ms
010000001000101000100001001100000010,101000010010000100010010000001000100,000100100100000010000000100010110001,000011000001010001001100010000001000,72,9264ms
000101000011100101001100000000000000,001010100100001000100000000100000101,000000011000010000000001101010100010,110000000000000010010010010001011000,0,10482ms
100101011101000000000000000001000100,000010100010010000100001100000110000,000000000000100100011010000100001011,011000000000001011000100011010000000,133,5053ms
010101101000000110001000000010000000,001000000000100001010100000100101001,100000010100000000100011101000000010,000010000011011000000000010001010100,157,653ms
011011010100010001000000000000010000,000000000000100100110011001100001000,000000001001000010001100000011000110,100100100010001000000000110000100001,73,37570ms
110011000100001000000010000010001000,000000011010100100000001001001000100,000100000000000000001100110100110001,001000100001010011110000000000000010,157,4161ms
011010000100100110000000010010000000,000000010000001001101000000101000011,100100000010000000000111100000011000,000001101001010000010000001000100100,150,2221ms
110101110000001000000000000000010100,000000000001010000000101001011100010,000010000100100110100010110000000000,001000001010000001011000000100001001,157,5490ms
011010010110000000001000000000101000,000000001000000110000101100011000001,000001100000011001110010001000000000,100100000001100000000000010100010110,123,8127ms
101101101000000000000010000001001000,010000000001001001110001010000000010,000000000010110000000100000110100101,000010010100000110001000101000010000,157,4115ms
010100101010010000000101001000000000,001010000100000100011000000000001110,000001000000001010000010010011010001,100000010001100001100000100100100000,46,5620ms
000110100011000000010000000000100101,010001000000100000000100001101010010,100000001100011101000010000010000000,001000010000000010101001110000001000,112,33598ms
010001101010000000000100001010000001,001000000101010001010001100100000000,100000010000101000001000000001110010,000110000000000110100010010000001100,114,4050ms
111101110010000000010000000000000000,000000000000111110000010100000100100,000010000100000001100100001110010000,000000001001000000001001010001001011,157,59ms
111111010000000001000000000100000000,000000100110000100000001001000011010,000000000001010010101100000011000100,000000001000101000010010110000100001,171,1049ms
011010001000101100000100000001000000,000000000010010001000001110110000001,000101100000000000110000001000100110,100000010101000010001010000000011000,107,22157ms
000010110010000110000001001000010000,001000001000000001001010010000001011,110100000100110000000100000001000100,000001000001001000110000100110100000,129,4214ms
010110101000000000000001010110000000,000000000111100000010000101001000010,101000000000000001100110000000110100,000001010000011110001000000000001001,177,55ms
101000001001001000000100011000010000,000001100010000000011001100001000001,000000010100110111000000000000000110,010110000000000000100010000110101000,77,32192ms
101001100000001001001010000100000000,000010000000010110010001010000100010,000100000111100000100000100010000001,010000011000000000000100001001011100,139,1284ms
111111001000000000000000010000000100,000000000110010100000000001011011000,000000010000000000100111100000100011,000000100001101011011000000100000000,169,4071ms
110010000010110000000000001010001000,000100001101000010010101100000000000,000000110000000000101000010101000011,001001000000001101000010000000110100,157,28049ms
100111110000001000000000010000000001,011000000000100000001100001000001110,000000000100000011110011000010010000,000000001011010100000000100101100000,152,3392ms
000010011001100000000001000010001100,000100100000010101000000100101000010,101000000000001010110010001000100000,010001000110000000001100010000010001,78,13604ms
101000010100011110000000010000000000,000000101010000000011000000101000110,000011000001000000000101000000111001,010100000000100001100010101010000000,142,6923ms
000000111000000000010100100101010000,001100000010001010001010000010001000,100010000001110101000000010000000010,010001000100000000100001001000100101,98,6423ms
001101001000001000100000001110000000,010000000010010001000110000000101010,100000010100100110010000000001010000,000010100001000000001001110000000101,157,40ms
010101010000000000100010100110000000,001010001000100000010000010000110100,000000000000011101001101001000001000,100000100111000010000000000001000011,74,78948ms
101010000100100000000000010010010010,010000001000010101001100000001001000,000100000011000010000001101100000001,000001110000001000110010000000100100,104,816ms
011011011000001000000010100000000000,100000100010010010011000001000100000,000100000101000100100000000101010100,000000000000100001000101010010001011,123,6965ms
010000110000000100011000000001010001,001010000000111000100100001000100000,100100001001000010000000000010001110,000001000110000001000011110100000000,123,22902ms
110111100100000000100010000000000000,000000000000011010010100000011010100,000000000001100001001000110000101010,001000011010000100000001001100000001,142,2558ms
011011101000010010000000000010000000,000000010000100000000010100000111011,000000000011001001000101010101000000,100100000100000100111000001000000100,101,16444ms
111011001000000010000000001010000000,000000110010001000001010000000111000,000100000100110001100001000100000100,000000000001000100010100110001000011,157,98ms
001011111000000000000011100000000000,110100000100000000000000001110000011,000000000010000010101100000001101100,000000000001111101010000010000010000,80,120789ms
101111111000000000000000000000001000,000000000010010000110000001011010010,010000000000001001000110010000100101,000000000101100110001001100100000000,163,2862ms
110000100000000010000100100110100000,001001010000000100001010010000001001,000010000100001000010001001001000110,000100001011110001100000000000010000,118,6274ms
000010000011100100100000001001000010,101000100100000000011010000000000101,010001000000000011000100010010110000,000100011000011000000001100100001000,33,500ms
100111101000000001001000000000010000,001000000110110000000110000010000100,000000010000001100010001011001001000,010000000001000010100000100100100011,114,1125ms
110011101000000000001000000011000000,001000000010100100000001001000001011,000100000101011000010100000000110000,000000010000000011100010110100000100,127,1232ms
101110000000010000010100000010100000,010000010100001000000001001000010011,000001001000000010100010110000001100,000000100011100101001000000101000000,160,2186ms
110111111000000000001000000000000000,001000000001001011110001000000000100,000000000000110000000010100101110001,000000000110000100000100011010001010,161,1750ms
011110001000001000100000010100000000,000000000010000001010110100001000011,100000110000010000000001001000110100,000001000101100110001000000010001000,177,346ms
110001011100000101000000000000100000,000010000011000000010000010011010100,001000000000110010001001101000000010,000100100000001000100110000100001001,147,3145ms
110100011000100000000001010001000000,001000000001000000100000101000111001,000010100110001010010000000100000100,000001000000010101001110000010000010,157,528ms
000110110000000000010001011000010000,000000001100110101000000000101000010,100001000010001000100100100000001100,011000000001000010001010000010100001,131,23116ms
001001111100000000000001000001100000,010000000010000010101100101000010000,100010000000101101010000000100000001,000100000001010000000010010010001110,157,340ms
001000010100001000000000010101001100,110010001000100100100001001000000000,000101000001000010001010100000110000,000000100010010001010100000010000011,20,8050ms
100111001001000000010000000000001010,010000100000011100000000110000100100,000000010110100011000000001101000000,001000000000000000101111000010010001,152,2460ms
010000000001100100110000010100001000,001001010100000000000100000001010110,000100000010001000001001101000100001,100010101000010011000010000010000000,35,1014ms
010011110100000000000100100001000000,001000000000100001011001000110000010,000100001011010000000000001000101100,100000000000001110100010010000010001,82,7137ms
010111010000000000000100000001010001,101000000001000100101000110000000010,000000000010011001010000001110001000,000000101100100010000011000000100100,113,30268ms
000111101000100000000101000000010000,000000010000010000111000101100100000,011000000011000010000000010010000110,100000000100001101000010000001001001,72,13007ms
100010100001001100000000100110000000,000000011100000001010000000000111010,010101000010100010100001000000000100,001000000000010000001110011001000001,136,604ms
001001000010100000000010100100010100,000000000101000001000101011001100000,100100011000000000111000000000001010,010010100000011110000000000010000001,121,32123ms
010010011100000010001000010000100000,000001000000001101100000001010000011,001000100010000000000110100100011000,100100000001110000010001000001000100,100,1409ms
100100110010100010010000000000000010,011000000001001000000010101000011000,000001001100010000001100000000100101,000010000000000101100001010111000000,94,886ms
100100101000000010100100000010001000,001010010010001001000000100001000100,000000000101110000010000010000100011,010001000000000100001011001100010000,106,15272ms
011001010110000000000101000000000010,000100100000110000010010000100010100,100000001001000101000000001000101001,000010000000001010101000110011000000,143,1701ms
111011010000000000000000100100010000,000000100010010010001000010010000110,000000001101100001100010000001100000,000100000000001100010101001000001001,157,98ms
001111001100000010000100000000000001,010000010010011000010000100010000100,000000100000100100000000011001111000,100000000001000001101011000100000010,72,8794ms
100011001000001000011000000000001010,000000000101010000000000001111100100,010100010000100011100000100000010000,001000100010000100000111010000000001,121,18546ms
001101011000000001100000100000100000,100000100100100010000010011000000100,000010000001010100000101000100000011,010000000010001000011000000011011000,75,9593ms
111101010100000100000000000001000000,000000100011110000000000010100010001,000000000000000001100111001000101100,000010001000001010011000100010000010,133,4620ms
110110111001000000000000000000001000,000001000010010000000000101101000101,001000000000101010001011010000100000,000000000100000101110100000010010010,149,2459ms
111110110001000000000000000000100000,000000000100000101000010111010010000,000000001000110000110001000000001101,000001000010001010001100000101000010,144,22163ms
100111000000000010101000010000010000,000000001000010100000001101111000000,011000100111000001000000000000101000,000000010000101000010110000000000111,177,947ms
000000101000000110000100001000111000,111000010011010001000000000000000001,000110000000000000111011010001000000,000001000100101000000000100110000110,20,11743ms
101011110001000000100000010000000000,000000001000001001000010101110001000,010000000110000000001001000000110101,000100000000110110010100000001000010,157,122ms
011000010000000001100000010001010100,000100101000111000000010000100100000,000011000001000000011000101010000010,100000000110000110000101000000001001,71,11509ms
000110111000000010001000001000010000,000000000100011101100001000000001001,011001000010100000010010010000000010,100000000001000000000100100111100100,86,34159ms
001101101001100000000000000100000010,000000000000010111001010010010100000,000010010100000000110001001001010000,110000000010001000000100100000001101,92,7355ms
000001010000010000000110001010010001,011100000101000000010000000001001010,000000001010001110100000000100100100,100010100000100001001001110000000000,25,11042ms
110101010000000100000100001001000000,000000101111000000100000000010010100,000000000000111000001010110000000011,001010000000000011010001000100101000,105,6831ms
001011110000000001001000000001000100,100000001110000000010110000100010000,000000000001101110100000001000100010,010100000000010000000001110010001001,46,1752ms
111100001010000000100000010000000100,000000100001010000001010100011001000,000010000000101101010001000000000011,000001010100000010000100001100110000,143,252ms
111000010000001000100000011000000010,000100100001100001000011000100001000,000000001100010110011000000000000101,000011000010000000000100100011110000,151,579ms
001000001100100100111000000000000100,000110010000010000000000011101000010,010000000010001011000001000000110001,100001100001000000000110100010001000,71,4409ms
101100110100000001000010000001000000,000000001011000000100000101100100100,000010000000100010011101010000000010,010001000000011100000000000010011001,94,27849ms
100110011101010000000000000010000000,010000000000100001010101010000010001,000001100000001110001010001000100000,001000000010000000100000100101001110,158,2039ms
001110111001000000000001000000000100,100000000100100100000100001110010000,000000000000001000111010010001001010,010001000010010011000000100000100001,86,22823ms
100110110000010010000000000001010000,001000000100000001100000101100000101,000000000010000100011101000010101000,010001001001101000000010010000000010,102,45063ms
001111100000001000010001010000000000,000000000100010010101000001110000010,110000000000100101000000100001010001,000000011011000000000110000000101100,151,6286ms
001010000010001000001100010001100000,000000011001110100010000100000000100,110001100100000000000010001100001000,000100000000000011100001000010010011,144,774ms
001011101011000100000100000000000000,000100000000000010100010001001011001,010000010100000001010001110100000000,100000000000111000001000000010100110,106,32793ms
110000001101100001000000000010100000,000000010000001000001110100001001001,000001100010010100010001010000000100,001110000000000010100000001100010010,118,15778ms
000111000011000100000000000001001010,000000101100101000000001000000110001,100000010000010001010100001010000100,011000000000000010101010110100000000,117,33507ms
100100001010000010010101000000001000,000011100000001000000000111100000001,010000000100100100000010000001110100,001000010001010001101000000010000010,119,3391ms
010000011000000000000110101100001000,001010000110100010010000000000100010,100101000000011000001001000010000001,000000100001000101100000010001010100,133,2924ms
111000101000010001000000000001001000,000000000110001000010110110000000100,000010000001100110001001000100000001,000101010000000000100000001010110010,112,69213ms
010100100010100100101010000000000000,100001011000000010000000000110010100,001010000000010001010000010001001010,000000000101001000000101101000100001,63,114942ms
110110100010000000000100100010000000,000000000000101000100000010100111010,001001010000000101000011001000000100,000000001101010010011000000001000001,140,3499ms
000001101000000100000100010010010100,100000000000110011010010000000101000,011110000011000000100000001000000010,000000010100001000001001100101000001,104,9768ms
111001001001100001000000000000001000,000100010100010000110000001010000010,000000000000000110000110110101010000,000010100010001000001001000000100101,142,6179ms
000000011000000000010000100110110100,000001100001010000100101000001000001,001010000110001101000000010000000010,110100000000100010001010001000001000,44,53377ms
110100111100000000010000000000100000,000000000010100000001001010011010010,000000000001011100100010101000000001,001011000000000011000100000100001100,130,11593ms
100100010011000000000001001000001100,000010000100100000011000000101100001,011000000000010111100100000010000000,000001101000001000000010110000010010,114,4563ms
001101110001010000000010000000000010,000000000100100110111000000100100000,010010000000001001000000111010001000,100000001010000000000101000001010101,46,6354ms
001011001000100000010010100000000010,000000010000001000001000011010101100,010100100011010001100000000001000000,100000000100000110000101000100010001,92,48002ms
001001110000011001000000000100001000,100000001010100000100110010000000001,000100000001000100010000101001000110,010010000100000010001001000010110000,50,17265ms
011101000000000010010100000100000010,000000100111100000100011000000100000,100010000000001101000000110000001001,000000011000010000001000001011010100,128,6144ms
111101001000000000000100100100000000,000000110100001100100010000010001000,000000000011010011000000001001010001,000010000000100000011001010000100110,128,1401ms
110100101000010100001001000000000000,001000010100000000110110000100100000,000011000001100010000000010011001000,000000000010001001000000101000010111,112,17247ms
000110010000000000001100000101100100,100000000110100000100011001010000000,011000001001010001010000000000000011,000001100000001110000000110000011000,115,11454ms
001011010000100001000000000000001101,100000000011000000110100001001100000,010100000000001010001010010100010000,000000101100010100000001100010000010,77,5629ms
010100111000100100100000000000000100,000000000001010001000000100110010011,001001000010000010000100001001101000,100010000100001000011011010000000000,69,37105ms
000110001010000000010010000010100001,000000010001100001101000000000010110,111000000000010100000101010100000000,000001100100001010000000101001001000,157,804ms
111100011000000100000100000000000100,000011000000101000000001000011010010,000000000010000011001010100000101001,000000100101010000110000011100000000,117,34212ms
101010100000100000000010000010010001,010000010000000100100000111000000110,000100000010011001001100000001100000,000001001101000010010001000100001000,86,6554ms
111000111001000000001000100000000000,000101000100001000010101010100000000,000010000000110100100010000000100011,000000000010000011000000001011011100,139,10645ms
001110011000001000000000010000110000,100001000011000000000100101101000000,010000000100000011100010000000001011,000000100000110100011001000010000100,112,587ms
010101100000000001000100000000110100,101000001000110010001001000000001000,000010000011000000010000101110000010,000000010100001100100010010001000001,61,11483ms
101010011010010001000000000000100000,010100000000100010100100001000011000,000001100100001000010010000000000111,000000000001000100001001110111000000,117,7709ms
100001101000000100110000001000000010,011100000010000000001010100000110000,000000010000101000000100000111001001,000010000101010011000001010000000100,111,14407ms
111111000000000000000001110000000000,000000101011000010000100001000010001,000000000000101001110010000100001100,000000010100010100001000000011100010,177,466ms
101110001000000000100000101000000001,010000010000110000011010000000001010,000000100111001000000000000110110000,000001000000000111000101010001000100,161,3483ms
100000110000000000010010101000010010,000000000000010010001101010010101000,001100000110101101100000000000000000,010011001001000000000000000101000101,106,291842ms
111010010100000000100010000000000010,000001100000000110001100100010001000,000100000011010000010000001000100101,000000001000101001000001010101010000,157,74ms
101101000010000000000010010010000100,000000010000111001000100000000101001,000010001000000010101001101000010000,010000100101000100010000000101000010,157,3488ms
110110011000001010000100000000000000,000000100100010000011000001001100001,000000000010000100100011110010010000,001001000001100001000000000100001110,163,26733ms
011010110010010000000101000000000000,000000000001000110001010110010001000,000000000100101001110000000101100000,100101001000000000000000001000010111,102,142502ms
000101111000000000000100001100000100,000000000010011101010010010001000000,001010000000000010101001100000001001,110000000101100000000000000010110010,81,30984ms
100100000001010000100010001100100000,000000011000001010000000010000010111,001001000000100101001101100000000000,010010100110000000010000000011001000,99,9582ms
111100010000000000000000101100001000,000000001100100001100100000011000001,000010100001011000000010010000100010,000001000010000110011001000000010100,136,1739ms
001001001000001000010001010000010100,000000000101100000100000000111001010,110100000000000000001110001000100001,000010110010010111000000100000000000,122,102356ms
010010101000011000000100010100000000,100100000000000101100010000001010100,001001000101000000011001000010100000,000000010010100010000000101000001011,108,861ms
100101000001010000010111000000000000,001010101000001101000000000000001010,000000000110000000100000100110100101,010000010000100010001000011001010000,120,27184ms
001111101000000001000100000000000010,100000000011110100000000001001010000,010000010000001010010001000100001001,000000000100000000101010110010100100,109,11184ms
110010110000000010001000000010010000,000000000010100001100000101100000110,001100000000001000000101010001101000,000001001101010100010010000000000001,112,7062ms
110001010000000001000001000100001001,001000000001100010000000000011010110,000000100010010000101110100000100000,000110001100001100010000011000000000,125,269725ms
000001100000001010101100010000000001,001000010010010000010000100101000010,100000000101000001000010000010111000,010110001000100100000001001000000100,92,19462ms
000100010100000010000110000100001100,000011000010001101011000010000000000,111000101000010000000001000000010010,000000000001100000100000101011100001,143,14971ms
011000001000000011000011000001001000,000001000000000100010100100010000111,100100000000101000101000000100110000,000010110111010000000000011000000000,137,11919ms
010100110001000010000000100011000000,001001000000100000101101001000001000,000010000100010001010000000100010110,100000001010001100000010010000100001,76,24060ms
011111010000000100000000000001000010,000000100100011010000010000010010100,000000001000000001010100101100001001,100000000011100000101001010000100000,112,38694ms
011100101000000010000000010010010000,100000010100010000010101001000001000,000010000010000100101000000001100101,000001000001101001000010100100000010,85,13489ms
001100101000000100000100000100000011,010000010001101001000000010001001000,100001000010000010110001000010000100,000010000100010000001010101000110000,157,434ms
111001101000000000001000000110000000,000000010111000000100100001000010010,000010000000011100000010000001101100,000100000000100011010001110000000001,139,323ms
110000101110000010001001000000000000,001000000001000100000100100010010110,000011010000010000010010001100001000,000100000000101001100000010001100001,157,932ms
100111010010000100000000000000010100,000000101001001000100001100100100000,001000000000100010010000011001001010,010000000100010001001110000010000001,122,4029ms
001010010010000001100010100100000000,000000000001001100000001010010011001,010100101100100000000000001001000010,100001000000010010011100000000100100,116,5268ms
010110100010010010000000000000100100,100000000101000001101000000010001001,001001001000101000000010100101000000,000000010000000100010101011000010010,118,9546ms
111010000000001100000000000010010001,000001000111000010000000110000000110,000000110000010001100010001001100000,000100001000100000011101000100001000,140,1599ms
110111011000000100001000000000000000,000000000000111000000110000100100101,000000000001000001000001110011011000,001000100110000010110000001000000010,132,25401ms
100010010000100010100000100010000001,000001001010000000001111000001100000,001000100000001001010000010100010100,010100000101010100000000001000001010,113,1679ms
100001001100000110000000011000000010,000110100000101001010010000000100000,001000000000010000100101100101010000,010000010011000000001000000010001101,117,9542ms
111111100000010000000000100000000000,000000000011000101001001000010001001,000000001000001000100100000101110100,000000010100100010010010011000000010,177,372ms
101100100010011000010000100000000000,000010011000100000001001010101000000,010000000101000101000110000000010010,000001000000000010100000001010101101,157,1649ms
101010111000000000000000001010000100,000001000010000000111000110001100000,010000000100110100000101000100000001,000100000001001011000010000000011010,157,132ms
100101111000000101000000000000100000,000000000000010010000001101011001100,000010000110000000101000010100010001,011000000001101000010110000000000010,139,1855ms
010101111100100000000000000100000000,000000000010000001010110001001010010,000010000000010100100001000010101001,101000000001001010001000110000000100,89,18113ms
000000000100000000000110110100010110,000001100000101100010000001000101000,010010011010000011000001000010000000,101100000001010000101000000001000001,85,4364ms
100110001101000000101001000000000000,001001110000000010010100000001001000,000000000000111001000000011010100001,010000000010000100000010100100010110,117,19954ms
000111110100000000000010100000000100,010000001010001011000000001100100000,101000000000100000111100000001010000,000000000001010100000001010010001011,177,786ms
101011100000000000011010000000000010,000000000111110001000100001100000000,000000011000000010100001010010001001,010100000000001100000000100001110100,136,4642ms
000011010001000000010010100001001000,001000000100000010100101000100100001,010100100000111001000000001000000010,100000001010000100001000010010010100,59,9890ms
001111010000000001000000001010100000,010000000010011110001000000100000100,100000101000000000110110000000001001,000000000101100000000001110001010010,177,4348ms
100001110100100000000001000010000010,010000000010010010101100010000000100,001100000000000101000000100100110001,000010001001001000010010001001001000,157,1157ms
111011110000100000001000000000000000,000000000100000100010101000010011001,000100000011001010100010110000000000,000000001000010001000000001101100110,157,596ms
100011000000001000001011010000001000,000100010110000001000000001001100100,001000101000000000010100100000010011,010000000001110110100000000110000000,132,3212ms
001000101000010100100000011010000000,010100000101001001000001000001000100,100010000010100010010010000000001001,000001010000000000001100100100110010,96,21963ms
001100111000000000101001000000000001,010011000001100000000010010101000000,000000000110000101000100001010100010,100000000000011010010000100000011100,59,89962ms
100011111000000000010001000001000000,010000000100000010000100100000100111,000100000010000101101010010000001000,001000000001111000000000001110010000,157,1004ms
010110001000001010000011000000010000,001000000010100000101100000100001100,100001010001010000000000100010100010,000000100100000101010000011001000001,156,2649ms
011000000010100000110010010001000000,100010000100001110001000000100001000,000000111001000000000101001010000010,000101000000010001000000100000110101,63,11856ms
010001010111101000100000000000000000,000100001000000001001000100010011010,001000000000010010010110001100000001,100010100000000100000001010001100100,107,5314ms
111101100010001000000000000010000000,000000001001000010000010011100000011,000010010000000001001101000001010100,000000000100110100110000100000101000,140,628ms
