001101000100000001001110100000000000,000010000011100110000001000010000010,000000010000010000110000001100111000,110000101000001000000000010001000101,84,27079ms
000110110001010000000001000010000001,000000000110101011000010000000100010,001001000000000000101100011001001000,110000001000000100010000100100010100,71,53153ms
101111100010000000000000000010000100,000000000001000110001101010100000010,000000000100111000100000001001110000,010000011000000001010010100000001001,146,17240ms
111000111000001000010000000010000000,000100000001000110101011100000000000,000010000010100001000100000001001110,000001000100010000000000011100110001,124,12465ms
001110001000000000010000100010001001,000000000101001011000110010100000000,100000100010110100000001000001000100,010001010000000000101000001000110010,128,81988ms
100110100000000000010100000000000111,010000000001010001001001110000100000,001001000000101110000000001101000000,000000011110000000100010000010011000,146,2180ms
101110001000000010000010000000010001,000000000100101000100001100011000100,000000000001010001011100010100000010,010001110010000100000000001000101000,118,45075ms
111101001100000010000000000000000100,000010110000100000000000110001110000,000000000011011000010100001100000001,000000000000000101101011000010001010,157,1796ms
010010000001000101110000000100000001,001101010100000000001000010000000110,100000101000010010000100000010011000,000000000010101000000011101001100000,122,258ms
010110101100000000001001000100000000,001001000001010010000010000011100000,000000000000000000110100010000011111,100000010010101101000000101000000000,122,66670ms
111111111000000000000000000000000000,000000000100011000110100010001010000,000000000001000110000011001100000110,000000000010100001001000100010101001,177,83ms
111101110010000000000000000010000000,000000000100010001111000000000110100,000010001000101010000011010100000000,000000000001000100000100101001001011,142,201ms
011011010100100000000100000100000000,100000101001000010010010001000000001,000000000000010100000001010011111000,000100000010001001101000100000000110,90,20973ms
001010110110110010000000000000000000,100000000001000001100010011100000010,000001001000001100000101100001100000,010100000000000000011000000010011101,73,97505ms
001010100010010101100000000000010000,000001000000101010010101011000000000,000100001101000000000010100001100010,110000010000000000001000000110001101,62,129697ms
101001110000000000000100001001000010,000100000010100011100000000100010001,010000001000000100001011010010100000,000010000101011000010000100000001100,136,1536ms
000001101000010110000010001100000000,001000000000100000111000010011000001,100100010101000001000001100000001000,010010000010001000000100000000110110,102,12769ms
001100110000000000000001100011000010,100010000010010000110010000100010000,010001000101101001000000000000100001,000000001000000110001100011000001100,112,7331ms
011100000000100010000001000100000101,100000100000000000110110010010010000,000000001100010101001000100001100000,000011010011001000000000001000001010,73,19631ms
011001001000000101100000000110000000,000000010000100010000111000000100110,000100100000011000010000001001011000,100010000111000000001000110000000001,96,1086ms
001010000100100001100000100100010000,000101000010010000001001001001000010,000000011000000010010110000000001101,110000100001001100000000010010100000,60,2676ms
111001011000001000010000100000000000,000000000010100110001000000011001100,000000000101000001100010010000110010,000110100000010000000101001100000001,157,3352ms
010010111000000000000000010000111000,101100000000101111000000000000000100,000000000011000000011000101011000001,000001000100010000100111000100000010,57,46138ms
100101100000000000001001000110000100,011000001000010010000000100001011000,000010000101000100110010010000100000,000000010010101001000100001000000011,137,3594ms
011110010001000000000100001000010000,000000000000111010000010000111001000,100000100010000001111000000000100001,000001001100000100000001110000000110,177,206ms
010010011010000001001000000100100000,000001000101011000000010001011000000,101000000000000010010001010000010110,000100100000100100100100100000001001,144,1597ms
101101110000000000000011000000010000,010010001000000101000100100001000001,000000000001110000100000001100101100,000000000110001010011000010010000010,128,30977ms
100010111000000100001000000000001001,001000000111100000000110100000010000,000101000000000001100001010010000110,010000000000011010010000001101100000,111,3825ms
110010111011000000000000000000000001,000100000100011001000010010100010000,000000000000000100010001101001001110,001001000000100010101100000010100000,125,2592ms
100100011000000100000010000000101001,000000000110101000100100101001000000,010011100000000000001000010110010000,001000000001010011010001000000000110,138,3474ms
011010011100100010000000000100000000,100101000000000000001010001000001101,000000000011011000100001100010000010,000000100000000101010100010001110000,112,28092ms
101100001000000000000000001100010011,000000010100010000001100010010100100,000010000010100110110011000000000000,010001100001001001000000100001001000,139,16726ms
110110000000100000000001100010000010,001000110001010001000000011000010000,000001000100000010011000000100101100,000000001010001100100110000001000001,155,4302ms
110110111010000000000000000100000000,001001000000001000110001001001010000,000000000000100011001010110000000011,000000000101010100000100000010101100,162,5696ms
101101101000000000010001000000000010,000010000100000010000110100001010100,000000000011111001001000000000001001,010000010000000100100000011110100000,98,10290ms
110001010000100000000000100000100101,001000001100010110010000000100010000,000000100010000001100000011001001010,000110000001001000001111000010000000,113,10163ms
100110010010000110001000000100000000,000000000101000000110100000011110000,010000101000101001000010100000000001,001001000000010000000001011000001110,139,4166ms
011100110000000010001000010000000001,000010000000011001110000100001000010,100001001010000100000100001100000100,000000000101100000000011000010111000,136,3667ms
000110101100000001001001001000000000,110000010000000000010010110001000100,000001000000011100000100000010010011,001000000011100010100000000100101000,50,45044ms
000111011000100001010001000000000000,010000000000011000100100101001100000,001000100110000000001000000110010010,100000000001000110000010010000001101,102,12236ms
000101010101000000000011000100100000,011010000000000010001000100000001110,000000100000010101100100010000010001,100000001010101000010000001011000000,46,2796ms
010000001000011000001100010010000001,000001010010000001100010000001000110,101000000101100110010000000100000000,000110100000000000000001101000111000,120,5506ms
000011110000001000000001010001001000,101000000100000000110100001000100001,000100001001000101000010100100000100,010000000010110010001000000010010010,35,2210ms
110101100001000000100000010100000000,001010000100110001001100000000000001,000000001000000010000000101011001110,000000010010001100010011000000110000,129,1112ms
000101111000000000100100000000100001,100010000001100010001010001001000000,000000000100000100010000010110010110,011000000010011001000001100000001000,84,12495ms
100010000000000011010100100010000010,001000011010000100000010001000011000,010001100100110000001000000001000100,000100000001001000100001010100100001,124,3053ms
100011100000000010001000111000000000,000000000110010000000110000000100111,010100010001001101000001000000001000,001000001000100000110000000111010000,123,18775ms
011100101100000000001001001000000000,000011000000111010000000000110010000,000000000001000100100010010000101110,100000010010000001010100100001000001,88,68230ms
101011011000000000000100000000000011,000100100110100101000000000000010100,000000000000000010101001100111001000,010000000001011000010010011000100000,157,16440ms
110100110101000000010000001000000000,000001000000010100101001000100000101,000010001000000001000110100011010000,001000000010101010000000010000101010,145,2823ms
001101101100000000010000010010000000,010000000001001101001010000001100000,000010010000000000100001000100010111,100000000010110010000100101000001000,95,19031ms
101010000100010100000000100000001001,000000010000000010001010000011110100,000100100001101000100001010100000000,010001001010000001010100001000000010,139,4511ms
111001100001000000000010000000011000,000010001000010110001000100000000110,000000000100001001100101010010000001,000100010010100000010000001101100000,157,1502ms
111010111000000010000010000000000000,000100000011100000010100001101000000,000001000000011001100001000000011010,000000000100000100001000110010100101,153,3077ms
001101011000000000000001001010100000,000000000001000101010100110100001000,000000000110001010100010000001000011,110010100000110000001000000000010100,60,59479ms
011111001000000000001000000001000001,100000000010100100010110010000000100,000000010001010000000001101000110010,000000100100001011100000000110001000,87,21354ms
000111010000100010010000001000000001,101000100011000100000000000001011000,000000001100010001100010100100000010,010000000000001000001101010010100100,99,16502ms
000001010001000000011000001100001001,001000100100010000000101000011000100,000010000010000111000010010000110000,110100001000101000100000100000000010,21,2237ms
010101011000000010000000001100001000,000010000100000001010000000010110011,000000000010110100001110010001000000,101000100001001000100001100000000100,62,38219ms
000000010010100000000100010010101010,100011100000000110000001001000000100,011000000001011001110010000000000000,000100001100000000001000100101010001,49,22281ms
010000011010011000011000000010000000,001000000101000100100001000001100001,100100000000100001000010100000001110,000011100000000010000100011100010000,89,4825ms
010100111000000010000000010100010000,101000000010000100000111001000100000,000011000000101001010000100000001100,000000000101010000101000000011000011,48,5703ms
011101111000000000100000100000000000,100010000010100000000000011100011000,000000000101010011000011000011000000,000000000000001100011100000000100111,116,32771ms
000110100000010100000010000011000010,000000001000000000111000100000111100,011000000001000011000101001100000000,100001010110101000000000010000000001,73,24430ms
010101110000010000011000000000000100,001000001011000000000000110001100010,000010000100101100100000001100000001,100000000000000011000111000010011000,91,5274ms
100111001001000000100000010000000001,000000110010010100001000000001001010,011000000000101011000100000010000100,000000000100000000010011101100110000,153,4442ms
101111000010000010000000000100000001,000000100000001001000010101010001010,010000001001100000010001010000010100,000000010100010100101100000001100000,170,390ms
001100001100000100000100000010010001,000000000001111000010001000000100110,110010010000000000001000010101001000,000001100010000011100010101000000000,157,10996ms
001111111000000000100000000000100000,000000000001110000011010001100001000,110000000110001000000001100010000010,000000000000000111000100010001010101,177,99ms
000110001000000000101110000100000001,000001000001000000010001100000111010,000000010110101001000000001001000100,111000100000010110000000010010000000,86,47552ms
110100001100001000001001000000010000,001000000001000011000010100010000110,000010010000010000100100010101100000,000001100010100100010000001000001001,157,117ms
110010011000000000000000001000100011,000000000000000100101110000010011100,001001000100110001010000110000000000,000100100011001010000001000101000000,151,16716ms
111110001100001000000000000000100000,000001000000000100100000101011000011,000000110010010000001001010100000100,000000000001100011010110000000011000,177,110ms
100101101000011000000110000000000000,000000010100000111000000010100000110,011000000010000000110001100010000001,000010000001100000001000001001111000,157,560ms
010001101000100000000000010010110000,000100000100000101000000100001001101,001010000001010010010001001000000010,100000010010001000101110000100000000,76,14890ms
101001101000010001000000000000000011,010010000100001110000000000110100000,000100000010100000110000001001001100,000000010001000000001111110000010000,102,32425ms
100000101001000000010000000011010100,000101000010000000000001011100101000,011000000000101100001010100000000001,000010010100010011100100000000000010,112,24156ms
100100010110010000010000101000000000,000010000000000011100110000011000010,011000001000100000000000010100101001,000001100001001100001001000000010100,157,2187ms
101011000000000000011010000100100000,000100000111010100000100000000010001,000000101000000011100000110011000000,010000010000101000000001001000001110,157,47ms
100000110000100100000000100000010011,010001001000011000010001000001100000,000110000110000001000000011100001000,001000000001000010101110000010000100,125,805ms
011111110010000000001000000000000000,000000000000001010010110010101100000,100000001000100001100001000010010010,000000000101010100000000101000001101,177,173ms
111110110000000000000000000001001000,000001001010010000000010000000100111,000000000001100011010001010110000000,000000000100001100101100101000010000,177,139ms
101011001000000000010000000011000100,000000000001110010001011000100000010,010100100000001101000100001000010000,000000010110000000100000110000101001,157,722ms
111110101001000000000000000001000000,000001000010110010001000011010000000,000000010000001101000110100000011000,000000000100000000110001000100100111,136,1983ms
111000001100010100100010000000000000,000011000010100010010100000000100100,000000000000001000000001010111010011,000100110001000001001000101000001000,130,14395ms
001001110000000001000000101000100001,000000001100001010001101000000000110,000110000001110000000000010101010000,110000000010000100110010000010001000,87,1871ms
101110101000001001000000000010000000,000000010001100000000110101001010000,010000000000010000110001000100100110,000001000110000110001000010000001001,177,91ms
011111010010000000000000100000000100,000000000100110101001001000110000000,100000000001001010110010000000101000,000000101000000000000100011001010011,177,1602ms
000010101000000000000100101001001100,101100000111000011000000000000100000,010001010000000000101010010010000001,000000000000111100010001000100010010,68,129142ms
110011010000010000000000011001000000,000000100001000010010110000010101000,001100000010100001001000100000010010,000000001100001100100001000100000101,119,1900ms
111101010000001010000001000000000000,000000001001110000101000010001000010,000000000010000000000110100110110001,000010100100000101010000001000001100,127,11139ms
001101010000010001100001000000100000,010000001110000000000000101100000011,000000100001000000011010000011010100,100010000000101110000100010000001000,60,5837ms
101100010000110001100001000000000000,000010001100000010000000001010101100,000000100011001100000010100001000001,010001000000000000011100010100010010,116,53848ms
000010010010011000010001010001000000,100000101000000101000100001000011000,010000000100000000101010100000000111,001101000001100010000000000110100000,38,13302ms
011100011000001000001000000010001000,000000000001100100110110000000010001,100001000000000011000001010001100010,000010100110010000000000101100000100,132,3472ms
011100100000100010000000100000001001,100000001110000001100001000010100000,000011000000001000001000011101000100,000000010001010100010110000000010010,85,3509ms
110001110000000100100100001000000000,001110000110001010000000000101000000,000000001000010000010011010000100110,000000000001100001001000100010011001,122,63465ms
110010100100000010000000000010010001,001001000000000101001000110001100000,000000010011111000000100000100000100,000100001000000000110011001000001010,157,2411ms
110111101000000000000000000000000011,001000000010000000010000100101011100,000000010000100100001011010010100000,000000000101011011100100001000000000,153,2756ms
110011001000000000000001100100001000,000100000001010000010010011010000010,000000000110100110000100000000100101,001000110000001001101000000001010000,110,8897ms
110101011000000000000100000001000100,000000100000010000011010000110010010,001010000001101101000000010000001000,000000000110000010100001101000100001,138,4445ms
000101100100000001101001000100000000,000000001010100100000100100011001000,101010010000001010000000011000000001,010000000001010000010010000000110110,157,1165ms
011101101000000010001000000000000100,000000000011100101000000001001001001,000010000000000000110010110000110010,100000010100011000000101000110000000,116,17881ms
010001110000010000011000000000010001,000110000110001100000000010001001000,001000001000000010000100001110000110,100000000001100001100011100000100000,71,26360ms
000001000110000111000000010100000100,001010000000100000010001100001110000,010000100000010000100110000000001011,100100011001001000001000001010000000,77,8152ms
010110011000100000000000110000000100,001001000000000000000001000110101011,000000000010001110110000001001010000,100000100101010001001110000000000000,81,571143ms
110100011000000010000000000110010000,001000100110000100000100011000000010,000000000001110001010000000001001101,000011000000001000101011100000100000,157,8939ms
111111010000000000000000001000100000,000000100000011010010011010000000001,000000000011000100100100100001011000,000000001100100001001000000110000110,177,1643ms
011111011000000000010000000000001000,000000100000110010000001100100000101,100000000111001000000000010000110010,000000000000000101101110001011000000,177,542ms
010000100111000010010000000010001000,000001000000101000000100010101100010,101100001000010000001000101000010000,000010010000000101100011000000000101,157,1058ms
100001000000011010000000111000100000,001000100110000101000000000100011000,010100000001100000001101000001000100,000010011000000000110010000010000011,86,51334ms
000011010001000000000010111000000010,000100000010101010001000000001010100,110000001100010000110001000000001000,001000100000000101000100000110100001,157,2498ms
010011100000001000000010000001000110,100000010001000010000000111010100000,000100001100000101001001000100001000,001000000010110000110100000000010001,80,3550ms
011101011001000000000000100000001000,000010000010001001001000000110100001,100000000100010000010011001001000100,000000100000100110100100010000010010,157,3050ms
100001110010001000000001000010000100,010100001000100000101010001100000000,001000000100010001000000000001111010,000010000001000110010100110000000001,116,20836ms
101000110010000001000100010010000000,000110000001010000010001001000000101,000001000000000110101000100101010000,010000001100101000000010000000101010,157,338ms
001001001001001001010000000000100010,100000000100000110000000110011000100,010100000000110000100011000100010000,000010110010000000001100001000001001,87,641ms
100111100010000000000001000000000101,010000000101000110001100001001000000,000000001000010001010010100110010000,001000010000101000100000010000101010,132,2417ms
110000011000000100000001010001010000,000000000110100000101000101000000101,001010000000011010010100000010000010,000101100001000001000010000100101000,104,5585ms
101101010001000100000000000000000110,000000101000000001100001110001010000,010010000000100010000110001010001000,000000000110011000011000000100100001,121,5949ms
011011011000000000001000010000100000,100000000100000000010010100110001010,000100000000010100100001001001010100,000000100011101011000100000000000001,107,29741ms
111100010000010000010001000000100000,000001001000100001000000010011001001,000000000010000110100100000100010110,000010100101001000001010101000000000,142,26023ms
111100011000000100000001010000000000,000001000010100000010100000010010101,000000000000011000101000101101000010,000010100101000011000010000000101000,157,2079ms
011001100000000000000010000110100001,000000010111100011100000001000000000,100100001000000100011101000000000100,000010000000011000000000110001011010,157,21162ms
001110100000010100010010000000000010,110001010100000000100000100100010000,000000001011100001001100000010000001,000000000000001010000001011001101100,73,4673ms
010110000000100100001000000100100010,000000110001010000000001110000011000,000000000100001011010000000011000101,101001001010000000100110001000000000,68,35235ms
000111000000000000110000001101001000,100000011000000110001010100000000010,000000100001100001000101000010010001,011000000110011000000000010000100100,84,14976ms
001011100000100000001000001011000000,110000010001000100010000110100000000,000000000010010011100110000000110000,000100001100001000000001000000001111,53,10550ms
111011101000000001000000000000000100,000000010010000000010110000101000011,000100000001100010001000100010011000,000000000100011100100001011000100000,144,1476ms
111111001000000000000000001000100000,000000100010000010111010110000000000,000000010001010000000101000001011100,000000000100101101000000000110000011,139,18004ms
001110000000000000101000100000100101,000000001010001000010001010001001010,000000110001100000000110000110010000,110001000100010111000000001000000000,84,15640ms
100111000000000010000001010011000000,000000001101101001000000101000010000,010000110000000000011110000000100001,001000000010010100100000000100001110,164,3019ms
100010010100000110001000101000000000,000100100000001000010010000010100011,001001001000000000000101000101011000,010000000011110001100000010000000100,132,29865ms
100111110000000000001000000000010010,000000000100110000110000100010001001,000000001010001110000011010000100000,011000000001000001000100001101000100,109,8452ms
010101100000010000010001000000100100,100000000111100000000100100100000001,001000001000000000101010010001001010,000010010000001111000000001010010000,100,19791ms
101000010000011010000100001000100000,000100000111100100000011100000000000,000000001000000000101000000111010110,010011100000000001010000010000001001,109,67055ms
000010100000100100110000000000101001,000100000101010011000011000010000000,101000000010001000001100100001000010,010001011000000000000000011100010100,73,7208ms
001101111100000001000001000000000000,110000000000001010100000101010000100,000000000011100100000100010000110010,000010000000010000011010000101001001,78,31169ms
111000101101100000000000000000000001,000000000000000101100001101101000010,000110010000001000001010000010101000,000001000010010010010100010000010100,170,2542ms
010010110000000000001001001001100000,001001000000001000110000100100000101,000000001010100111000010010000000010,100100000101010000000100000010011000,33,7761ms
110100010000100000001010001000010000,001000000100011000000000000101100110,000010101011000100000100010010000000,000001000000000011110001100000001001,125,31586ms
101010110001001000000000010000000001,000100000100000010000001001001101010,010001001000000000101110000010000100,000000000010110101010000100100010000,157,1912ms
100000111100000101011000000000000000,000011000000001000100100000101000101,011000000010100010000010011000000010,000100000001010000000001100010111000,143,2604ms
001001100001000000100010100000000110,000000000110100000001001001010011000,000110001000011101000000010001000000,110000010000000010010100000100100001,72,14990ms
010101111010010000000000010000000000,000000000000000111110001100000110000,101000000101000000000010000011000101,000010000000101000001100001100001010,157,594ms
010011010000000000100000100100010100,001100000000010100000001010000101010,100000001001001001000110000011000000,000000100110100010011000001000000001,157,431ms
101110010010000100010000000000100000,000001000100110000000101001100000010,010000101001000000100010110001000000,000000000000001011001000000010011101,177,1672ms
000011111010000000000100000010010000,101000000000101100001000000101000001,010000000100000010110001110000001000,000100000001010001000010001000100110,89,4736ms
011110001000011100000000001000000000,000000010100000010000000110000111010,000000100000100000111001000111000000,100001000011000001000110000000000101,111,5713ms
110000110010000001000000010100000100,000100001001000100000001001010011000,001010000000000010011110100000000001,000001000100111000100000000001100010,157,637ms
100110111000000100000000000010000100,001000000000101001010000001001011000,010000000001000000100011110000000011,000001000110010010001100000100100000,164,1738ms
010101000010001000100001100010000000,101000000000000101010010010001010000,000000101101010010000000001000000110,000010010000100000001100000100101001,72,9104ms
101110111000000000001000000001000000,000001000100100011100000000000010101,010000000010000100000010001110100010,000000000001011000010101110000001000,177,45ms
000010000001100010000001110010100000,011001011000001000000100000000000011,100100000010000001110000001000001100,000000100100010100001010000101010000,59,4203ms
010110100010000001000001100010000000,000001000100100010000100001001100001,101000000000000100110010000100011000,000000011001011000001000010000000110,177,80ms
001101001100000100000000000001110000,110000000011100001100100001000000000,000010000000001010010001110010000010,000000110000010000001010000100001101,69,38845ms
110010000010001000100100000001000100,000001010000010010010000111100000000,000000100000100100000001000010011011,001100001101000001001010000000100000,104,4111ms
110001001001000000011010000000000100,000000100100011010100000101100000000,001010000010000100000001010010000011,000100010000100001000100000001111000,121,7935ms
101101001000100001000000000100000001,000000110000001100000010001000110100,000000000010000010100101000011001010,010010000101010000011000110000000000,143,48838ms
111000000000000000010000001010101001,000100000110100010000001000100010100,000011001000010100101010000001000000,000000110001001001000100110000000010,157,3851ms
110001101000000000000100110000000100,001000000110101000000000001001001001,000100010000000011001001000100100010,000010000001010100110010000010010000,146,3057ms
010011101000000000000001000100000101,001000000001000000010010011001100010,000100000110011001001000100000001000,100000010000100110100100000010010000,86,14922ms
110111010000000100001100000000000000,000000100100010000000000100001011110,000000000010001000100001011010100001,001000001001100011010010000100000000,163,8973ms
011000111000000000001000000001001001,000010000100111010000000001000100010,100100000001000100010110010100000000,000001000010000001100001100010010100,157,1167ms
100101111000000000000011000100000000,000000000100010011101100100000000100,001000000011101000010000011000000001,010010000000000100000000000011111010,112,21257ms
100111101001010000000100000000000000,000000010110001100000000000101010010,001000000000000010001011001000100101,010000000000100001110000110010001000,127,6081ms
001001010111000000001010000000001000,110010100000000001000000100000110010,000000000000000010110101010110000001,000100001000111100000000001001000100,70,32817ms
010100100010000000001100000010101000,000000000101011000000000110001000011,000010000000100001110011001000000100,101001011000000110000000000100010000,39,25082ms
011100111000000010001010000000000000,100000000010001100000000001101000011,000011000100010001000001100000011000,000000000001100000110100010010100100,88,35908ms
001000101000100001000001000001100010,000000010000010110000010111000000001,000010000011001000111000000100001000,110101000100000000000100000010010100,61,5688ms
111001101010000000000010000000000010,000010010100010100001001001100000000,000000000000001010110100100010101000,000100000001100001000000010001010101,157,4547ms
001010101000000001011000000000010010,000101000000011000000010010011000001,110000000010100000100100001000100100,000000010101000110000001100100001000,148,589ms
101101111000000000000000100000100000,010000000001001010100011010000010000,000010000100000101001000000101000011,000000000010110000010100001010001100,157,1773ms
001010011010000000000001000001100001,000001000000000100100100101100011000,100000000100101010011000010010000000,010100100001010001000010000000000110,103,33488ms
001011011100000000011000000000100000,000100100000111001100000000101000000,000000000010000100000101000010011011,110000000001000010000010111000000100,55,9860ms
111001001001001000000100000000001000,000100000100010100000011000110010000,000000000000100011011000010001100100,000010110010000000100000101000000011,109,15032ms
110011101100010000000000000000001000,000100000001100001000000101100000101,000000010010000100101010010011000000,001000000000001010010101000000110010,157,329ms
011100010000000010000100000101000100,100000001011011000001010000000000001,000010000000000101010001111010000000,000001100100100000100000000000111010,72,6223ms
100101011000010000000010100000010000,001010000011100001000000000000101010,010000100000001110000001010110000000,000000000100000000111100001001000101,133,2310ms
100100100001000100000000000010010011,000000010100110000010110000100100000,001010000010001000000001011001001000,010001001000000011101000100000000100,91,8483ms
111100100100000000000110000001000000,000010000001110000010000101010000100,000000001000001110100001010100100000,000001010010000001001000000000011011,157,101ms
010110110000000000100000000101000100,000001000101000000000010111000001010,100000000010110011000001000000110000,001000001000001100011100000010000001,177,809ms
111100000000000000101000001100000010,000010010000000000010100010010110001,000000100110111110000000000000001000,000001001001000001000011100001000100,140,18499ms
101001000000000001000100110000000101,010110111001000010000000000000001000,000000000000100000101001001110010010,000000000110011100010010000001100000,73,51645ms
100000001000111100000000000100001001,001010000000000001101000001010100100,010100010101000010000101010000000000,000001100010000000010010100001010010,157,5611ms
110100000000011000000001000100010100,000010000011000100010000011000100001,000000111100000011001000100000001000,001001000000100000100110000011000010,136,3084ms
111110011000000100000000000000100000,000000000100110001000000100100011100,000000100000001000101110001011000000,000001000011000010010001010000000011,161,754ms
101000111000000000100000000100001001,000111000100010000010010001000000010,000000000001100100001101110000010000,010000000010001011000000000011100100,126,45481ms
101000001000000010001100000100000011,000100010000010100000001110000010100,000011100000100000010000001011001000,010000000111001001100010000000100000,126,2966ms
001010010010110000010001000100000000,000101000100000101000100000000100110,100000001001001000000000101001010001,010000100000000010101010010010001000,101,12041ms
011101110000000000001000000010100000,000010000100111000000000100000001110,000000001001000110010010001001010000,100000000010000001100101010100000001,85,20040ms
101100111000000000010100000000000010,000000000100101100000011000011000001,010000000000000011001000100100110100,000011000011010000100000011000001000,157,1534ms
011110100000001000000000000100101000,000000001000110010100110001001000000,000000010111000000000000110010000101,100001000000000101011001000000010010,141,7744ms
001111010010100000001000000000000100,000000100000000000110100000001111001,110000001001010011000000101000000000,000000000100001100000011010110000010,154,76866ms
001011101000000000001010000000100001,110000000010011000100100000011000000,000000010001000100010001001100011000,000100000100100011000000110000000110,81,1573ms
001110101000000000000100011001000000,010000000010010110111000000000001000,100001000001100000000000100000110101,000000010100001001000011000110000010,138,5108ms
101000011000101000011100000000000000,010000100110010010100000001000000100,000011000000000100000010100111000010,000100000001000001000001010000111001,109,12665ms
010100001000000010100100000001001001,000001000110000100010011110000000000,100010110000100001000000000100010010,001000000001011000001000001010100100,152,16984ms
101111011000000000000000001000000001,000000000100000100100010100110010010,010000100000010010000001010001001100,000000000011101001011100000000100000,153,1688ms
011010000000000110010100100100000000,000000111100000001001010011000000000,100100000001011000000001000001100010,000001000010100000100000000010011101,126,36467ms
001000000100000101000001000110101000,100101000010010000001010000000000101,000010011000100010010100011000000000,010000100001001000100000100001010010,47,25458ms
111010000001010000000000100001000100,000100000010000010100110000000001011,000000100100101100010000001010010000,000001011000000001001001010100100000,157,1709ms
001000011001000010011000010100000000,100001000110000000000001000011010010,000110000000100000100100101000000101,010000100000011101000010000000101000,89,11229ms
010100010000001000001100000001100100,100000101000110000100000100000001010,000001000110000011010010000010000001,001010000001000100000001011100010000,70,1751ms
011100001000010001000000010000100100,100010010010100000111000000000001000,000001000100001110000101101000000000,000000100001000000000010000111010011,74,44640ms
011110111000000000010000000000000100,000001000111011001000000000100000010,000000000000000100101001100011101000,100000000000100010000110011000010001,115,171513ms
011011110100010000000100000000000000,100000001000000010110000110001000010,000100000010001101000010001000010100,000000000001100000001001000110101001,106,16078ms
101110000000000010010000001000001100,000000001010000001101101010000010000,010001010101001100000010000001000000,000000100000110000000000100110100011,177,9511ms
010000101110001000001000001010000000,001101000001000000000000100000011011,000000010000100100010111010100000000,100010000000010011100000000001100100,57,26852ms
010001011000000101010000000100000001,100110000000010000000001110000100010,000000000101101010100000001001000100,001000100010000000001110000010011000,89,3773ms
010100000100000000001000001110010010,000010001000010101000000010001100100,101001000000101000110100100000000000,000000110011000010000011000000001001,157,287ms
110000000101010100000000000010010100,000101011000000000110000010000101000,001010100010000010001000001001000010,000000000000101001000111100100000001,118,37182ms
000101011011000100010000000001000000,101010100000000010000000010010000110,010000000100000001001111000000001001,000000000000111000100000101100110000,37,27760ms
000011101100000000000000000001001101,101000000000010100010100000000110010,010000000001001010101001001100000000,000100010010100001000010110010000000,94,13647ms
011011111000001000000010000000000000,000100000000000000100100000110100111,100000000011110000010000011000010000,000000000100000111001001100001001000,157,3794ms
010110001010110000000000001000010000,000000110000001000001011000010001001,000001000100000010010100110001000010,101000000001000101100000000100100100,88,6601ms
010110111000001000000000010010000000,101000000000100010001000000000101110,000001000101000001110110000100000000,000000000010010100000001101001010001,116,6825ms
101100101000010000001000000100000001,000010010111000000100101000000001000,000001000000101101010010100000000100,010000000000000010000000011011110010,109,11180ms
100001011100010100000100000010000000,001000000011101001000010000001000100,000110000000000010000001001100010011,010000100000000000111000110000101000,126,43710ms
011111111000000010000000000000000000,000000000011010101010001001000100000,000000000000001000101100000100011101,100000000100100000000010110011000010,121,102696ms
100010001000000010100000011000011000,000000010100110100001001000001000001,001000100010001000000010100100100010,010101000001000001010100000010000100,116,2184ms
000001111000000011001000000000010100,000100000110100100000001110000000010,011000000000000000110010001001001001,100010000001011000000100000110100000,79,9286ms
110110001000000000000000100000011100,001000000000110101100000010001000010,000000000111000000010110001110000000,000001110000001010001001000000100001,177,247ms
000110111000000000010000100000100100,100001000000010110000111000000001000,010000000001000001100000011001010010,001000000110101000001000000110000001,102,13274ms
100000010010110100000000001001000010,011001000100000000100100000110000100,000000001001001010010001110000001000,000110100000000001001010000000110001,52,4691ms
101010111001000000000101000000000000,000000000110010000111000001100000001,010000000000001111000000000001111000,000101000000100000000010110010000110,126,27554ms
101010101000000100000000000000110100,000000000101000011000100110100000001,000000000000001000101011001010001010,010101010010110000010000000001000000,87,133649ms
111110010001000010000000000000000001,000000001000001000000100101100001110,000001100000100101011000000001100000,000000000110010000100011010010010000,141,3734ms
001111000000000000000000001101010001,010000010001100011000100000000000110,000000001100010100110011100000000000,100000100010001000001000010010101000,120,37308ms
000101101010000001010000010000000001,111010000000000000101011000000010000,000000000100101010000000001000101110,000000010001010100000100100111000000,26,9659ms
111000100000010000010000000001101000,000000000110100000001100100000010011,000001000001001011100001010100000000,000110011000000100000010001010000100,150,491ms
011001110000000000100010000010000001,100000001001000100010001101000001000,000110000010100010000100000100110000,000000000100011001001000010001000110,136,8159ms
010010001100000000100001010000001010,101001000001000000000100100010010001,000000010000110011011010000000000100,000100100010001100000000001101100000,49,6461ms
000001011110010000010000100000000001,001000100000000111100000000100100010,010000000001101000001000011000011000,100110000000000000000111000011000100,34,8503ms
110010101000000000100000101000000010,001100000000110011010100000100000000,000001000100000000000010010000111101,000000010011001100001001000011000000,135,1779ms
011111101000000010000001000000000000,100000000000110100110000000011000010,000000010111000001000000100100100001,000000000000001000001110011000011100,136,11591ms
110101101000000000010000010100000000,001010000100001010000000100001010010,000000010010100001100010000010100001,000000000001010100001101001000001100,157,331ms
101000101001000010000010010000100000,000011010000000000010000101101000100,010100000010010101000101000000000010,000000000100101000101000000010011001,90,16165ms
110101010000000010000010101000000000,001000001000100001000000000101010101,000010100100001100110100000010000000,000000000011010000001001010000101010,157,43215ms
111110000010000000001010100000000000,000000001101100000100001000000001110,000001010000011101010100000010000000,000000100000000010000000011101110001,149,727ms
000000000100011100000001001010000110,100100110001000000100010000100100000,001011000000100001010100000001000001,010000001010000010001000110000011000,43,1299ms
100010011000000011001000000100000010,010000000000010100000010100011011000,001001100100000000010000011000100100,000100000011101000100101000000000001,139,1697ms
011000110000000001000000001000010101,100000000100101100001000000011000010,000111001000010000000110000100001000,000000000011000010110001110000100000,95,53109ms
010111101000000000000000000110010000,000000000101000101100001001001001000,101000010000001000001000110000100001,000000000010110010010110000000000110,177,120ms
111100001010000000000000010000100010,000000100001000100010101101000000100,000010010000110000001000000111001000,000001000100001011100010000000010001,157,486ms
111011001000000000001000000010100000,000100110100100100000000001000010001,000000000011001011110000000100000010,000000000000010000000111110001001100,157,446ms
001100111000000001000001001000000010,110000000110100100110000000010000000,000010000000011000001100100100110000,000001000001000010000010010001001101,61,1278ms
111111000000000000000010010000001000,000000001010100001101000100001000100,000000000000000110000101001000110011,000000110101011000010000000110000000,131,7727ms
111100111000000010010000000000000000,000001000000001000101000011001011000,000010000010000100000011000010100011,000000000101110001000100100100000100,130,2448ms
111011100000100000010000000000010000,000000000100010000000000101011101001,000100010000001110001111000000000000,000000001011000001100000010100000110,142,6822ms
101110110000011000000000000000000010,010000001100100000000001000100110001,000000000001000100110110100001001000,000001000010000011001000011010000100,117,15995ms
000010011010000011100000000000100001,000001100100000100000001001110010000,001100000001011000001100000000000110,110000000000100000010010110001001000,44,510ms
011001111000010100000000000000000010,100100000101001000011010000010000000,000000000010100001000000111101010000,000010000000000010100101000000101101,104,32524ms
000011011000001010010001000000100000,011000000001110101000000100000001000,000100000110000000001010010000010101,100000100000000000100100001111000010,46,23171ms
000011001101001000000011000000001000,010100000010000011010000000010100100,000000110000110000100100100000010001,101000000000000100001000011101000010,44,9694ms
100001100100001000100000100001000001,000000001001100000001011000110000010,000000000010010100010100011000011000,011110010000000011000000000000100100,65,36162ms
111001000000000000011100010001000000,000100100100010101000010100100000000,000000011001000010100001000000100110,000010000010101000000000001010011001,143,2790ms
000100010001000110010100011000000000,000010000110001001100001100001000000,110001100000010000001010000010000010,001000001000100000000000000100111101,110,124922ms
011000101000000001100010110000000000,000000010100101100000001000100001001,100011000010000000010000001011000010,000100000001010010001100000000110100,157,804ms
111110100110000000000000000100000000,000001000000000010001100101010001001,000000000000101000110001000001010110,000000011001010101000010010000100000,177,45ms
100001101000100010000000000110001000,000100000110011000010000010000100010,010000000000000101101001000001000101,001010010001000000000110101000010000,131,4260ms
000101000000010100110001000010000100,011000010011000000001000000000100011,000000101100101010000110000001000000,100010000000000001000000111100011000,30,3870ms
100110011000100001010000010000000000,000000000101000000100001001001000111,001001000010010100000110000000011000,010000100000001010001000100110100000,143,2872ms
011110101000010000010000000100000000,000000000001000110000110011010000100,000000000100100001101001000001010010,100001010010001000000000100000101001,133,18654ms
110111000000000000010000011000000010,000000010001001100000010000101010100,001000101100010010100001000010000000,000000000010100001001100100000101001,177,1171ms
000011000000000000100100100000111001,000000001101001110000010000101000000,010100000000110001001001000010000100,101000110010000000010000011000000010,24,17870ms
000100000001011010001000000100010001,010000010000000000100000100010101110,001011000100000001000001011001000000,100000101010100100010110000000000000,42,89346ms
110101000000000001000100000110000001,000000001000100010100001001000101100,000000100011000100011000110000010000,001010010100011000000010000001000010,121,7169ms
100100001001100000101100000010000000,010011000110001100000000000000100001,000000100000010000000011111100001000,001000010000000011010000000001010110,79,14372ms
110110110000010000001000000000000010,001001001100100000000000001100101000,000000000011000001000001110001000101,000000000000001110110110000010010000,103,110698ms
100100101000000100000000100001100100,000001000110000001001101010000000001,011000000000111000010010000100010000,000010010001000010100000001010001010,132,2381ms
110101110101000000010000000000000000,001010000010010001000000101001100000,000000001000000100100111000100001001,000000000000101010001000010010010110,157,230ms
110111110001000000010000000000000000,000000000010011000000111001000001001,000000001100100001100000110001000010,001000000000000110001000000110110100,177,91ms
001011000000000000010000100000110110,000000000001001110001000010111000000,110100010010110001100000000000000000,000000101100000000000111001000001001,157,865ms
110011110000000000001100001000000000,000000000000011011010000010000100101,001000000110000100100010000010010010,000100001001100000000001100101001000,157,260ms
101001010000000000000001010000101001,010010000110100000010000001010010000,000000101000001010100100000101000010,000100000001010101001010100000000100,134,4956ms
110000001000000011001010000010100000,000001000010100100000101100000001010,000000110001001000000000011100010100,001110000100010000110000000001000001,94,182ms
110111011001000000000000000000000100,000000100010000101010010000010000011,000000000100101010000000010001111000,001000000000010000101101101100000000,177,4051ms
010111110000000000010000000000010100,000000000111000100100110001000000001,000000001000100000001000110110100010,101000000000011011000001000001001000,121,11955ms
010011110000000100000100000001000010,101000000011001010010000100000000100,000100000100000001101011000000010001,000000001000110000000000011110101000,92,10223ms
110001011010000000010010001000000000,001010000000000010000000110011100100,000000100001110001001100000100000010,000100000100001100100001000000011001,129,5372ms
110001000100000000010100001100000100,001100000000011010000000100001011000,000010101001000001000010010000000011,000000010010100100101001000010100000,112,1301ms
011101001000011000000000000000000101,000000100010000000010101010110100000,000010000001100111101000000000010000,100000010100000000000010101001001010,83,5934ms
010001100000001000100000010000101100,000110010000000011010101000001000000,000000001110100000001010101100000000,101000000001010100000000000010010011,77,28192ms
001001101000010110000001000000000100,110000000000101000010000111000000010,000100010111000000101000000000011000,000010000000000001000110000111100001,87,13829ms
100111011000000000000000000010100001,001000000001010010011001000000010100,010000000010101001000010000100001010,000000100100000100100100111001000000,177,261ms
110010110000000001000000000100010100,001000000110000010111000010000000010,000100001001001100000100100000101000,000001000000110000000011001011000001,140,2950ms
111110111000000000000000000000001000,000000000000101010001101001000000011,000000000101010101010000110000100000,000001000010000000100010000111010100,166,614ms
011001101100000000100000100000000001,000000010000000010000011011001011000,100010000001110101000000000100000010,000100000010001000011100000010100100,157,587ms
100110000000010000000011101010000000,000000110000100001010100000001010100,000000000010001010101000010000100011,011001001101000100000000000100001000,81,37495ms
001101110000001100000100100000000000,000000001010100000000010011101010000,100010000100010000110000000010100010,010000000001000011001001000000001101,146,457ms
110100100000010001001001100000000000,000010001001001000000110001000100100,000001000000100110110000010010010000,001000010110000000000000000101001011,136,24315ms
000110000001100000000010000101100010,000000000000000010000100101010011101,111000001100000000111001000000000000,000001110010011101000000010000000000,177,29236ms
100101001100100000000000000100001010,000010000011010100011100100000000000,001000010000001000100001000011000101,010000100000000011000010011000110000,157,7536ms
000010110000000100100001001101000000,100000001001110010010100000000000100,010101000010001000000000000000111001,001000000100000001001010110010000010,101,19939ms
010111011000000010000010000010000000,000000000010000100010000101001101001,001000100000100000100101000100000110,100000000101011001001000010000010000,133,13822ms
011101100010000010000001100000000000,100000001000100001001000010000010101,000010000101001100000100000010101000,000000010000010000110010001101000010,101,19127ms
000001100001010010000000001110000010,000100010000001000000011110001010000,010000001010000101101000000000001100,101010000100100000010100000000100001,60,982ms
101111110000000000000010000000100000,010000000000010010010001100000001011,000000000110000000101100011001000100,000000001001101101000000000110010000,177,1063ms
100110110100000100100000000000001000,001001000000101010000010100010000001,010000000000010001010100011000010010,000000001011000000001001000101100100,171,502ms
001010001110000100100001000000100000,110000100000001000001100100010010000,000001000001010011010010000001001000,000100010000100000000000011100000111,56,10852ms
110110101000000100000000000000010100,001000000000111000110101010000000000,000001000011000000001000101100101000,000000010100000011000010000011000011,162,10864ms
101111111000000000000000000000000100,010000000101010001000100010100000010,000000000010001100100001100000111000,000000000000100010011010001011000001,162,1274ms
111001110100000010100000000000000000,000000000010100000001000010011110010,000110001001000101010000000100000001,000000000000011000000111101000001100,177,135ms
110000100000000110010110000100000000,000000000011010000100000001001110010,001001001100100000001000100000000101,000110010000001001000001010010001000,139,1075ms
110000101010001000000000011000010000,001001000000010000001000000001100111,000010010001000101010100100000001000,000100000100100010100011000110000000,97,19194ms
110010001000001000010000010010100000,000001000100010000001100100101000001,001000100000100100100000001000011010,000100010011000011000011000000000100,123,2965ms
101100100010100000001000000000010100,000000001001011001010011000001000000,000001010100000010000100011010001000,010010000000000100100000100100100011,107,7583ms
011111000001001000000000001000100000,100000000000000010100111000010010010,000000001110010100000000110101000000,000000110000100001011000000000001101,137,2266ms
100001111000010000000001000100000100,000000000111100010000000100011000001,011000000000001000111010001000010000,000110000000000101000100010000101010,157,359ms
011111100001000100000000000001000000,000000010000001000001010010000010111,000000001000100001000100101110100000,100000000110010010110001000000001000,112,22514ms
000000110100000001000110000011000100,011110000000100010010001000000100000,100001001010011100100000000000010000,000000000001000000001000111100001011,101,7854ms
000111101100000000010000001000010000,000000000000001000101001000001101101,110000000000010001000110110010000000,001000010011100110000000000100000010,141,18466ms
111101000100000000000000001100010000,000000110000100100010100100000000011,000000001000011011100001000010000100,000010000011000000001010010001101000,157,38ms
101111101000000000000000001000001000,000000000010001001100101100010000001,000000000000000110011010010101100000,010000010101110000000000000000010110,152,19691ms
010100110000001000000000100010000011,100000000100110011100010010000000000,001001001011000000010100000001000100,000010000000000100001001001100111000,71,31861ms
010000010000100001001000101000100001,100011001100001100010000000000000010,001000100000000000000110010001011100,000100000011010010100001000110000000,17,1141ms
111100101000000001010000000010000000,000000000100000000101011000000010111,000000010000010010000100101101100000,000011000011101100000000010000001000,157,3121ms
111010110110000000000000001000000000,000001000001010001001000000011000011,000000000000100010010111010000001100,000100001000001100100000100100110000,143,655ms
110011111000000000000000000010010000,000000000001000010001000110001001101,000000000100110101010010000000100010,001100000010001000100101001100000000,133,2952ms
110011000000000010000100100010100000,001000000000101000010010001000011010,000100000010000101100001000100000101,000000111101010000001000010001000000,144,3281ms
111000011000001010000000000000010010,000110000010010100000011001001000000,000000100101000000001100010100001100,000001000000100001110000100010100001,157,842ms
010100101000101000000000000011010000,100001010000000110100010000000100001,001010000111000001000001010000001000,000000000000010000011100101100000110,105,14082ms
101000000110010110000001000000100000,010000100001000000100000101111000000,000001010000101000010110000000010010,000110001000000001001000010000001101,80,6706ms
111011000000101000000000010000001000,000000100101010010101001000100000000,000100000010000000000100001011110010,000000011000000101010010100000000101,157,1669ms
000100101000010010010000010000001100,101000000000000000100000001011100011,010011000000100001000101100100000000,000000010111001100001010000000010000,71,21439ms
011011101000000100010000000000100000,000100010100010000000000110000010101,100000000000100011101001001100000000,000000000011001000000110000011001010,157,700ms
100010101000000000001100001000100001,010001000000100010100010000001000110,001000010011001001010000010010000000,000100000100010100000001100100011000,115,8067ms
001000111100011000010000000000000010,000100000001100101000001100100000100,010001000000000010000110000011011000,100010000010000000101000011000100001,75,8495ms
101001011000000100000000001000010100,010110000001001001000001000000000011,000000000010010000111000110100001000,000000100100100010000110000011100000,122,10335ms
000111110000000000001000010000010001,100000001010010001100100000000000110,001000000000101110010000100001100000,010000000101000000000011001110001000,65,1405ms
111001111001000100000000000000000000,000000000010011000001000110101010000,000100000000000001100001000010001111,000010000100100010010110001000100000,148,2835ms
111011011001000000000000000000000010,000100000110001101000000010011000000,000000100000010010100001001000111000,000000000000100000011110100100000101,127,6253ms
101101100000000110000000000000100001,000000000101001000110000010000011100,010010000000010001000100100111000000,000000011010100000001011001000000010,142,3026ms
111111101000000000000000000001000000,000000000100110000001000001010011001,000000010010000001110000110000000110,000000000001001110000111000100100000,177,3412ms
100101010000000000000000001010101001,000010000001100001001100000100000110,010000001010001100110000110000000000,001000100100010010000011000001010000,157,2580ms
111010001000000000001000001000000101,000000000100011001000000100100110010,000100000001000100100101000011001000,000001110010100010010010010000000000,142,25662ms
001110110000000000000000000110000110,110001000001100000110000000000110000,000000001010010100001011011000000000,000000000100001011000100100001001001,110,33236ms
101100000000001000000100110000001010,010011000011000011000000001010000000,000000101000100000011010000100010100,000000010100010100100001000001100001,80,11173ms
000100011000010000010001010010010000,111001000110000000001000000000100001,000000100000101111000010100000001000,000010000001000000100100001101000110,0,1133ms
110111111000000000000000000001000000,001000000000001001011100001000000101,000000000010100010100010100100001010,000000000101010100000001010010110000,177,199ms
100100111100000000000100000000010010,000001000000110010000001010100100001,010000000001001001001010001010000100,001010000010000100110000100001001000,130,560ms
010011111000001000000010001000000000,000000000000010100111100100000010100,000100000100100011000000010001101000,101000000011000000000001000110000011,80,24170ms
111101011000000000000000000000001001,000000100011100000101001101000000000,000010000100000110000010000000110110,000000000000011001010100010111000000,143,5947ms
100101000001100000100010010000000100,010000000000000001001100100000101011,000010111010001100000000000110000000,001000000100010010010001001001010000,144,831ms
000000001110110000000000000001100101,001000010000001000010011100010001000,000100100000000010001100011100000010,110011000001000101100000000000010000,24,11287ms
000100111000000001101000000001000100,001000000000101000010001010100010001,000000000101010010000100100010100010,110011000010000100000010001000001000,44,8277ms
011000100000000010100101000000000011,000001000100010100011000000000011100,000010000001100001000000001111100000,100100011010001000000010110000000000,68,10921ms
101000100010001001010000000000010010,000101010100100100000010100001000000,010010001001000000000001011000001100,000000000000010010101100000110100001,102,23926ms
001111011010000000001000100000000000,100000000000101100010100000101000100,000000100001000010000011011000100010,010000000100010001100000000010011001,71,6219ms
110110010100000100000100000000100000,001001100000000000010000110000010101,000000000001011000100001000110001010,000000001010100011001010001001000000,166,27459ms
110100101010100000000000000011000000,000010000101001000010000001000110001,000000000000010110100110100000000110,001001010000000001001001010100001000,101,38241ms
010010101000101100000010000001000000,000001000010000011000001010100001001,101000000000000000100100100010110010,000100010101010000011000001000000100,153,5294ms
001000110001001000000010000000100110,100101001110100000000001000001000000,000010000000000111110100000000010001,010000000000010000001000111110001000,24,2338ms
011000010100010000000100000101000010,000000101010100000000000010010100101,000101000000000000111001001000011000,100010000001001111000010100000000000,112,84239ms
000011100010001000010000001100000001,001000010000100100001110000010000010,010100000100000011000001010000011000,100000001001010000100000100001100100,88,1008ms
010101001000000000000101000010100100,101000100010110000000000010000001001,000000000101001001100010100001010000,000010010000000110011000001100000010,79,10546ms
000010001100000001010001000100001001,001000010010010100001010000000010100,000001000001101000000100011010000010,110100100000000010100000100001100000,31,1337ms
101010011000000000010010100000100000,000100100110001010100000000001000010,010000000001010101000100000010010100,000001000000100000001001011100001001,124,10964ms
111011110000000000000011000000000000,000000000100010101100000100000110010,000100000001100010000100000110001001,000000001010001000011000011001000100,157,676ms
001000100000100011000000010010010001,110110000001001000000001001100000000,000001000100000100010100100000101010,000000011010010000101010000001000100,9,1339ms
100010110001010100000000000000001001,010101000010100000100011010000000000,000000001000000011011000100001100100,001000000100001000000100001110010010,55,17564ms
101110011010010000010000000000000000,000000100100100010000110000100001001,000001000001000101001001010001100000,010000000000001000100000101010010110,131,1362ms
000111111000001000000000101000000000,100000000010100010000000000100110101,000000000100000000110110000011001010,011000000001010101001001010000000000,90,168743ms
011101000010110000000000100010000000,000000000101001100000001001100101000,100000100000000010110110010000000001,000010011000000001001000000001010110,157,7480ms
001100101000101100000000001100000000,100010000100000000010101100010001000,010000010010010000000010000001110001,000001000001000011101000010000000110,76,9694ms
100000000000010001010110000000110010,001100110011101000000000000000001000,010010000000000100101000110010000001,000001001100000010000001001101000100,78,55279ms
011001011000000001001001000000000010,100100000001000110000010001100001000,000000100000100000010000110011100100,000010000110011000100100000000010001,59,10648ms
101001001000001000000001001100001000,000010100000000001000010100010110100,010000000110100100010000010000000011,000100010001010010101100000001000000,152,8422ms
011011001001000000000000100001000010,000100100000000010001001011000001100,000000000000100100110110000000110001,100000010110011001000000000110000000,81,79929ms
001100010010001001000000000100010010,010010000001100100000101001000000100,100000000100000000010010110010001001,000001101000010010101000000001100000,134,7183ms
110111100001000000100000100000000000,001000010000010100000001010011000010,000000001100001010010100001000010100,000000000010100001001010000100101001,177,629ms
110111001000000001000010000000000001,000000000111110010000001000100010000,001000110000001000101000100010000010,000000000000000100010100011001101100,164,12751ms
100011111000000000000000100010000001,001000000011000011001100000000110000,010000000100001100100000011001001000,000100000000110000010011000100000110,157,304ms
010001000000101001001010000100010000,101010000001000100000000010000100110,000000110100000010100101100000001000,000100001010010000010000001011000001,66,3572ms
000000101011010000000101000000100010,001000000000001110001000101100010000,000000010100100000010000010011001001,110111000000000001100010000000000100,16,533ms
001000001000000110010000000110100010,000100000100111000000001010000000101,000000110000000000001110101001001000,110011000011000001100000000000010000,29,13253ms
100111111000000000100000000000001000,000000000001000101000001011111000000,011000000100011010000010100000000100,000000000010100000011100000000110011,177,308ms
001111001010000000100100000000010000,010000000001000111001000110000001000,100000000000001000010000001011100011,000000110100110000000011000100000100,145,6001ms
010101010000010000001010010000010000,000000000111000011010000100100100000,001010100000000000100101000010001100,100000001000101100000000001001000011,92,49773ms
110100111100000000001000000000000100,001000000001011100000000000110101000,000011000000000001010110011001000000,000000000010100010100001100000010011,136,5176ms
001011110000000010000001001000010000,010100000101001000010010000000100100,000000000010110001100000110001000001,100000001000000100001100000110001010,50,16718ms
110010010011001000000001000000001000,000000001100100001011000100011000000,001100000000010100000010001000110100,000001100000000010100100010100000011,117,3844ms
010011000000011000000101000001001000,101000000000000000110000110000100011,000000111010100100001000001100000000,000100000101000011000010000010010100,40,9268ms
010111111000000000001000010000000000,100000000000100001000010100010110010,001000000100000010100101001101000000,000000000011011100010000000000001101,136,38990ms
001100011000000001010010100000000100,000010100100000110000100001000100010,100001000000111000100001000001000001,010000000011000000001000010110011000,130,3057ms
101010001000010000010010000000011000,010100100001000001000001000100000110,000001010000100100001000111001000000,000000000110001010100100000010100001,73,19776ms
111010100001000000000000011000001000,000100001110011000001001000000000010,000000010000000110000010000110110001,000001000000100001110100100001000100,157,15340ms
000110010001101000100000000011000000,000001100000000010000100100000011110,010000000100000100011001001000100001,101000001010010001000010010100000000,93,3121ms
101011100000001010100000000100000000,000000010110000100000010101001000010,000100000000000000011100000010111001,010000001001110001000001010000000100,143,888ms
010111010000000010000010001001000000,000000000101000100110101000000010001,100000100010001000000000000100101110,001000001000110001001000110010000000,177,3619ms
011001000000000100000101100100000010,100010110000010000101000000000000101,000100001010100000000010011011000000,000000000101001011010000000000111000,49,1333ms
110001111100000000100000000001000000,000010000010010001010001101000000100,001100000000100110000010000110100000,000000000001001000001100010000011011,157,20ms
001011010000100101000100100000000000,100000000100010000000010010000111001,000000000010000010001001001011000110,010100101001001000110000000100000000,32,25938ms
001111100100011000000000000000000100,010000010011100000010000011000010000,100000001000000100000111000111000000,000000000000000011101000100000101011,177,3715ms
110110100000000000000000110000100100,001001000000011000100111000000010000,000000010000100100010000001101001010,000000001111000011001000000010000001,152,22624ms
001110111000001000000010000000000010,000000000001000100101101110000000100,000000000110100001000000001000111001,110001000000010010010000000111000000,94,36784ms
011011000000010000000000011000101000,000100111010000100000010000001010000,000000000001001010010101000000000111,100000000100100001101000100110000000,31,13843ms
011110011000010001000000000001000000,000000000011000100110100000010010100,100001000000001000001000001100101010,000000100100100010000011110000000001,177,612ms
001010111001000101000000000000100000,010000000000101000010110100010000001,100001000110010010000000000100010100,000100000000000000101001011001001010,157,5232ms
100001001011000100001000000100000001,000010010100000000010101110000001000,001000100000111010100010000000000010,010100000000000001000000001011110100,136,8887ms
101001111010000000010000100000000000,000100000000010101000101000010100010,000010000100001000000000011101001001,010000000001100010101010000000010100,145,1440ms
100011101000000101000000000100000010,011100000000110000110000010000010000,000000000100001000001010101000101100,000000010011000010000101000011000001,111,17470ms
011101010101000010000000000000010000,000010101000000001011101000000100000,000000000000101100100000000011001011,100000000010010000000010111100000100,95,176758ms
100001010000000000010000000101110001,001010001000100000001100110000000010,010000100100000011000010001010001000,000100000011011100100001000000000100,130,25207ms
001000010000010000000100111010001000,100110001000100010000000000000100110,000001100101000001111000000000000001,010000000010001100000011000101010000,44,12928ms
110011011000000110000000000000010000,000000000011000001000011100001101000,000100000000110000011000011010000001,001000100100001000100100000100000110,113,20515ms
111010010100000000001000010100000000,000100100000100000100000100011100001,000001001000001000010011001000000110,000000000011010111000100000000011000,144,341ms
001110011010010000001000000010000000,100001100001100100000011001000000000,000000000100000010110000100001001101,010000000000001001000100010100110010,103,25200ms
100011110100000101000010000000000000,011000001000101000000000111001000000,000000000010010000100101000110010001,000100000001000010011000000000101110,137,8094ms
101010010000100000010000010000100100,000000000010001110000001001001001001,000001100100000001001010000010010010,010100001001010000100100100100000000,120,5556ms
111000110000000110100000010000000000,000101000000100001001000001100000101,000010001000011000000001000011011000,000000000111000000010110100000100010,136,9566ms
011010100100010000000000101000000010,100000000010001001011001010000000100,000001001001100000100100000100010001,000100010000000110000010000011101000,103,12711ms
101010100010000010000011000000000001,000000000100001001100000010001011010,000001000000110100010100101000100000,010100011001000000001000000110000100,71,35774ms
011001010011000011000000010000000000,100000101000101000000110000000000011,000110000100000100010001000001011000,000000000000010000101000101110100100,124,14395ms
010011001001100010000010000000000001,101100000000010000010100000000111000,000000010100000000101001111100000000,000000100010001101000000000011000110,88,34131ms
010101101000011000000100010000000000,100000000001100010010010100000100001,000000010110000000100001001100001010,001010000000000101001000000011010100,112,12736ms
110101111000010000000000000001000000,000000000110000101001100001000001100,001000000000100000100001110010000011,000010000001001010010010000100110000,157,809ms
100000011001000100010100000001000001,000001100100100010001000001110000000,001010000000010001100000010000110100,010100000010001000000011100000001010,86,331ms
101111010000000000000100000000101000,000000101000101010001000100000010100,000000000010010001010010011101000000,010000000101000100100001000010000011,161,3264ms
010110010000011000010000000000100010,000000001000000100000001110011010100,101000100001000000101010000100001000,000001000110100011000100001000000001,177,521ms
011010001000000000010000101001001000,000000000000100110001011010010100000,000100110001011000000100000000010100,100001000110000001100000000100000011,72,14983ms
110101001000000000100000000110100000,000010100101000000010011000001001000,000000000000111000001100010000010101,001000010010000111000000101000000010,157,525ms
100011001001100000000000001010001000,000100010110000000001001010001000001,011000000000001110110000000000010100,000000100000010001000110100100100010,134,403ms
100110001000001000000010000000001101,010000010010100100000101010000100000,001001000000010011010000100100010000,000000100101000000101000001011000010,116,5210ms
010111000000000101001000010000010000,001000111000000010100010001100000000,100000000100110000000001000010100101,000000000011001000010100100001001010,121,51787ms
000111001000001000001000100010000001,000000100000110111000010001000000100,000000000111000000010001010000011010,111000010000000000100100000101100000,62,18605ms
010000000000001000011101100110000000,000010100111000000000000011000010001,000101011000110000000000000000001110,101000000000000111100010000001100000,85,5712ms
000000111100010101000000001000000100,001100000000100000110000100001010001,100010000010000000001101010010100000,010001000001001010000010000100001010,81,13970ms
011010110100000000000000100100100000,000000000000001110000010001010010011,100101001001100000001100000000000100,000000000010010001110001010001001000,157,154ms
100011010000000001111000000000000100,000100100100011000000011000000010001,011000001000000000000000011111100000,000000000011100110000100100000001010,157,179ms
101001100000001110100000000010000000,000110010000100000001000001000001110,010000000000010000010101010000110001,000000001111000001000010100101000000,128,4228ms
111010011000001000001010000000000000,000101100100010000010000000100000011,000000000011100000100100110010100000,000000000000000111000001001001011100,157,8973ms
111101100000000000000001000001000100,000000001100100100010100000100110000,000010010011011000100010000000000001,000000000000000011001000111010001010,157,405ms
000111100100010000000010010000000010,000000000000000011000001101011000101,010000001001101000110000000100001000,101000010010000100001100000000110000,122,1967ms
001001011000010000001010001100000000,110000000001001110000000000000001110,000110000010000001110000110000100000,000000100100100000000101000011010001,93,23627ms
100000100000000000110000000000111110,000101001010101010001000000001000000,001010000101000100000001110010000000,010000010000010001000110001100000001,108,6873ms
000010111000000010010110001000000000,010100000010100000000000000010011110,100001000100011001000001100001000000,001000000001000100101000010100100001,111,45279ms
001110010010000000000101010000001000,000000000001111010001000000011000010,110001100100000100100000000100000001,000000001000000001010010101000110100,177,50ms
000000100001100000100110000000000111,110110001010000100001000000000001000,000001010000010001000000110011010000,001000000100001010010001001100100000,0,255ms
001111110000000000100000000010000100,000000000011000110000100000101101000,100000001100000000001001011000000011,010000000000111001010010100000010000,159,1198ms
010000110001100000110000000000101000,000011001000000001000000111110000000,101100000010001000001001000001000001,000000000100010110000110000000010110,125,1157ms
001111101000000000000001100100000000,000000010001000010100100000010110001,110000000000110101010000001001000000,000000000110001000001010010000001110,177,268ms
000100100010000100000011010010000010,000000000100000010101000000000111101,111010000001010001000000100001000000,000001011000101000010100001100000000,121,4645ms
000101001001000100100000000100100001,001010000110001000001000001001001000,000000000000000011010110010000010110,110000110000110000000001100010000000,34,6728ms
010100011100000010000001001000100000,000000000000110101011000000010000110,100011100001000000000100010000011000,001000000010001000100010100101000001,130,2971ms
101111001011000000000100000000000000,010000000100000101100000110010001000,000000010000010010010010001001110000,000000100000101000001001000100000111,144,1598ms
000001110000100000100011000001000010,100000000010011000010000110010100000,000110000100000111000100001000000100,011000001001000000001000000100011001,48,19003ms
011110000100001010000100000000000010,000000001010000001010000100101110000,000000110001000000001000010010001101,100001000000110100100011001000000000,95,39236ms
111101111000000000000000000010000000,000000000000001001101110010101000000,000000000011110100000001001000000011,000010000100000010010000100000111100,132,2415ms
111111100000000000010000000000100000,000000010000010100000100000001010111,000000000110101000101010001000001000,000000001001000011000001110110000000,177,961ms
110000111000000000000010010001010000,000111000100101001010000000000100000,000000000000010010000101001110001001,001000000011000100101000100000000110,129,25954ms
000000011000000001111010000000000101,011010000000100000000000110110100000,000101100101000110000000000000010010,100000000010011000000101001001001000,41,8969ms
111010101100000100000000000000001000,000100010010010001101001000010000000,000000000001000010000110001100010101,000001000000101000010000110001100010,151,5430ms
010011011100000000000000000001010100,000000000000000001001111001010001010,000000000011000110110000010100100000,101100100000111000000000100000000001,94,74741ms
001011001000000001000101001010000000,010100000001000100010000000000011011,100000110000001010101000100000100000,000000000110110000000010010101000100,103,20669ms
001100000000000010110011100000001000,000011100110000000000100010000010010,100000011000011001000000000100100100,010000000001100100001000001011000001,125,8003ms
010010100110000000000100000010011000,100000000001110100011000110000000000,000100010000001010100010001100000100,001001001000000001000001000001100011,97,26868ms
000101110100000100000000000000101010,101000000010100000001001000110000001,010010000000001011000110100000010000,000000001001010000110000011001000100,78,9050ms
011000011000100000001100001010000000,100101000101000001010010000000000010,000000100010011000000000010100010101,000010000000000110100001100001101000,68,8378ms
110000010011001001000100000010000000,000101000000110000000000001000101011,000010000100000000110010110100010000,001000101000000110001001000001000100,150,1013ms
100010100010000000000001000101010100,010000011000001000000010110000100010,001100000101010001010000000010001000,000001000000100110101100001000000001,125,9161ms
010001111000000000010000001010001000,100100000001010001001100000000100001,001010000100000010100011000001010000,000000000010101100000000110100000110,113,7431ms
111001010000010100001001000000000000,000000001010001000010110000100110000,000110000000000011000000000011000111,000000100101100000100000111000001000,156,22127ms
101011111000000010000000001000000000,000000000011010100100000100100001001,000100000000000000010001010011010110,010000000100101001001110000000100000,144,1876ms
011010111010000000001000000000000100,000100000100000101100001010001100000,000000000000110010010000001110001001,100001000001001000000110100000010010,88,23705ms
110110011001001000000000000001000000,000001000010100000001001110100000001,001000100000010100010010001010000010,000000000100000011100100000000111100,153,4729ms
001011111101001000000000000000000000,000100000000000100101000000101111000,010000000000110000000011001010000011,100000000010000011010100110000000100,113,21556ms
101100110010001001000000000100000000,010011000100000100000010011000000100,000000000000110000011001100000011001,000000001001000010100100000011100010,117,19573ms
101110100000001000000000100010000100,010000011100000000000100000101010001,000000000010110110001010011000000000,000001000001000001110001000000101010,108,82637ms
010111001000000000000001000000111000,101000000000101000100010001100000010,000000110001010011000000100010000001,000000000110000100011100010001000100,95,14641ms
101100011000001000000000000000011001,000000000011000110000001111100000000,000011000000010001011100000000100100,010000100100100000100010000011000010,107,6783ms
000100001100011110000010000000010000,001000000010000000001101010000001101,010001110000100000100000001011000000,100010000001000001010000100100100010,89,4380ms
001100100010100000000100010101000000,010010001100000100001000100000000110,000000000001011011010001000000101000,100001010000000000100010001010010001,26,10425ms
100101110010001000000000001100000000,010010000100000100010000110000100001,000000001000000010101000000010011110,001000000001110001000111000001000000,133,1296ms
100100110000000001000001000000101001,010000001001011100010000000011000000,000010000000100000001100011100000110,001001000110000010100010100000010000,81,15059ms
111101101000000000000000001000000010,000000000000101010000011100000010101,000000000111010100000000000110101000,000010010000000001111100010001000000,157,3321ms
100110101000001000100000000000001001,010001000001110100010100000010000000,001000000000000001001011100100000110,000000010110000010000000011001110000,148,2297ms
100100000010010000010110011000000000,000000111100001110000000000010000010,000001000000100001001001000100110100,011010000001000000100000100001001001,62,29297ms
110011100100000010010000000100000000,000000010000000001100010001010111000,000100001010001000000101100001000001,001000000001110100001000010000000110,157,140ms
111111110000001000000000000000000000,000000000010000010010100011100101000,000000000001010001101011100000000001,000000001100100100000000000011010110,162,1646ms
001001000010100110100001000010000000,110100000100000000000100010100010001,000010011000010001011000001001000000,000000100001001000000010100000101110,41,5950ms
101011010000000000000100010010010000,010100000000100110100010100000000100,000000001101001000000001001100100010,000000100010010001011000000001001001,127,3678ms
011000000100110010010000100000010000,000010101000000100000000010100001101,100000000010001000100110001000100010,000101010001000001001001000011000000,157,4877ms
110001100110000010000000100000001000,001000000001000000000011001101100100,000000011000010001110100000000010001,000110000000101100001000010010000010,157,598ms
000001001000000001011000000101011000,000100000000101100000111010000000100,101000100100010010000000100010100000,010010010011000000100000001000000011,115,3319ms
011110110000010000000010001000000000,100001000100000000001100010010100001,000000001001101010010001100001000000,000000000010000101100000000100011110,97,19525ms
010010010000110000000001010000001100,100000000000001011010010001101000000,000000101010000000100100100000110010,001101000101000100001000000010000001,27,2709ms
100111010000000000000001101100000000,011000100001011100000000000000011000,000000001100000010101000000010100110,000000000010100001010110010001000001,135,28391ms
111111011000000000000010000000000000,000000000000110001100101010000000011,000000100011000000000000001001111100,000000000100001110011000100110000000,156,430ms
101011101000000000000000001000110000,010000000101001001000001000000001011,000100010000010110010000000110000100,000000000010100000101110110001000000,157,425ms
111011010000000001000010000000010000,000000001000110100000000101100000101,000100000010001010001100000010001010,000000100101000000110001010001100000,133,940ms
101101011100000010000000010000000000,000010000010011000101001001000000001,000000000000000101010010100010001110,010000100001100000000100000101110000,115,37137ms
010001001001100011000000100001000000,100010000100000000001010001010001001,000000010010011100110000000000010010,001100100000000000000101010100100100,43,5234ms
011011100000011000000000000001000010,000000000011000010110010001010000001,000000001000000101000000110100111000,100100010100100000001101000000000100,74,41813ms
001001111000000000000000011000001001,000000000101011001100000000100100010,000100000010000000010111000011010000,110010000000100110001000100000000100,49,16857ms
010000111001101000000000100100000000,101001000010000000000110001000001010,000010000000010101101000010001000100,000100000100000010010001000010110001,54,4218ms
001101100010000001010000000000110000,010000010100001010000001011000000100,000010001000010000001100000111000001,100000000001100100100010100000001010,57,14729ms
000100110000000100100101000100100000,001000001000000011001000000001010101,110011000001000000000000011000001010,000000000110111000010010100010000000,144,4487ms
011010101100100000000000000000011000,100000010001001000100101000000000101,000101000010010000010000110011000000,000000000000000111001010001100100010,102,7931ms
111100110000000010000000100100000000,000000000000101000111010010001000010,000011001010010000000100001000001100,000000000101000101000001000010110001,132,3553ms
111000010000110000001000000000100001,000001000010001010100001010000011000,000010100000000000010000101011000110,000100001101000101000110000100000000,136,6153ms
011000001011000000110000000001010000,000011110000010001000000010000100001,000000000100001000001011001100001010,100100000000100110000100100010000100,88,5238ms
111011111000000000000100000000000000,000000000110010100011000010010000010,000000000001101001100000000000111100,000100000000000010000011101101000001,157,135ms
100011000101000000000000010000001110,001000001000000101011001000110000000,000100010010011000000000001001110000,010000100000100010100110100000000001,95,2504ms
011010010000000000101000000001001010,000000000100110010010000000010110100,100101100001000001000101000000000001,000000001010001100000010111100000000,143,3626ms
101011110000000000110000010000000000,000000001001001000001101000110000010,000100000000110001000000001001010101,010000000110000110000010100000101000,157,295ms
010001010000010000000110001000001010,100100000011000000000000110010100001,000010001100001010111000000000010000,001000100000100101000001000101000100,75,7292ms
100011011000000000000100100001010000,011000000100000110000000000010101100,000100000010101001100000010100000010,000000100001010000011011001000000001,126,23526ms
000110011000010000011011000000000000,000000000001100000000000111011101000,101001000010001000000100000100010100,010000100100000111100000000000000011,149,10687ms
010111100000000001000001000000000110,001000000001010010101000100100010000,100000000000101100000100000011101000,000000011110000000010010011000000001,155,10570ms
101101000101000000000010100000010000,000000110000001100000001010000001011,010010000010100000100100001110000000,000000001000010011011000000001100100,157,18ms
