001100100001000000110000000001010100,100010000100001100000010100010000010,010001010010100000000101000000001001,000000001000010011001000011100100000,78,1227ms
001111110000000000100100100000000000,010000000001100001000000001000001111,100000001000000110011011000000010000,000000000110011000000000010111100000,177,282ms
110100100000000000010100001000000011,000000001010001100000010110001000100,000011010100110001000000000110000000,001000000001000010101001000000111000,157,292ms
001101010000000101000000000000011010,100000000001001010000011001001100000,000000000110010000000100110010000101,010010101000100000111000000100000000,45,42670ms
110010001001000010010000000000011000,000000000010101001001000001100000011,001101110000000100000000110001000000,000000000100010000100111000010100100,127,9714ms
000000111001100001000100110000000000,000000000000010100111000001001110000,100100000100001010000010000110000010,011011000010000000000001000000001101,86,22760ms
100111110000001000100000000000000001,010000000100010100010100000011000010,001000001001000001000010111100000000,000000000010100010001001000000111100,177,205ms
101100000101001000000001000011000000,000000111000000000001000101000011100,000011000000010000000110000100100011,010000000010100111110000010000000000,157,73141ms
010111101011000000000001000000000000,100000010000100010001000000111010000,000000000000000100010110111000001100,001000000100011001100000000000100011,101,3088ms
111001100010010000000000000011000000,000100000100101000000101000000011100,000000010001000011110010011000000000,000010001000000100001000100100100011,143,18146ms
001001001000010000010001010100000001,000000010101000001100010000010100010,000010000010100010001000101001001000,110100100000001100000100000000010100,39,6684ms
010001001000000001001000010001101000,000010010101010010100000000000010100,001000100000100000010101000010000011,100100000010001100000010101100000000,46,4478ms
010101011001000000011000000010000000,100000000000011001000000000001011110,001000000110000100100110001000100000,000010100000100010000001110100000001,106,13867ms
101100001000000000000001010001001001,000010000001100010001000101010000010,010001100100001100010010000000000100,000000010010010001100100000100110000,150,2622ms
000110000000000000001110010000010101,011000000001000000110000000101100010,100000101010100011000000000010001000,000001010100011100000001101000000000,100,90000ms
101011010101000000000000001100000000,000000000010000100100110100010001001,010000001000011010000000010001010100,000100100000100001011001000000100010,150,848ms
000100000011100010010011000001000000,100011000100010100000000010000001010,010000101000000000101100000000110100,001000010000001001000000101110000001,74,13785ms
100001100001000000010100111000000000,000000011000101110001010000100000000,010000000000010000100001000011100011,001110000110000001000000000000011100,108,100389ms
001001000010000000100000001110001100,000100010000000001001011010001000001,100010000101001000000000100000110010,010000101000110110010100000000000000,119,22921ms
100001111000100000000000000010100010,010000000000011110010000011000001000,000110000010000000000001100101000101,001000000101000001101110000000010000,177,1184ms
100111011001000001000010000000000000,000000100000000100000101010101000110,001000000110010000001000000010011001,010000000000101010110000101000100000,177,1548ms
100011011000001001000000000100100000,000000000110000110001001000010011000,010100100001010000010010011000000000,001000000000100000100100100001000111,154,8790ms
101110011000000010000000000000001010,000000100100000000110001000100110001,000001000000010000000110101011000100,010000000011101101001000010000000000,148,9714ms
010001111000000000001100100000000010,001100000000100100100001001001000100,000000000001011011000010000100010001,100010000110000000010000010010101000,71,18549ms
101101100000000000100001010000001000,010000010101000011000110000000100000,000010001000010100000000100001010110,000000000010101000011000001110000001,123,14838ms
011101000100010100000001000001000000,100010010001000001000000001010100001,000000100000101010110010010100000000,000000001010000000001100100000011110,109,16190ms
111100010000000000010000100101000000,000010100000001000100000010000101110,000001001101000011001000001000000001,000000000010110100000111000010010000,141,4197ms
100101101000010100100010000000000000,010000010100000010001000001101000100,000000000000100000010101100010100011,001010000011001001000000010000011000,113,36166ms
010111001000010000100100000000000010,001000000000000100000001101011010100,100000100001101001001000000000101000,000000010110000010010010010100000001,156,3570ms
110101101000000100100100000000000000,001010000000101000000000010110001001,000000000101010001000010001001010010,000000010010000010011001100000100100,157,3907ms
100100001100101000000000000000010110,000010000000010000100011100011100000,011001000011000101000000001100000000,000000110000000010011100010000001001,157,1406ms
000011000000100010010100010000101000,110100010010001000000000000010010100,000000100000000101001001001100000011,001000001101010000100010100001000000,0,1676ms
100101100101000100000100000000000010,010000000000001010000000110110000101,000000010000010000101011000000111000,001010001010100001010000001001000000,123,7621ms
101100111010000000000000000001000001,000000000001001100011100010000010100,010010000000100000100010001100001010,000001000100010011000001100010100000,157,65ms
111001010100100000101000000000000000,000000001010011000000001000000101011,000100000001000100000010110110010000,000010100000000011010100001001000100,157,254ms
001110110000000010001000000011000000,100000000100010100000011101000000100,010001000000001001000000010100101010,000000001011100000110100000000010001,105,10183ms
100100111000000000000000001100011000,000000000000010010101110000010100010,000000000110001001010001010001000001,011011000001100100000000100000000100,94,112569ms
110100011011000000000000000001000010,000000000000111000000100110100001001,000010000000000101101000001010100100,001001100100000010010011000000010000,103,30556ms
100010100010010010100000000001000001,000100000000000100010110100110000010,000001011100000001001000000000111000,011000000001101000000001011000000100,116,2527ms
011000101010000110000010000000000010,000100010100000001100100010101000000,100001000000101000011000001000100100,000010000001010000000001100010011001,136,4774ms
111111111000000000000000000000000000,000000000010010000100100000010101011,000000000000001001000011111001010000,000000000101100110011000000100000100,177,74ms
000100110100000010000100000001110000,000000001001111000100010001000000100,011000000010000100000000010100001011,100011000000000001011001100010000000,78,11682ms
111011000000000010000001000001000100,000100010000000000000010111000101001,000000100101100001011100000000010000,000000001010011100100000000110000010,144,28590ms
010001100010000001001000100000010010,001100001001101010000010000000001000,100000010000010100100000001110000100,000010000100000000010101010001100001,130,3959ms
110010011001010001000000000001000000,000000100000000100011000001010001110,001101000000100000000110100000110000,000000000110001010100001010100000001,140,12715ms
100110011000000010001000011000000000,010000100100101000010000000000111000,000001000001010100100100100011000000,001000000010000001000011000100000111,141,4404ms
011100101000000000000001100110000000,100000000011001000100000001000100110,000000010100010110010010010000001000,000011000000100001001100000001010001,102,4401ms
101110101000000000010000000100010000,000000000011001011100000001000101000,000000000100110000000100110001000011,010001010000000100001011000010000100,126,42615ms
011000011100010000000100110000000000,000100100000100101000010001000001100,000010000000001000011000000111100001,100001000011000010100001000000010010,93,8406ms
101111101000000000000001000000001000,010000010001000100001010100000110000,000000000110101000010000001101000001,000000000000010011100100010010000110,152,9642ms
010011010000001000000101101000000000,100000000010000110011000000001000011,000000101000100000100000010010011100,001100000101010001000010000100100000,73,33482ms
011010100000000001010001000010000001,100001000111001000000100100001000000,000000010000010000001010001100001110,000100001000100110100000010000110000,85,14059ms
101000110000000101000100000000000011,000000000001000000101000101111001000,000000001010101010010000010000010100,010111000100010000000011000000100000,66,11423ms
011110010000010000000100001000000100,000001100100000110010000100000011000,000000000001100000101010000111000010,100000001010001001000001010000100001,117,22321ms
110100110010000000010001100000000000,000000001100011010000000001100001010,001001000000100100000000000011110100,000010000001000001101110010000000001,140,33254ms
111111100000100000100000000000000000,000000000001000000001001011100011100,000000000000010101000110000011000011,000000011110001010010000100000100000,161,998ms
001110001010000000100000010010000100,000000100001001000000101000000110011,010000010100000011011010000100000000,100001000000110100000000101001001000,140,744ms
011110101010000010100000000000000000,100000010000100000001010001010010001,000000000000011001010001110001001000,000001000101000100000100000100100110,106,60142ms
100110010000000101010000000100000010,010000101000110000100110000000000001,001001000100001010000000000001101100,000000000011000000001001111010010000,148,23768ms
101000100010000010100010100000000010,010001000100000000011001001000000101,000000000000110001000100010001111000,000110011001001100000000000110000000,72,17100ms
100000101101100000001000000100001000,000100010010010010000100101000100000,000011000000001101000001010010000001,011000000000000000110010000001010110,100,19997ms
110011100100000001001000000000010000,001000000010100110000001000001101000,000000001000010000110000101010000101,000100010001001000000110010100000010,150,1060ms
101010101000100000101100000000000000,000000010011000011000000000000011101,010100000000010100010001001100000010,000001000100001000000010110011100000,157,634ms
100100011100000100000000010000011000,000000100010110001000011000001000010,000001000000001000001100100110000101,011010000001000010110000001000100000,105,10508ms
011111001100000000000000000000010100,000000100010010100101010001000000001,000000010000101010010000110101000000,100000000001000001000101000010101010,118,4954ms
010100010000010100000100010000000101,100001000101100010000001100000001000,000010000000000001111000001100100010,001000101010001000000010000011010000,57,9153ms
100001000000100101001000001000100010,011000101100000000000100000110001000,000010000011011000100011000001000000,000100010000000010010000110000010101,57,6254ms
000011101101000000000100001000000100,010000010010100100001000000000011001,100000000000000001100010110110000010,001100000000011010010001000001100000,139,2789ms
100010011001000100000000010001100000,000000000110001000100000001100001110,011100100000000001001101000000000001,000001000000110010010010100010010000,126,7268ms
001100001110000000001110000100000000,000000110000000100100000101001011000,110000000001110001000001010000000001,000011000000001010010000000010100110,157,2215ms
101011110000010100000000000000000100,010000001000001010000001001100101000,000000000110100001001100110000010000,000100000001000000110010000011000011,132,8518ms
100010000010010001000000001000001110,001000000000101000100010010110010000,010101001101000000001000100000100000,000000110000000110010101000001000001,143,1379ms
101001011000000000001001100000100000,000000100001100000100110010100000001,000110000010000001000000001001001110,010000000100011110010000000010010000,137,2194ms
001001010100000000001100000011000100,100000101001000001010011000000000001,000100000010010110100000001100001000,010010000000101000000000110000110010,92,1502ms
011011111000000000000000010010000000,000100000010000010000001100100001110,000000000101011000110000000001100001,100000000000100101001110001000010000,108,21613ms
010000000010000010010000111001001000,000011001001001001001010000000000010,101100100000110000000001000110000000,000000010100000100100100000000110101,127,1933ms
011001011000000100000001001000100000,100110100000100000000000100000011001,000000000101000010010010010110000010,000000000010011001101100000001000100,88,24720ms
100111000100001000000000001000011000,010000111000100101000001000000000010,000000000001000010111000100110000001,001000000010010000000110010001100100,148,5460ms
101110001000000000000100000001110000,000001010010100100010010001000001000,000000000101001011000001010100000100,010000100000010000101000100010000011,137,21941ms
110001011010000000001000000010100000,001110000100000011100100001000000000,000000100000100000010000010101010101,000000000001011100000011100000001010,112,29807ms
010100000001010100010000111000000000,001010010000001000100010000011100000,000001100010000010000101000000011001,100000001100100001001000000100000110,24,7391ms
101001111000000100000000000001000001,010000000101000000101101001000100000,000010000000010010000000010010011110,000100000010101001010010100100000000,129,2867ms
001000100010000001010100110000010000,010000010000011100000010000010001100,000100001001100010000001001000100001,100011000100000000101000000101000010,0,887ms
110000000011100100000000001010010000,001001110000010010010010000000000001,000110001100000000101100000100000010,000000000000001001000001110001101100,164,1155ms
000000101100000001000001110000001010,000100000010000100110110001000000001,011010000001000000000000000110110100,100001010000111010001000000001000000,91,29824ms
111111001000000000100100000000000000,000000000010100100001000110010110000,000000100100000010010001001101000010,000000010001011001000010000000001101,177,79ms
110001001000010001100000000001000010,000010100010001000011010000100100000,001100010000100010000000011000001100,000000000101000100000101100010010001,120,2436ms
101010000010100100000000000001000101,000000110101011010100010000000000000,000000000000000001010100101110011000,010101001000000000001001010000100010,78,736246ms
110111110000000000000000001000100000,000000000010101010101010000010001000,000000001001000000000101110100010010,001000000100010101010000000001000101,170,713ms
011001100001000000001001000000100010,100000010000100000110010001000010100,000010001100000100000100000111001000,000100000010011011000000110000000001,109,9499ms
011000000001101000001100000000001100,000000010010000000110001110001000010,000001101000000001000010001100100001,100110000100010110000000000010010000,45,9116ms
011100011000000010000000000011000010,000010100101000100000100110000000001,100000000010111000001010000100100000,000001000000000001110001001000011100,157,1184ms
110111010100000000000000000000000011,000000000001101000000000111100100100,000000100000010000100111000011010000,001000001010000111011000000000001000,163,1064ms
001100111010001000100000000000010000,000000000000000000011000101011000111,010011000001110100000001000000100000,100000000100000011000110010100001000,81,45078ms
011000111001000000001000000100010000,000111000100010100100000000000001010,000000000000100011010110011000100000,100000000010001000000001100011000101,61,33379ms
001100000101100000000000001000100110,000000100000010011000010010110001000,110000001000000000110100100000010001,000011010010001100001001000001000000,157,3285ms
000100001000100000000011010010100010,001011010010000011001000000000000001,000000100100000000110000101001011000,110000000001011100000100000100000100,13,1947ms
001101110100000100100000000001000000,000000000010101000001101000010000101,110000000000000001010000100100111000,000010001001010010000010011000000010,157,218ms
111010010000000100100000001001000000,000100000001010010001000100010000011,000000101010100001010100000000011000,000001000100001000000011010100100100,139,625ms
111110101000010001000000000000000000,000000000001100000011011001100000010,000001000000001010000100100011100001,000000010110000100100000010000011100,151,976ms
000100101001000000001001000001000011,101000000010000101000010101000000100,000001010000110010100100000010010000,010010000100001000010000010100101000,28,2323ms
010100011101000000000100000100010000,101011000000000010001000001001000100,000000000000110100010011000000100011,000000100010001001100000110010001000,57,19481ms
000111011000000000100000000001001100,001000100000100010010000100010010010,000000000011010101001010011000000000,110000000100001000000101000100100001,67,5839ms
101101000100010000100000010000010000,000000011001000000011000100100101000,010010100010001000000101001000000100,000000000000100111000010000011000011,149,2499ms
000000001000111001001100011000000000,011001000010000000100001000100010010,100010110000000000010010000001000101,000100000101000110000000100010101000,71,53118ms
000101000000000100000100001001010110,101000110000001000101000010000100000,000010000011110001010010000010000000,010000001100000010000001100100001001,0,3488ms
111111010000000001000000000000100000,000000001100110110001000000000000101,000000000011000000100000110111010000,000000100000001000010111001000001010,177,253ms
000011011000000000000000101100100001,100000100011001101000000000010000100,000100000100000010001001010001011000,011000000000110000110110000000000010,52,17339ms
100101011100000010010000000001000000,001000000011000000000001011110100000,010000000000010000100110100000001110,000010100000101101001000000000010001,157,1033ms
101000010000000100111000000000011000,000101001000011001000000100001000010,000000100011000000000011001100100001,010010000100100010000100010010000100,114,2139ms
010000010000010010011100100100000000,100011100000100001000000000000011001,001000001111000000100010010000000100,000100000000001100000001001011100010,82,8063ms
000100100011000101000000100000110000,100000000000101000010101001100000001,001010001000000010001010000001001010,010001010100010000100000010010000100,19,4973ms
010000101000000000000100001111000100,100000000100001001100010110000000001,001101010000010000001001000000010010,000010000011100110010000000000101000,109,27585ms
111110000000001000000111000000000000,000001000011000010100000011000100100,000000001000110001011000000101010000,000000110100000100000000100010001011,157,3879ms
011011100100000000010000000000010100,000100011010000000100000110100100000,000000000001101011000110001000001000,100000000000010100001001000011000011,60,46552ms
001011011000010010000000000000011000,000000100001100000000100001110100010,010100000110000100000010100001000100,100000000000001001111001010000000001,91,26316ms
111001001000010100001000000000000001,000000010000000000000111101010010010,000000100011101001100000000101000000,000110000100000010010000010000101100,157,117ms
100011110001010000100000000001000000,001000001000100100010001010000001010,010000000100001011000100000000010101,000100000010000000001010101110100000,143,202ms
001000000001010100001100100000000011,000100010010001011000000010100100000,110010000100000000100011000010001000,000001101000100000010000001001010100,128,1178ms
110111100000100000000000010000100000,000000010101001001000110001000000001,000000001000010100010001000101011000,001000000010000010101000100010000110,156,4791ms
011010010000000001111000000001000000,000001001100010000000001100010100100,000100100010001100000100011000001000,100000000001100010000010000100010011,91,10290ms
000110101001000000010100001010000000,000000000110000010000000110001001011,011000000000000100001011000000110100,100001010000111001100000000100000000,87,9518ms
100110101100001000000000010000000010,000000000001100000100010100001010101,000001000000000101011001001110000000,011000010010010010000100000000101000,140,1119ms
011111111000001000000000000000000000,100000000110000010011110001000000000,000000000001100000000000010101111001,000000000000010101100001100010000110,114,71706ms
100000110001000001110000001001000000,000000001100110000001010000000001011,001011000010001100000100000010010000,010100000000000010000001110100100100,121,4361ms
000111001100001000001000000000100100,011000010000000010000000001111001000,100000000001110100010010110000000000,000000100010000001100101000000010011,110,54761ms
011101101000100000000000000010010000,100010010100010100010000000001000001,000000000001000001001101010100101000,000000000010001010100010101000000110,100,32531ms
001110011100001010000010000000000000,000001100000010000000001100101010100,110000000011100000000100000010101000,000000000000000101111000011000000011,177,737ms
111011010000010000000100000000000100,000100100001000100100000100001110000,000000001100101010010001000010000010,000000000010000001001010011100001001,136,6189ms
110110100011000001000000000000010000,000000010100000000011101010000100001,001000000000111000100000100110000010,000001001000000110000010001001001100,177,164ms
110001100000010000000100010010000100,000000000101000011010000001001100010,000010000000100000101011100100010000,001100011010001100000000000000001001,117,12858ms
101001110000000010100000000000011000,000000001100011000010001101001000000,000110000010000100001010000010000011,010000000001100001000100010100100100,149,1735ms
100000001001101000000110000100010000,010101000000000010010000010001001100,001010100100000001001000100010100000,000000010010010100100001001000000011,112,1714ms
010000100101001000111010000000000000,001111010000000011000100000000010000,000000000010010100000001011000101010,100000001000100000000000100111000101,51,21559ms
000001011001010000010001000001100000,000100000010100110000000000110010001,000010000000000001101010111000001000,111000100100001000000100000000000110,0,5032ms
000001001010100000101000101000001000,001000000001000111000000000101010010,000100110000011000000101010010000000,110010000100000000010010000000100101,26,21144ms
101101001001000000000010000101000000,000010000110110000000000100000110100,000000010000001110010100010010001000,010000100000000001101001001000000011,122,2974ms
111111110000000000000000000000010000,000000000100001101100001100000100010,000000001011000010010110001000000100,000000000000110000001000010111001001,154,249ms
010100101000010010000000011000010000,100000010100100000010011000000100010,000000000011001101000100100101000000,001011000000000000101000000010001101,41,17137ms
001011110100000100000000100000000100,000000000000000010011101011000100001,110100000000011001100000000001000010,000000001011100000000010000110011000,157,232ms
100100110001000000001000000011100000,001000001010000001100000100100000101,000001000100001100010110011000000000,010010000000110010000001000000011010,118,4354ms
001110101010000000000001100000000001,000000000100011100110010000100000010,010001010000000011001000001010001000,100000000001100000000100010001110100,78,11816ms
010101100000000111010000000000010000,100000011100011000000011000001000000,000010000001000000101100001110000001,001000000010100000000000110000101110,90,6835ms
011100000001101000010000000100000100,100000001000010101000001000001010001,000010000110000010000110010010000010,000001110000000000101000101000101000,83,28518ms
111001101011000000000000100000000000,000000010000001100011010000000010011,000010000100000010000100011001001100,000100000000110001100001000110100000,147,244ms
110110110010000000000000000000000101,001001000000001110010100000100010000,000000001101100001000000011000100010,000000000000010000101011100011001000,177,6548ms
101111011000000000000001100000000000,000000100100000001010000010110100100,010000000010001100000010000001001011,000000000001110010101100001000010000,149,7529ms
101011101000000000000000000010001010,000100010000000000100000110101100001,000000000110001110011001000000000100,010000000001110001000110001000010000,109,24289ms
101001100100101000000001000010000000,000010011001000010101010010000000000,010100000000000001010100000001101001,000000000010010100000000101100010110,127,26973ms
011101010010000000100000000100010000,100000100000001000000110011000100100,000000000001100101011001100000000001,000010001100010010000000000011001010,77,66523ms
001110000000000100000001000001111000,000000010000100010001100001110000010,100000101110000000100010100000000100,010001000001011001010000010000000001,146,6403ms
100011101000100000001000000010100000,000000010000001100100001100000001011,010100000000010010000100011001000100,001000000111000001010010000100010000,120,1407ms
101101101000000010000000000001000010,000010000001011100100000010000001001,010000000000100001010000101010110000,000000010110000000001111000100000100,143,1030ms
000110100010000001000000000100001011,000001000000010000001111100001010000,010000011101000100010000010010000000,101000000000101010100000001000100100,119,4945ms
111111101000010000000000000000000000,000000000100000001111001000001110000,000000010011100000000010101010000100,000000000000001110000100010100001011,154,6704ms
101100110000000000000000001100100001,010000000001001010010001000001010010,000011001010110000000010110000000000,000000000100000101101100000010001100,152,3899ms
001011111000000000011000000000100000,000000000000010110100100011100001000,000100000101000001000000000011010011,110000000010101000000011100000000100,66,25682ms
100011001010000010100000000100000010,001000000100111000000010011010000000,010000010001000001010100000000101001,000100100000000100001001100001010100,143,749ms
001001101000110000000010000011000000,100000010100000010010000001100100001,010100000010000100001100000000011010,000010000001001001100001110000000100,65,5138ms
101100100100000000010001000000001001,000000000001000001100110011001010000,010001011000010000001000000000100110,000010000010101110000000100110000000,129,5872ms
000011110001010010000001000000000001,000000001010001000010010101001001000,011100000100000000001000010010100100,100000000000100101100100000100010010,87,5108ms
010011110000000010000001100010000000,001000001000011000000110001001010000,100100000111000000001000010000000101,000000000000100101110000000100101010,141,2183ms
110100010001000010100010000000010000,000010000010001101010000110000000001,001000000100100000001101000011000010,000001101000010000000000001100101100,143,4356ms
000110110000000000101001000000100001,001000000010100110000000011010010000,000001001100001000000100100001001100,110000000001010001010010000100000010,91,1749ms
110000101001000100010000001000100000,001100000110000000100100000010010100,000001000000100011001010100100000010,000010010000011000000001010001001001,118,1576ms
110000110000010000101000010000000001,000000000100100001010010000100011010,000001001010000010000100001011000100,001110000001001100000001100000100000,110,13854ms
000110001000000000011000001110000001,010001010000000000000110110000010100,000000000110010110000001000001101000,101000100001101001100000000000000010,60,184866ms
100011010000000000010000101010000100,000000000000000111100001010100000011,010100101001100000000110000000010000,001000000110011000001000000001101000,141,8882ms
110010100100000100001010000000001000,000001000000011001110000100001000010,000100011010000000000001011110000000,001000000001100010000100000000110101,141,234ms
011101111000000000000000001000010000,000010000000011110100000100000001001,100000000100100000011110010100000000,000000000011000001000001000011100110,157,456ms
101010111000000000100000001100000000,000001000001000001010000110011000100,000000000010101010001101000000000011,010100000100010100000010000000111000,125,2451ms
100011100000000000010000100001001100,001100010010100100000100010010000000,000000001000001011000010001100010010,010000000101010000101001000000100001,97,5419ms
111001110010100000000000000100000000,000100001001010000110101000000000100,000010000000001010000010000011100011,000000000100000101001000111000011000,134,2497ms
011010110000000000000001001010001000,000100000000101100010110100000010000,000000001001010011001000010100000010,100001000110000000100000000001100101,94,10537ms
100110001010000001101000001000000000,000001010000101010010000000100100001,010000000100000000000100110011010100,001000100001010100000011000000001010,177,574ms
101111010000000100000000100000000010,000000100110111000010000000010000001,000000000001000010001100001001011100,010000001000000001100011010100100000,123,25701ms
111000111000000000010100000000000001,000000000000101100101011100010000000,000100000010010001000000010100111000,000011000101000010000000001001000110,146,3495ms
111001000000000001000100000010011000,000010011010000000001010000001100001,000000100001010110000001001100000010,000100000100101000110000110000000100,119,4757ms
000111100100000001000001000000001001,001000000010001010101000000001000110,010000010000010000010110100110000000,100000001001100100000000011000110000,121,641ms
101011001100010010000000000000000100,010000000000000001100010000111110000,000000010011100000011000100000001010,000100100000001100000101011000000001,146,2598ms
010101010000000001100100010000000001,000000101001001110000000000001100010,100010000100010000010001101000000100,001000000010100000001010000110011000,157,10060ms
110011001101000000000000000001000010,001000000000000000001100110100001101,000000100010110110000010001010000000,000100010000001001110001000000110000,157,6770ms
000000100000100101001010000100000110,000000001000010010010100011001010000,001111000001000000100001100000001000,110000010110001000000000000010100001,79,22918ms
100010001000000101000011000000000101,010001000100100000011100001000000010,001000110010010010000000010010001000,000100000001001000100000100101110000,99,10699ms
010100110100000000100010000000011000,001000001010010100000001110100000000,100000000000001000000100000011100111,000011000001100011011000001000000000,142,36039ms
111100001010100001000000001000000000,000000110001010000100010100000001100,000001000100000000001000010001110011,000010000000001110010101000110000000,157,887ms
010101111001000000000000000101000000,101000000000100100010000100010100010,000000000110000000101100011000001100,000010000000011011000011000000010001,106,3725ms
111011100000000000001001000001000000,000000000010000111100100001110000000,000000010000111000010000010000110001,000100001101000000000010100000001110,122,5859ms
101011011000000000000000000001001010,010000000100010000001010101000110000,000100100001100110100000000100000100,000000000010001001010101010010000001,151,183ms
011110001100000000000000100100000100,100000010000010101100000001010001000,000001100010100000011100010001000000,000000000001001010000011000000110011,120,7996ms
100101010000000010000010000100001100,000010100010010100010000001010000010,011000001000001000100001000000110001,000000000101100001001100110001000000,157,1468ms
010011101000000000000001001010000100,000000000000100011111000010000011000,100000000110001100000010000001100001,001100010001010000000100100100000010,124,49826ms
000101101000000001010000010000100001,100000010010000010000110100000010010,010010000101110100000001000100000000,001000000000001000101000001011001100,102,29876ms
000111000010000010000110010000000100,100000001000001001001000001101001000,000000100101100100110000100000000001,011000010000010000000001000010110010,62,24243ms
100010010001000100000000110000010100,000000000100001001100001001010101000,010000100010100000001010000001000011,001101001000010010010100000100000000,62,3312ms
011000001101000100101000010000000000,000001100000001001000000100010100101,100100010000010000000011000001001010,000010000010100010010100001100010000,157,3072ms
110100001001000000000101000001010000,000001010100000011000000011010000100,000010000000111100001000000000001011,001000100010000000110010100100100000,95,2894ms
111011001010000000000000001000001000,000000100101000001000100100011000100,000100010000100010000011000100100010,000000000000011100111000010000010001,144,2787ms
010000110100000001001000000001101000,100011000000001000100000001110000001,001100001000000110000000100000010110,000000000011110000010111010000000000,61,21250ms
000000010010000000000010011110011000,010000101001101100000100100000000000,101100000000010010000001000001100001,000011000100000001111000000000000110,104,14300ms
010011001000100010000000010001100000,000100110110011000000000000100000001,100000000001000100101100001000001010,001000000000000001010011100010010100,104,106002ms
101000001000010001100100000100000100,000000000100000100001001001000011011,000100110000000010010010110000100000,010011000011101000000000000011000000,118,26775ms
101010010000000010010110000000000100,000001001011001000000000000110011000,000000000100110100000000110001100001,010100100000000001101001001000000010,86,114589ms
011111000000000010000010100100000000,000000000001100100100000001001001110,000000111100011001000001010000000000,100000000010000000011100000010110001,126,2739ms
111101010101000000000000001000000000,000010000000011100000000100100110010,000000101010100000100010000010001100,000000000000000011011101010001000001,157,173ms
010010011100000000001001000000010010,000000100001001101010000000000100101,101001000010110000000000001110000000,000100000000000010100110110001001000,157,47ms
110011011100010000000000000100000000,000100000000100010111000001000101000,001000100001000100000001010001010001,000000000010001001000110100010000110,157,59ms
001111111000100000000000000000000100,100000000110000000001010001100101000,010000000001011001110000100000010000,000000000000000110000101010011000011,102,73020ms
100010101000000110000011000000000100,000101000100010000100000010001010010,001000000000101000001100001010001001,010000010011000001010000100100100000,58,3088ms
111101011000000010000000000000010000,000000100000100000010000101001101100,000000000011001101000011010100000000,000010000100010000101100000010000011,157,1415ms
111111011000000000001000000000000000,000000000000001000000010011010101110,000000100110010101100000000100000001,000000000001100010010101100001010000,177,52ms
011100111000000001000000000000100010,100000000000110110000101000001001000,000001000010000000111000011100010000,000010000101001000000010100010000101,98,30410ms
000001110101000100000001001000001000,010010001000000011011000010000100000,001000000010111000100000000001010001,100100000000000000000110100110000110,24,17595ms
010100111100001000001000001000000000,000000000010000010100110000001010110,100011000000110100010000000010100000,001000000001000001000001110100001001,157,1105ms
111100000000000000000000000011001110,000010000101000001110000000100110000,000000010000100110001001011000000001,000001101010011000000110100000000000,99,52427ms
000001100001001010010000000001101000,011100010000000000000000001110010001,000010000100110000001101110000000000,100000001010000101100010000000000110,0,10069ms
101010011000000000000000010010100001,010001000010101000000001001001000100,000000000101000010011110000000011000,000100100000010101100000100100000010,115,8852ms
000001101001000110000001000000000110,000100000010100000010010000101010001,111000010000000001100000010010100000,000010000100011000001100101000001000,142,4627ms
001011001100000000110000000100100000,010100000000000011000010100000011010,100000000010111000000000011001000100,000000110001000100001101000010000001,153,103ms
111100110000000001100000000000001000,000000001000000100000101010101010100,000000000110100010010010000010100010,000011000001011000001000101000000001,157,1036ms
111101100000100000000000010000000010,000000001100000110001111000100000000,000000000001001000110000100001101001,000010010010010001000000001010010100,157,11306ms
010010001100000010010000100100010000,000100110000011000000010010001000100,100001000011000000000001001010100010,001000000000100101101100000000001001,134,396ms
011011010110000000001000000000000001,100100000001000100100001001010100000,000000100000011010000010010000001110,000000001000100001010100100101010000,84,5608ms
011011101001000000000000000011000000,000100010010100100010000000000100110,000000000000011001000001011100001001,100000000100000010101110100000010000,103,31213ms
110111011100000000000100000000000000,000000100000001100010010001100001010,000000000000100000101000110011100001,001000000011010011000001000000010100,177,315ms
000101100100000010000100101100000000,011000001010000000100010000000111000,100010000001110001010000000000000101,000000010000001100001001010011000010,117,3170ms
101000000000010000010010100001101000,010001000001001100100000000110000100,000110010110000000000001010000010010,000000101000100011001100001000000001,132,2343ms
101001000010000010000010101100000000,010110000100100000110000000010001000,000000110000001000000001000001110011,000000001001010101001100010000000100,100,4270ms
010010101010010001000000010000010000,100100000001000000110101000010000010,001001000100101010000010000001100000,000000010000000100001000101100001101,76,16404ms
001110111010100001000000000000000000,110001000000000000010011001001000001,000000000100011010100100100000000110,000000000001000100001000010110111000,114,137483ms
111001111000010010000000000000000000,000010000101101100000100000000000101,000100000000000000110011110100010000,000000000010000001001000001011101010,157,1194ms
000001000000011111001100000000010000,000100100111000000000000000000101110,111000010000000000000011100001000001,000010001000100000110000011110000000,112,45563ms
111110111000000001000000000000000000,000000000001000000010000111011100100,000001000100010000100011000100010010,000000000010101110001100000000001001,177,75ms
010101101100101000000000000000000001,100010000001000000101100100010000100,001000000000010100000001000101110010,000000010010000011010010011000001000,111,33177ms
110110001000000000000001001100000001,001000000011100100010000010000010100,000000100000001001100010000011001010,000001010100010010001100100000100000,177,884ms
001010100000000011100100000000011000,110000010000001100000000000111100000,000001000010010000000001110000000111,000100001101100000011010001000000000,5,5733ms
000100111000010000000001001001000010,001001000101000100000010110000000001,100010000000101000000100000110010100,010000000010000011111000000000101000,96,7551ms
010100001010000001100100000100010000,100000000000000010001010110011100000,000010010100011000010001001000000100,001001100001100100000000000000001011,86,18536ms
111100100000000000000010010000000110,000010010010100010010000100001100000,000001000100010101000100001100001000,000000001001001000101001000010010001,142,2362ms
011110011100100000000000000000001000,000000100001000101100000100100100010,000001000010000010010000011011010000,100000000000011000001111000000000101,130,6206ms
100100010011001000000001010000010000,011000000100000100110000000001100010,000011000000100001001000101000000101,000000101000010010000110000110001000,65,591ms
111000010000000000000010001000000111,000100001000010010100000010011010000,000001000010001101000101100000100000,000010100101100000011000000100001000,101,7023ms
100111001100001000000000000000000101,001000010001000000000111010010001000,010000000010010000111000001001100000,000000100000100111000000100100010010,177,399ms
010110010000100000000000011000101000,000001000010001001010100100000000101,101000000101010100000010000001010000,000000101000000010101001000110000010,167,4103ms
010101110001000001000000100000010000,000000000000101110101010000010000001,101000001100010000000100010001001000,000010000010000000010001001100100110,151,1306ms
101011100000000100000000001000010001,000000011010000010010010100100000010,000000000001000001001001010011101000,010100000100111000100100000000000100,97,13854ms
110001010011000000011000000010000000,000010100000111100000001000000010001,001000000100000001000100001100100110,000100001000000010100010110001001000,157,174ms
100001010010001000000101000001100000,000100100100100010110000000000000101,001000001001010100001000001100000010,010010000000000001000010110010011000,93,812ms
011111010000000100100000000000001000,000000000010001010000001010010110001,100000101000100001000110100001000000,000000000101010000011000001100000110,173,1021ms
111001011000000000000001100000001000,000110000000000001110000000101100100,000000100000100010001100011010000001,000000000111011100000010000000010010,121,26818ms
001110010000000001000000011010000010,000000100000111100101001000000000100,100001000011000000010000000100011001,010000001100000010000110100001100000,152,3635ms
111101111000000000000000000000010000,000000000110000100101000000100100011,000010000001001001010110000011000000,000000000000110010000001111000001100,134,1210ms
100000010010100000001101010000000001,010001000000010101110000000000011000,000110101000001010000010000100100000,001000000101000000000000101011000110,117,3371ms
100111111000000000000001000001000000,010000000010100010010000010000111000,001000000100010101100000000010000011,000000000001001000001110101100000100,177,463ms
010011100001101010010000000000000000,100000010000010100000000000111010001,000100000110000001000111001000100000,001000001000000000101000110000001110,78,283293ms
110000001000000000001000011011010000,001100100001010100100010000000000100,000000000010001010010001100000101001,000011010100100001000100000100000010,72,28395ms
110011101000000010000010000010000000,000000000011000100000101011001000010,000100000000011001101000100000010001,001000010100100000010000000100101100,144,4730ms
011100100011000100000000000000101000,100011000000000000110100000000010101,000000001100001010001000101011000000,000000010000110001000011010100000010,79,26670ms
010111000000000000000110010100001000,001000010000000011000001000011100100,000000101101000000011000001000010010,100000000010111100100000100000000001,102,51477ms
001100011101100000101000000000000000,000001000000001010010100000101000110,000000000000000101000011110010100001,110010100010010000000000001000011000,63,66982ms
000010100001000001010010000000101100,010000001100000100000000000110010011,000101000000011010001101000001000000,101000010010100000100000111000000000,0,5686ms
010110000100001000001000100100100000,100000011001010001000000010011000000,000000100010000110000001001000011010,001001000000100000110110000000000101,79,3022ms
001010010000000100001011000000000110,100000000011001010000100000011001000,000001101100100000010000110000000001,010100000000010001100000001100110000,61,6452ms
011111110000000100010000000000000000,000000000000001000101100100110010100,100000001101010010000001010000000001,000000000010100001000010001001101010,177,259ms
100001110001000000100000001001001000,010100001000100000000111010000000001,000000000010001001001000100100110100,001010000100010110010000000010000010,99,26436ms
001111100100000010100001000000000000,000000010001000100001010000111000001,010000001010100001010000110000100000,100000000000011000000100001000011110,141,6377ms
011000110110001000000000000000001001,100000001000010001000100100000110100,000011000001000010010010000101000010,000100000000100100101001011010000000,119,12167ms
011001111000100110000000000000000000,000000000100011000010000011011000010,100100000000000001001001100100100100,000010000011000000100110000000011001,151,3711ms
100100101000000010000100000100001100,000011010110000000000000111000100000,010000000001010101010010000001000001,001000000000101000101001000010010010,113,5700ms
101111110000000000000000000010000100,010000000011100100100100010000000001,000000000000011010001011000000110010,000000001100000001010000101101001000,148,5336ms
000100011100000000000111000011000000,110000100010011000100000000000100010,001000000000100100010000011100011000,000011000001000011001000100000000101,59,468ms
101110100000000100010000000100001000,010000000100011001000000000010110001,000000001010100010101001100000000010,000001010001000000000110011001000100,167,6021ms
110110101100001000000000000100000000,000001000000100111001000010000001010,000000010010010000010011000010010001,001000000001000000100100101001100100,177,46ms
011001010000010000000000010100011000,000100001010000010101001001000000100,100010100000101101000000000001000001,000000000101000000010110100010100010,144,38449ms
010000011100001000001000001010010000,000000100001000100010011010000100010,001101000000110001000000000100000101,100010000010000010100100100001001000,113,4048ms
000010101000001010000101100000100000,100000010110010000101000000110000000,000100000000100100010010011001010000,011001000001000001000000000000001111,0,483ms
001011101001000000100000100010000000,100100000100110010000100000001000100,010000000010000100000000010100110011,000000010000001001011011001000001000,102,12263ms
011101001000000000001000100000000101,000000000010111000010101000101000000,100010100101000011000000010000000010,000000010000000100100010001010111000,142,8345ms
011100010100000001010000000100100000,000000000001110010101000101000010000,000001101010000000000100000001001011,100010000000001100000011010010000100,96,15819ms
110110011000001000000101000000000000,000000000111000000100010101110000000,000001000000110101001000000000110100,001000100000000010010000010001001011,139,11739ms
111010011000110000000000000010000000,000100000000001001001001110100001000,000001100010000000100100000000100111,000000000101000110010010001001010000,140,2391ms
101011000010001100000000100000010000,000000000101100001110011000100000000,000100101000000010000000000010101011,010000010000010000001100011001000100,116,67074ms
000100010100010001000011000100000001,010001101001000000100100100010000000,101010000010100100010000000000010010,000000000000001010001000011001101100,112,6621ms
110101011000000000000000100010100000,000010100010010011000001010001000000,001000000000000000111000001000011011,000000000101101100000110000100000100,157,1805ms
101011111000000000000000001100000000,010100000010110000000011010000001000,000000000000001011100100100010000110,000000000101000100011000000001110001,132,12570ms
111100011000000000000000001001000100,000001100100010100000010110000001000,000010000000001001101101000000110000,000000000011100010010000000110000011,157,1088ms
001101000000010010000000110010100000,010000001010000100100100001001010000,000010010101101001000001000000000001,100000100000000000011010000100001110,38,12767ms
110001111000000110000000000000010000,000100000001100000000010010100100110,001000000110000001001101000001001000,000010000000011000110000101010000001,157,303ms
010100100000000000010100100011010000,101000001100011000000000010100100000,000000010011000100100001001000000011,000011000000100011001010000000001100,73,3528ms
001100010010100100000000001000001001,000011000000001000100010010011000100,000000101101000010001101100000000000,110000000000010001010000000100110010,56,30601ms
001111010000000000110000000001010000,000000001000100010001100101100000001,000000000111000101000010010010100000,110000100000011000000001000000001110,109,13838ms
010110011000000000000010101000000010,000001000000010001011000010110000001,000000000110000100100001000000111100,101000100001101010000100000001000000,102,40812ms
011010001001000100110000000000100000,100000010110111001000000000000001000,000101100000000010000110001010000001,000000000000000000001001110101010110,86,205412ms
001001011010100000011100000000000000,010000100001000001000000010110010001,100000000000010010100010001000101100,000110000100001100000001100001000010,137,6447ms
010001101010000001011000000000000100,001000000101000010000000010001101010,000010000000011100100100101000000001,100100010000100000000011000110010000,58,16640ms
101100101000001100100000000000010000,000001000000010000010001001100001011,000000010101000001001000010010100100,010010000010100010000110100001000000,129,4977ms
000101011001000001001000001010000000,000000000100100000010000110100001101,110010100000001110000011000000000000,001000000010010000100100000001110010,125,22275ms
001011100000000100000001000110000100,000100000000101001100000010001110000,000000011110000000011010001000001000,110000000001010010000100100000000011,100,2224ms
101110110001000001000010000000000000,000000000110101000000001101001100000,010001000000010100100100010000001100,000000001000000010011000000110010011,173,1187ms
001000101111000001000100000000100000,000010010000011100000000010100010010,010100000000000010111010001000001000,100001000000100000000001100011000101,110,26921ms
000110010100000010000100010010100000,010000100000100000001000000001001111,001000000000011001000011001100010000,100001001011000100110000100000000000,50,7560ms
000010001011000101001000000000000110,010100000000010000000100000111010001,001000110100001010000010000000101000,100001000000100000110001111000000000,41,78148ms
110000010001001000100000000000001101,000101000100010010000100101000100000,001010100010100101001000000100000000,000000001000000000010011010011010010,136,19808ms
001110100000000001010010000100000100,110000011000010000000100001000000011,000000000011101100100000010010010000,000001000100000010001001100001101000,90,19920ms
101110111000000000000000000000001100,000000000000111000000101011101000000,000000000010000111011010000000110000,010001000101000000100000100010000011,133,20080ms
010111111000000000000000000001000010,100000000111000000011101000000100000,001000000000111011100000010100000000,000000000000000100000010101010011101,136,8196ms
101101010000000000010000000100000110,010000000000011110100100100010000000,000000100011000001001001010000100001,000010001100100000000010001001011000,117,6443ms
110011000000001010000000001000000011,000100010000000001100001000010011100,001000101001100000010000100001100000,000000000110010100001110010100000000,103,25773ms
110010110000000000100001000110000000,001000000001100000001010010000100110,000100000010001110000100100001000001,000001001100010001010000001000011000,143,57ms
001000111000110000010000000000110000,010010000010000100101010010000000010,000100000100001001000001101000001100,100001000001000010000100000111000001,22,6210ms
100111100010001000000010000000000100,001000001000000000000000011010110011,000000010000100110000101100001001000,010000000101010001111000000100000000,94,6340ms
010110100010000000010100100000000001,101000001000010000000000010001011100,000000000001100111100011000100000000,000001010100001000001000001010100010,93,31787ms
010010000000100000010000100000111100,001100110000010001000001000101000000,100001000011001110000010001000000000,000000001100000000101100010010000011,97,37043ms
110101000010000011000010000100000000,001000100100011000000000000010101001,000000011001100100110000000001000010,000010000000000000001101111000010100,143,18843ms
111110110000100000000000000000000001,000000000110000001111010000000000110,000000001000011000000101100110100000,000001000001000110000000011001011000,177,233ms
110011110000001000001000000000010000,001000000010110100010100001000000001,000100001100000000000011110001000100,000000000001000011100000000110101010,126,2731ms
111000000000001000000000010011001001,000101010000000000100100000100110010,000000101010010010011001000000000100,000010000101100101000010101000000000,99,79612ms
110111001000000001000000010001000000,000000000000100010101110000010100010,000000100001000100000000101000011101,001000010110011000010001000100000000,131,6060ms
010111010011000110000000000000000000,000000101000001001000001001010001100,000000000000110000110100110100000001,101000000100000000001010000001110010,125,8506ms
101001001001101000000010000010000000,000000010110010011000001000000000011,010010000000000100100000111000100100,000100100000000000011100000101011000,124,24790ms
111100111000000000000000000000010010,000000000110100000001100000011001001,000000000000011100110001001100100000,000011000001000011000010110000000100,157,1801ms
111101101100000000000010000000000000,000010010010110001001000100000000100,000000000001000000000100011011011001,000000000000001110110001000100100010,133,4150ms
001010111001100000000000000101000000,000000000010000000001010110010011001,100100000100010110110000001000000000,010001000000001001000101000000100110,133,4742ms
001010011000010100011001000000000000,110001000000000010100010100001000100,000000100000000001000100001100011011,000100000111101000000000010010100000,40,41657ms
000101001001000000100000011000100100,001000100100011101000010000000000001,010010010010000000011000000011010000,100000000000100010000101100100001010,64,19531ms
010000111000100011000100000000100000,000001000000001000001010000011001011,101010000111000100000000101000000000,000100000000010000110001010100010100,157,5013ms
011010000011010010001000000000000001,000101001000000001100100100001100000,000000100100101000000011000000011100,100000010000000100010000011110000010,59,10606ms
000111110000100000000001000010000100,000000001100010000000010100101001010,101000000011001100001100000000010000,010000000000000011110000011000100001,122,4342ms
111011110000000000000000010000010000,000000001100101001000100000001100001,000100000000010110100000101000001100,000000000011000000011011000110000010,145,787ms
100010110100000100000000000000110010,010000000010001001000010001111000000,001000000001100010110100000000000101,000101001000010000001001110000001000,102,4401ms
011111011010000000000000000000000001,100000000101000000100010101001010000,000000000000110000010000010010101110,000000100000001111001101000100000000,108,226210ms
010011011000000000000000101100000010,100000100001000011000010000010100100,000100000000101100110001010000010000,001000000110010000001100000001001001,112,6283ms
010110110000100001000000001000010000,000001000110001000011000000000001110,000000000001000100100001000111100001,101000001000010010000110110000000000,88,49819ms
110110111000000000000000000000001010,001000000010000100001010010000110100,000000000001101000110001101100000000,000001000100010011000100000011000001,177,542ms
001001110000100010100000010000010000,100100001010000000000010101010000001,010000000100001100011000000101000100,000010000001010001000101000000101010,108,1199ms
000010011000010010000100010000011000,101000000100000100110000001001000001,010101000010101000000001000010000100,000000100001000001001010100100100010,51,1660ms
101101011000000010000000000001100000,000000100100000001000100001100011010,010010000011001100001000010010000000,000000000000110000110011100000000101,144,1589ms
111011011000001000000000000010000000,000000000000100000101011001001010010,000100000010000011010100000100001100,000000100101010100000000110000100001,157,78ms
111010111010000100000000000000000000,000000000001000000011001110100100010,000000000000110011000010000000011101,000101000100001000100100001011000000,135,4207ms
000011100100100001000001001000000100,010100000001010000010000000100100011,101000010010000100001110000000001000,000000001000001010100000110011010000,130,7431ms
001101001000000000100000010111000000,000000110010001001001001001000001000,110010000001000100010000100000010001,000000000100110010000110000000100110,157,95ms
001010110000100000101000101000000000,000000000100000101000010000010011101,000001000001001010000100010101000010,110100001010010000010001000000100000,49,55227ms
001111101000000100000000010100000000,000000010000011011100010001010000000,000000000110100000001101000000101001,110000000001000000010000100001010110,110,18300ms
110111101000010000000010000000000000,000000010000100100100100101001001000,000000000010001010011000010000110100,001000000101000001000001000110000011,133,8958ms
011011110000000000100000000000001010,100100000101100101001001000000000000,000000000010000010010100011000010101,000000001000011000000010100111100000,94,15432ms
011011000100000000000010011000010000,000000110010100001101000000000001001,000100001000010100010100000100100010,100000000001001010000001100011000100,103,1072ms
011000100010011001001000000000100000,000110010000000010100100001110000000,000001000100000100010000100001010101,100000001001100000000011010000001010,69,6715ms
101111111010000000000000000000000000,000000000000100000001000101110101010,000000000101001100010001010000010100,010000000000010011100110000001000001,177,167ms
001101111000000010100000000000001000,010000000010000100000001100010010011,100000000001111001010100010000000000,000010000100000000001010001101100100,142,3802ms
111110011010000000000100000000000000,000000000101010011001000000001001001,000000000000100100100010101100100010,000001100000001000010001010010010100,177,2990ms
100001001000101000000000001001001100,010100000100000000100100100110000010,001010100000000011001001000000100001,000000010011010100010010010000010000,76,9310ms
101010100010000001000000000001010100,000000000000101000000111001010100001,010001010100010010011000000000001000,000100001001000100100000110100000010,157,1682ms
001101011000000001000001000100001000,000010000000010100001100101000100100,010000000011101000010010000000010010,100000100100000010100000010011000001,75,5316ms
011110000000100000000101000110000000,000001000010001011001000100001000100,000000100100010100010010001000011000,100000011001000000100000010000100011,122,2325ms
111101000000100000000110000000000100,000000100100000010010001010010000011,000000001010011000000000101101010000,000010010001000101101000000000101000,141,1299ms
010001000000101000000110000100101000,100010000001000000000000110010010101,001000010110010100011000001000000000,000100101000000011100001000001000010,85,7248ms
100111101000000000000011000000000010,001000000001100010000100000000111100,000000000110011000010000111000000001,010000010000000101101000000111000000,122,12526ms
100001011000000100001100010001000000,010100000001000001100010100000110000,000000000100111010000001001010000001,001010100010000000010000000100001110,84,11665ms
000010010100011000000100100000100010,001101000000000000001000000110001101,110000000011000101000011001000000000,000000101000100010110000010001010000,76,29771ms
000101110101010001000000000000000100,000010001000001000011000011000011000,111000000010100000100001000001000001,000000000000000110000110100110100010,157,627ms
000000011000010010000100000011101000,000101000001000001001010110100000000,011000100110100100000001001000000000,100010000000001000110000000000010111,86,23172ms
011101100000000010000010000010001000,100000000001110000100100000001100001,000000011010001100010001000100000100,000010000100000001001000111000010010,78,4026ms
101111001000000000010100000000001000,010000010111100010000001001000000000,000000000000011000100010010011100100,000000100000000101001000100100010011,160,17409ms
111100101010000000000000001010000000,000000010000000100001101000101001100,000001000001110010010010010000000001,000010000100001001100000100000110010,115,4365ms
011101110000001000000100010000000000,100000001000000010001010001010100100,000000000000010100010001000101011001,000010000111100001100000100000000010,88,95618ms
101110010000000100000110000000000010,000000000100001000010001001101110000,010001001010100000000000110000001100,000000100001010011101000000010000001,131,2665ms
001011000100100000010000010010010000,000000000000000011001000001101000111,010000010011010000100100100000001000,100100101000001100000011000000100000,95,9993ms
110110000101000000100000000000010010,001000000000110100001100110100000000,000001110000000001000001001010100100,000000001010001010010010000001001001,166,722ms
001010101000010000000000100010010100,100001000010000000010111010001000000,010100000101000000000000001100100011,000000010000101111101000000000001000,104,19149ms
101001101000011110000000000000000000,000100000001100000000110010010010100,000010000110000001010001101100000000,010000010000000000101000000001101011,136,10908ms
100100100101010000001000000001000010,001000010000100100100010101000010000,010001001010000010000100000010001100,000010000000001001010001010100100001,157,2973ms
011001001000100000100000000010001100,000010010101000010000111100000000000,100100000000000001000000011101000011,000000100010011100011000000000110000,157,2740ms
011001000000100010001000101000000001,000100000000000101000100000110101100,100000001011011000000001010001000000,000010110100000000110010000000010010,106,15138ms
111010100010001001000000000000001000,000000011000000010010100110001000100,000101000001010100101000001100000000,000000000100100000000011000010110011,157,788ms
011000010110000000100110000010000000,000000101000100101000000000100000111,100001000001010010011001001000000000,000110000000001000000000110001111000,157,3967ms
110010101001000000000000000101010000,001000000000001011010000010010001010,000100000000110100001001100000000101,000001010110000000100110001000100000,120,4346ms
111000001000001110000000010000000010,000101010000000000100001001011100000,000010100011110000011000000000000001,000000000100000001000110100100011100,102,65358ms
000011010000000100000000011100001001,010000001000001001010000100010110000,001000100001110010001100000001000000,100100000110000000100011000000000110,37,2379ms
000001111010000100000000100010000100,100000000000001000101100010001001001,010100000101100000010000001100000010,001010000000010011000011000000110000,85,6584ms
010010110010001100001000100000000000,000100000100100000000000011100010110,001000001000010010000011000001001001,100001000001000001110100000010100000,61,5258ms
101000111000000000101000000010001000,010000000000000011000011101000000101,000101000100111000000000000100100010,000010000011000100010100010001010000,157,214ms
000101111000000000000001100010000001,100000000101000110001000011100000000,010000000000110001000010000000110110,001010000010001000110100000001001000,56,10381ms
011011001000001000000100000001100000,000000000001010011100000101100000001,000100000110000000001011010010010000,100000110000100100010000000000001110,89,12493ms
010001011000010001110000000000001000,000100000001100010000100110100000010,100000100110000000000011000010100001,001010000000001100001000001001010100,150,192ms
111110001010000000000000001000001000,000000010000101001001010010010000100,000001000101010000100100100000010001,000000100000000110010001000101100010,177,206ms
100110000100100011011000000000000000,001000000010010100100001100000010100,000000110000000000000100011110100010,010001001001001000000010000001001001,135,18847ms
110011111000000000000000100000100000,000100000010110010001000001001000001,001000000101000100000010010100011000,000000000000001001110101000010000110,157,121ms
001011010010000100000001000011000000,000100000000100000011000101000111000,010000100001001011000100000100000010,100000001100010000100010010000000101,82,8277ms
000111101000000000000001000100000101,000000010010001101010000001010001000,110000000100000000000110100001110000,001000000001110010101000010000000010,177,572ms
110000111001001010000000100000000000,000100000110000101010100001100000000,001001000000010000100010000010100110,000010000000100000001001010001011001,146,6573ms
000110011000110000000000001100000001,011000000110001001001000100000010000,100000000001000010010111010010000000,000001100000000100100000000001101110,116,20539ms
011111100000000011000000010000000000,000000000000001100000010101110100100,000000000101110000101000000001010001,100000011010000000010101000000001010,136,38903ms
110111000000000000100100010000001000,000000000101100000001011000110000001,000000100010010001000000001001110100,001000011000001110010000100000000010,141,11146ms
000011001000100000000001010000101100,000000000001010101100010000010000011,011100100000001010000000101001000000,100000010110000000011100000100010000,54,3859ms
001000110001000000100100100100000100,010000001000010110010000000010010010,000101000000000001000011001000101001,100010000110101000001000010001000000,56,11900ms
011001110000000100000100000000101000,000110001001010001000000110000010000,000000000010101000010001000101000011,100000000100000010101010001010000100,73,68561ms
111110100000000001000000100000000010,000000011001011000010000001001000001,000001000010100100100000000110011000,000000000100000010001111010000100100,177,135ms
010010111000010000010000110000000000,001001000001000001000111001000000001,000000000010100010001000000110001110,100100000100001100100000000001110000,50,96129ms
111101001000000001000000000110000000,000000110000010100000010011000010001,000000000010100010010000100001101100,000010000101001000101101000000000010,136,3296ms
000110111010000001000000001000000001,000001000001010000001110010000011000,010000000100001010010000100100000110,101000000000100100100001000011100000,100,2382ms
110101111000000000000001000000000100,001000000100100011000110100100000000,000000000011011000000000001010100011,000010000000000100111000010001011000,125,30221ms
000010000001101100000110100001000000,000000100110000001100000000110001010,010100001000000000010000011000100101,101001010000010010001001000000010000,21,39453ms
100000011010000000010010000001101000,010000100000011000000001011000000011,001111000100000100101000000000000100,000000000001100011000100100110010000,152,636ms
000010110000000000000001000011010110,001000001011001001010000100000000001,110001000000100010001000001100001000,000100000100010100100110010000100000,157,10025ms
010010010110100000001010100000000000,001000101001010000000100000100010100,100001000000000011110001001010000000,000100000000001100000000010001101011,154,6084ms
101101111000000000010001000000000000,000000000000101101000000011101000010,000000000010000010100110000010101001,010010000101010000001000100000010100,132,5105ms
000111010000010100000000000000111000,010000000000100001011100010010000010,101000001001001000100000101001000000,000000100110000010000011000100000101,146,4931ms
100001101010000000101000001000000001,001110010000100100000100010000000010,010000000000001010000001100011101000,000000000101010001010010000100010100,95,12490ms
001000011000000101001100000010000100,000000100100111010100000000001001000,010111000010000000000010011100000000,100000000001000000010001100000110011,100,5273ms
111011111000000000000000000000000001,000100000110001000010000010100011000,000000000000100010100011000011100010,000000000001010101001100101000000100,146,3161ms
111010001010010000000000100000000100,000000110001101010000000000110000010,000001000000000101001011001001001000,000100000100000000110100010000110001,107,13134ms
010110111000000000000100000010010000,001000000000000010100010010101100010,100000000110110000011000100000000100,000001000001001101000001001000001001,177,1137ms
111000110000000000000000110010000001,000100000100000000011110001000100010,000000001001101101000000000100011000,000011000010010010100001000001000100,157,4077ms
001111011000000000100010000000000001,000000000100010010010000011000110010,010000000000100001000100100011001100,100000100011001100001001000100000000,94,21842ms
000101010000111000010000011000000000,010000000101000000100110100100100000,000010101010000111001000000001000000,101000000000000000000001000010011111,55,127208ms
110001000101101000001000001000000000,000010000000000110000100100010001011,000000011010000000010010010101000100,001100100000010001100001000000110000,133,2798ms
101010110010000100001000000000001000,000100000000000010000110010111000001,010000001001000000110000000000110110,000001000100111001000001101000000000,157,6436ms
001010000000000100011000011001001000,000100001010100000000010000100010011,110001110000000000100101000010000000,000000000101011011000000100000100100,157,462ms
110001101000000000001000010101000000,001000000001011001000010000000101001,000010000110100010010000101000010000,000100010000000100100101000010000110,143,4119ms
110110010000000100001000100000100000,000000000101000000010110011001000010,001000100010000011000001000010001100,000001001000111000100000000100010001,144,9794ms
110000011101001000000100000000010000,000100100000100101001010100000000001,001011000000000010100001000011000010,000000000010010000010000011100101100,157,4339ms
110100101001000000010000000010000100,000000010110010110100010000000010000,000001000000000000001101110001100001,001010000000101001000000001100001010,129,18692ms
100000111010000000001100000001000100,010001000100100010100000000000011010,000110000000011101000000001100000001,001000000001000000010011110010100000,111,4046ms
011110111000010000000000000000100000,000000000010100001111001010100000000,000000000101001000000100101010001010,100001000000000110000010000001010101,109,90930ms
111000100000100000000010010000110000,000010001010010000010000001001001001,000100010000001001001100000010000110,000001000101000110100001100100000000,107,2771ms
100110110000000100010100001000000000,010000001000000001101000010100100100,001000000111010000000000100001011000,000001000000101010000011000010000011,142,10468ms
101101110000000000000100011000000000,000010000001000001001000000110010110,000000000000000100010011100001101001,010000001110111010100000000000000000,126,27599ms
100011000000000110001000000001100001,001100110001000000010000001000011000,010000001000110001000111000100000000,000000000110001000100000110010000110,101,3397ms
011010111000001000000000001010000000,100100000000000010000000110001110100,000001000110110000000101000100000001,000000000001000101111010000000001010,105,5441ms
111000101010000001000000000010001000,000001010000100000000101000101010100,000000000001001000011010001000100011,000110000100010110100000110000000000,118,146830ms
000010111000000100011000010010000000,000100000010111010000001100100000000,010000000001000000000110001001101100,101001000100000001100000000000010011,22,4301ms
000111111100000000000000000001000001,011000000000010001000100101010100000,100000000001100110100010010100000000,000000000010001000011001000000011110,156,2491ms
010110101000000110000000001000000010,101000000000100000101010000011010000,000000000101001000000100100000101101,000001010010010001010001010100000000,78,15097ms
011110100000001100000100001000000000,000000001001000010001000100000111100,100000000100010000100011000110000010,000001010010100001010000010001000001,177,1042ms
111101110000000010100000000000000000,000000000000110001001101000110000001,000010001001000100000010001001101000,000000000110001000010000110000010110,150,3033ms
100000000100000100000001110100000101,000001110010100010110000000000010000,011010001000010000000010001001000010,000100000001001001001100000010101000,143,3931ms
111111000001000000100001000000000000,000000010000011011010100000000001010,000000101010100000000010101010100000,000000000100000100001000010101010101,149,584ms
011010011000000101000010001000000000,100000000110001000000100100010000101,000000000001010000111000010000110010,000101100000100010000001000101001000,78,184286ms
101010001000001100100000100000001000,000100100000110000010100001001010000,010000000100000001000001010100100011,000001010011000010001010000010000100,157,418ms
011010101000001001000000100000100000,100000000000100010000111000101001000,000000000011000100111000010000010100,000101010100010000000000001010000011,83,48313ms
101111000000000010000000100101000000,000000010100101001001011010000000000,010000001011000000010100000000101100,000000100000010100100000001010010011,154,3467ms
101100011000000010000000000100010010,000010000010000100010101010000001001,000000100000110001001000001011000100,010001000101001000100010100000100000,142,6141ms
001010001010000100100000110000000100,100100100000101010010001000000001000,000001010101000001000000001100100001,010000000000010000001110000011010010,88,18958ms
100100000001000001001101000010000001,000010101100000100000000000001011010,001000000010111010000010101000000000,010001010000000000110000010100100100,67,92511ms
110011010100010011000000000000000000,001000000000001000010110100010010010,000000100011000100001000001000100101,000100001000100000100001010101001000,157,728ms
110010111000000000000000000001000011,000000000111000100101101000100000000,001000000000101001010010010000001100,000101000000010010000000101010110000,121,10003ms
001101100000000000010000100010100010,110010000000010101000001000001001000,000000000001100010101110000000010001,000000011110001000000000011100000100,61,9339ms
000001010011000000010000000110001010,100000001000000101001010010000100001,001010000100000010000101100001010000,010100100000111000100000001000000100,34,6368ms
100101110000000000000001001000011000,011000001000000010000100100100100100,000010000000100100001010010001000011,000000000111011001110000000010000000,72,50514ms
010111110000000000000000000000001110,000000001000000011110000001011010000,000000000110111000001011010000000000,101000000001000100000100100100100001,94,25939ms
011011011000000001010010000000000000,000000000101000100100001000110100010,100100000010000010000100101000000101,000000100000111000001000010001011000,144,1581ms
011100001010000100010000000011000000,000000010000011001001010001000010100,100010100000000000000101010000101010,000001000101100010100000100100000001,133,2427ms
101100010001011000110000000000000000,000000100010100101001000001001010000,000000001100000010000100100100101100,010011000000000000000011010010000011,127,5516ms
010101000010011000100100000000100000,101000010000100110010000000000000110,000000101001000001001001010100010000,000010000100000000000010101011001001,75,5158ms
010000001010011010010000000000100010,000111000001000000000100000010011001,001000110100000000100011001000000100,100000000000100101001000110101000000,82,24728ms
010010100000000101110000000000010010,101100001010011000000000000100001000,000000000101100010000110100000000101,000001010000000000001001011011100000,26,26822ms
100101001010100100010100000000000000,011010010100000011000000000010001000,000000100001011000000010101000010100,000000000000000000101001010101100011,82,147483ms
110101001100010000000001000000000010,000010000000000001001110000001111000,000000110001100000110000010000000101,001000000010001110000000101110000000,157,265ms
001000001000000010101000010001100001,110010010110010000000001000000001000,000001100000000100010010101000010100,000100000001101001000100000110000010,0,2186ms
011100110001110000000000000100000000,000010000110000100001010110000010000,000000000000000011010101001001101000,100001001000001000100000000010000111,72,33111ms
101000101000101000100010100000000000,000000010000000110010001010001110000,000110000101010000001100001000000001,010001000010000001000000000110001110,155,37938ms
101001010000100000000000100011000010,000100101000001100000000000100001101,000010000001010001010111001000000000,010000000110000010101000010000110000,109,46177ms
010001110100001000000101001000000000,001010001000010000100010100100100000,100000000010100010001000010011000010,000100000001000101010000000000011101,118,29486ms
010111011000000000000000010100010000,000000000111110001000100100000000001,001000100000001000001010001000001110,100000000000000110110001000011100000,110,22702ms
010111100000000000010000100010000010,000000001011001000101010001000010000,000000010100000111000000000001100101,101000000000110000000101010100001000,105,36014ms
110010000101010000110001000000000000,000100100000001001000110000010001100,000000010000100100001000111000010001,001001001010000010000000000101100010,118,19045ms
001111001000001000100000000100001000,100000000000100010001000101001100010,010000100001010100000011010000010000,000000010110000001010100000010000101,125,5643ms
110100111100000100000000100000000000,000010000011010000000010010001001100,000000000000001010101101000000110010,001001000000100001010000001110000001,147,2748ms
100101000010001100100000000101000000,001000010001100001001000000000100011,000010100100000010010110100000001000,010000001000010000000001011010010100,142,949ms
100011111010000000000000100000010000,000000000100110000010000001010101010,000000000000000001100111010001000101,011100000001001110001000000100000000,86,15475ms
010110001000000100100100010000000100,001001010100000000010001100001010000,000000100010010011001000000010001010,100000000001101000000010001100100001,76,13262ms
010011000000010000000110101010000000,101000010110001010010000000000010000,000100000001000001000001000101100011,000000101000100100101000010000001100,53,20848ms
001001100011011000000000001010000000,010000000000100010010000010001111000,000110010000000100101001000000000101,100000001100000001000110100100000010,90,9314ms
110101110000000100000000000000001010,000010001010000000010110100100000100,000000000101001000000000011011110000,001000000000110011101001000000000001,144,3798ms
101000011100000000000010000010100001,000010000001001101100000010001001000,010001000010100000001101000000010010,000100100000010010010000101100000100,143,856ms
001100101000010000001100001000100000,000001000000000011010000010100011001,110000010001101100000000000011000000,000010000110000000100011100000000110,157,1122ms
100101111001000000001000000100000000,010010000100000100010000010001010001,001000000000110010000100000010101010,000000000010001001100011101000000100,105,10757ms
111010101000010000000000100000000001,000000000000000011000011001011001100,000101000100101000101000000000010010,000000010011000100010100010100100000,153,392ms
100111010000000001010000010000000010,001000000111010000000101000000010100,000000000000000110000000101111100001,010000101000101000101010000000001000,126,8422ms
110001110000010000000000100100010000,000000001000100100000110001011000100,001000000010000001011001000000101010,000110000101001010100000010000000001,132,3368ms
010011111000000000000000001010010000,101000000100001000011000100000000110,000000000011010100000101010100001000,000100000000100011100010000001100001,93,6960ms
111011101000001000000010000000000000,000100000101010000000100110010100000,000000000010100111000000001000001110,000000010000000000111001000101010001,119,17042ms
010101001010110000100000000000000010,000000100100000110010110010000001000,000010000001001000001001100101100000,101000010000000001000000001010010101,85,39631ms
110101100000000110000001000000000001,000000000101000001010100110001010000,001000000000101000101000001010100100,000010011010010000000010000100001010,139,4753ms
001000010010100000001100101000100000,000001000001010100000010000101000101,100010000000000011010001010010010000,010100101100001000100000000000001010,68,12283ms
000000000000100101110000000000110110,001100001110000000001000011000000001,110010100001001000000100000010001000,000001010000010010000011100101000000,104,4823ms
000011111000000001000100000000100010,100100000000100000101000100110010000,010000000100010110000001001000001001,001000000011001000010010010001000100,55,1995ms
010001010000110000001100100000000100,000000000100001110010010011000001000,000000000011000000000001000011110011,101110101000000001100000000100000000,27,5292ms
100000100001100010000010001100100000,001000011000011100100000000000001010,000000000010000001011000100010010101,010111000100000000000101010001000000,59,2594ms
111000011000000100001010100000000000,000111100000000000010100010001010000,000000000001100000100001000110000111,000000000110011011000000001000101000,136,24776ms
110101010000000100001101000000000000,001000001001001010100000110000000001,000010000110100001010010000000100100,000000100000010000000000001111011010,157,11092ms
101111100000010000000000000000001010,000000000011001001110001000100000001,000000000100000010001100110001110000,010000011000100100000010001010000100,134,39148ms
001100110110000000000001000000100100,100001001000001100101100000000010000,010010000000000010010000101101000001,000000000001110001000010010010001010,99,15301ms
111110010000000010000001000100000000,000000000001100001000000010010111100,000000001100001100010000101000000011,000001100010010000101110000001000000,177,646ms
110000100010100000000101000110000000,001011001100001100000000000000100010,000100000000010001111010100000010000,000000010001000010000000011001001101,121,781ms
101110000000001010001000000001100000,000000001110000100100000100000001101,000001110001000001010100000010000010,010000000000110000000011011100010000,108,1152ms
011101011000101000000000000001000000,000000000000000110000000110010101011,100010000010000000001101001100000100,000000100101010001110010000000010000,151,4316ms
110111111000000100000000000000000000,001000000110010001001001000100000001,000000000000101010100000111000110000,000000000001000000010110000011001110,163,978ms
001101101000000000100000011000000100,000000010100000111001000100010010000,000000000010111000010110000100000001,110010000001000000000001000001101010,92,26970ms
011110110000000010000000000000001010,000000000001011100001000100000100101,000000001110000001000110010100010000,100001000000100000110001001011000000,142,18779ms
110010010000100100011000000000000100,000000101110000010100100000010000010,000101000001000000000001110100010001,001000000000011001000010001001101000,133,3025ms
100110100010000000000001000100000110,011001010000000000110000000001010001,000000000101100111000110010000000000,000000001000011000001000101010101000,100,127813ms
001111000000010000100001000010000010,100000000000001010010110000101000100,010000001001000100000000110000101001,000000110110100001001000001000010000,81,5366ms
011111101000000000100010000000000000,000000000011001110010000011000001000,000000000100100000001101000011100001,100000010000010001000000100100010110,125,48381ms
111010110010000000000000010000100000,000000000101010101000000101000010001,000001000000101010001101000101000000,000100001000000000110010000010001110,134,18173ms
001001111001000001000000000011000000,010010000100000000110001000000010011,000000000010100000001010111000100100,100100000000011110000100000100001000,41,10118ms
111010000000101000000101000100000000,000001010010010100000010010010000010,000100101001000000100000000001101001,000000000100000011011000101000010100,157,76ms
100110111000100000000001000000000100,000000000101001100000000110011100000,011001000010000000100010001100001000,000000000000010011011100000000010011,177,92ms
110100000000000001000100100001010001,000010011000000100001010001010100000,001001000000110000110000010100000100,000000100111001010000001000000001010,155,362ms
000000110000001000010000011010000101,101000000101010000000001000100100010,010101000010100100001100000000001000,000010001000000011100010100001010000,61,8963ms
011001101110010000000000000000000001,000100000000001010001010111000000010,000000000000100100010001000111110000,100010010001000001100100000000001100,109,22468ms
100010111000000100000010000000001001,001001000001000000011100010000010100,000100000010010011000001000110100000,010000000100101000100000101001000010,118,1489ms
