build/simulation
001110010100010000100100000000000010,000000000000000000011011001111010000,010001101001001000000000110000000100,100000000010100111000000000000101001,113,30430ms
111011010000000000000000000010100100,000100101010001010000100000101000000,000000000101000001100010011000011000,000000000000110100011001100000000011,136,36909ms
000100010000010001000001010001101000,101000100101000010000100101000000000,010010000000101100110010000100000000,000001001010000000001000000010010111,43,17346ms
111101011000000010000000000000100000,000010100010000000000010010001010011,000000000100001001111100000000001100,000000000001110100000001101110000000,157,1535ms
011110101010000000000010000000001000,000000000000000010011000101110100001,000000010001010101100100010000000100,100001000100101000000001000001010010,96,22358ms
101100010000000001000000010000010101,010011000010110000010110000000000000,000000100101000110001001000010100000,000000001000001000100000101101001010,96,55118ms
001001000000100011100100001000000010,000010000001001000011000100000001101,100100010100000000000001010110100000,010000101010010100000010000001010000,139,655ms
000010100000000000000011010100010101,000100010001010010000100000010001010,111000000110001100001000000001000000,000001001000100001110000101000100000,141,7642ms
101000111000000100000001000000000101,010010000101000000010010001110000000,000100000010101001100000010000001010,000001000000010010001100100001110000,101,2615ms
101011101001000000000000100010000000,000100010100100001010001000100000010,000000000010011110000000000001001101,010000000000000000101110011000110000,93,55717ms
000001101000100000100000100000011001,101100000000000100010010000110100000,000010000101011001000001001000000100,010000010010000010001100010001000010,21,1208ms
000100100001010000100100000011010000,010000010000000110001000010100000011,000001000100101000000011100000100100,101010001010000001010000001000001000,29,1723ms
000010110100100000000100000000001101,110100000010010000001010000101000000,001001000000000110110000011000100000,000000001001001001000001100010010010,56,4772ms
001101000001000100001000000001000110,000000100010101000100010000010101000,100000010100010000010001100100010000,010010001000000011000100011000000001,119,2826ms
011010111000000100000001010000000000,000000000000000011100100000011011010,000101000100100000011000000100100100,100000000011011000000010101000000001,98,21026ms
000111101000000000000000000100101001,000000000011001001100001000010010100,010000010100100100000110100000000010,101000000000010010011000011001000000,104,24257ms
111010111000010000000000000000010000,000000000001000111000101100000001100,000000000110000000011000000111100001,000101000000101000100010011000000010,157,218ms
011000111000100000000010000100100000,100000000000010000010101100001001010,000001000110000110000000001010010001,000110000001001001101000010000000100,107,25866ms
010000000000010001100000000000111110,000001010111000100000101000100000000,101100000000001010000010100001000001,000010101000100000011000011010000000,120,9249ms
111110101001000000000000100000000000,000000010100100010000001000110100100,000000000010001001011100001000010001,000001000000010100100010010001001010,147,5815ms
111101000100100000000010000000010000,000000100000000001001101000110000101,000010000000011110000000101001100000,000000011011000000110000010000001010,112,1627ms
001001100000001010100001000010010000,100000010100100000010000001001100100,010100001011000000000110100100000000,000010000000010101001000010000001011,93,1694ms
001111010000100000000001000100000010,010000100000000110000100010001101000,100000000110001000110010000000010001,000000001001010001001000101010000100,177,330ms
100010101100100000000010100000000100,000001010000001111001000010010000000,011100000010000000000001000101001010,000000000001010000110100001000110001,157,1560ms
101000001100000000000001000001110001,010000000010000001001100011010001000,000000010001111000000010100100000100,000111100000000110110000000000000010,107,2897ms
110010101001000000000001100000000001,001100010000010000110010000101000000,000000000100100101001000011000101000,000001000010001010000100000010010110,104,30442ms
101111010000000001000011000000000000,000000101100010110100000100100000000,010000000000100000001000011011010010,000000000011001000010100000000101101,150,4285ms
000101101100000000010000000100000101,010000010000010000000000100010111010,000010000000101001101011000001000000,101000000011000110000100011000000000,71,82206ms
100011011000000010000100010000000100,000100000100010100000001101010000010,010000100001101000100000000101001000,001000000010000001011010000000110001,157,148ms
100001010000000000000010100000111100,001000101001100101000000001000000010,000000000010011010010100010101000000,010110000100000000101001000010000001,87,14287ms
000001001000000010010100000110001010,011000000100001100100000100000110000,100010010000110001000010010000000001,000100100011000000001001001001000100,107,2197ms
110000011000001000000000001001101000,000010000000010111100010010000010000,001000100110100000010100000100000100,000101000001000000001001100010000011,157,684ms
101010001000100010000100010000000100,000101100000000000101010101100000000,010000010000010101010001000000001001,000000000111001000000000000011110010,93,84926ms
001011100000100000011000000001001000,100000000010010100100000000010110100,010000001001000010000100111100000000,000100010100001001000011000000000011,75,3268ms
101000010000010001000101000001000100,000101000101100000100010000000001001,000010101000000100000000111010010000,010000000010001010011000000100100010,93,871ms
110110110100000000000000100000010000,000000001000001010001001000101000110,000000000001100101110010001010000000,001001000010010000000100010000101001,177,1427ms
010111111000001000000000000000001000,101000000000000001001101100011000000,000000000010010000000010011000110011,000000000101100110110000000100000100,87,125432ms
110110101000000000001000001000000100,000000000010100000000100010100110011,001000000000011011100011000010000000,000001010101000100010000100001001000,171,1373ms
010111110000000000010000010000010000,100000000001101100000101001000100000,001000000010000011001000000110001100,000000001100010000100010100001000011,128,4440ms
110001001100010000100000001000000100,000000010001000011001011000010000001,000000100000000100010000110101010010,001110000010101000000100000000101000,146,2085ms
000001110000110000100000000101000100,000010000000001001001101010010100000,011100000011000100000000000000010011,100000001100000010010010101000001000,100,18673ms
111011000000000000001000000010001001,000000001000110101000001101001000000,000000000001000010110100010100010100,000100110110001000000010000000100010,157,1682ms
110000100100000010010000000100010100,001001000000101001100010000010000001,000010000010010100001001001000001010,000100011001000000000100110001100000,127,788ms
110111010100000000000000000010001000,000000000000100100001011001000100110,000000101000000011110000100100010000,001000000011011000000100010001000001,177,41ms
001101010000011100000000100010000000,000010100100000010011000000001000110,110000001010000000000100010100100001,000000000001100001100011001000011000,157,483ms
010100100100100010001000000000001100,001001000011010000100000100001100000,100000011000001000010001001110000000,000010000000000101000110010000010011,143,450ms
011101101000000000101000000000000100,000000000100101110000010000001100001,100000000011010000000100010010001010,000010010000000001010001101100010000,157,1427ms
101001100001100100000000010000000100,010010010000010010000011100000010000,000000000110000000011100000100001011,000100001000001001100000001011100000,118,6593ms
111101001000100000000000000010001000,000000100100000000100011100001100100,000000000000000111011100010000010010,000010010011011000000000001100000001,120,8411ms
101011011000000000000000000001000110,010000100100000101000000001010101000,000100000010101000101110100000000000,000000000001010010010001010100010001,118,72906ms
000110011001000000100000010000010100,000001100010001101001000000100000001,011000000000100010000001101000100010,100000000100010000010110000011001000,78,1445ms
000110100010000011000000000000111000,101000010000100100001001000000000011,010001001000001000010010010010000100,000000000101010000100100101101000000,100,8075ms
110011100001000000000000010000100100,001000000000000001011001001010010010,000000011110100000100010100001000000,000100000000011110000100000100001001,157,581ms
000000010001011010100110100000000000,100101000100100000010000000100100010,011000001010000100000000001001010100,000010100000000001001001010010001001,64,15880ms
010001110000010001000100000100000010,001010000000000110100000100010100100,100000001110100000010010001001000000,000100000001001000001001010000011001,150,721ms
101010110100000000010010001000000000,000100000010000011000000000111100100,010000000001000000101001100000011010,000001001000111100000100010000000001,157,1531ms
011110100001001000000010000000000010,100000011000010010100100000000000101,000001000000000000011001110101001000,000000000110100101000000001010110000,101,29146ms
010011111000000100000000001000000100,100000000101011000000000000101010001,000100000000000010011001110000100010,001000000010100001100110000010001000,57,6831ms
001111101000000010000000100000000001,000000010110100100000010000000001110,000000000000011000111000010101100000,110000000001000001000101001010010000,116,4059ms
001010011000000001100001000101000000,000100000000011100001010000000001110,110000000110000010000100100010100000,000001100001100000010000011000010001,157,27ms
110101111010000010000000000000000000,001000000001010000100000100011100100,000000000000101000011000011000011010,000010000100000101000111000100000001,129,5711ms
011101000010100001000010000100000000,100000010100000010010000001000111000,000010000001000000100001010011000110,000000101000011100001100100000000001,103,6675ms
111111001000000100000010000000000000,000000000111000000000100011010001001,000000000000110010010000100001110010,000000110000001001101001000100000100,146,4980ms
111011101000100000100000000000000000,000000000101001001001010100011000000,000100000000000010000100010000111011,000000010010010100010001001100000100,141,706ms
000110101000010110010000010000000000,100001000001000001001000000100011010,001000000110101000000001001010000100,010000010000000000100110100001100001,76,56717ms
100011000010000010000001000000110001,000100101100100000010100000000001010,001000010000010001100000110100000100,010000000001001100001010001011000000,118,331ms
101111110000000000010000000000000010,000000001000000011101000010001011000,000000000010101000000111101010000000,010000000101010100000000000100100101,141,4023ms
110001111000010000000000100001000000,001000000000000001000011010100011100,000010000001101110101000001000000000,000100000110000000010100000010100011,157,2713ms
111001001000001000000100100001000000,000010010000100000000001010000101011,000000000011010001111000000010010000,000100100100000110000010001100000100,157,530ms
110100001010000000010000000010001001,001010000000101010000110000000110000,000000000100010100101001100100000010,000001110001000001000000011001000100,157,112ms
110010100100000001000000000000101100,000100010001100000010000100010010001,000000001010001100001011011000000000,001001000000010010100100000101000010,142,4165ms
111000101000100000000000000000110100,000100000100000011110000000001000011,000001000000011000001101110010000000,000010010011000100000010001100001000,112,5219ms
000101000000100100011001000010000001,000000100010011010000000001001010100,000010011001000000100010110000100000,111000000100000001000100000100001010,17,3372ms
010101010001101000000000000000101000,000010001010000001001110000000010100,001000100000000000010001110101000001,100000000100010110100000001010000010,96,19279ms
101101011100010000000000000000010000,000000100000100001010000010110100100,000000000000001010001110101001000010,010010000011000100100001000000001001,106,3597ms
100110101000100000100100000000100000,000000010010010000010001100110010000,011000000101000101000000001001000100,000001000000001010001010010000001011,177,160ms
100111001100000001001000000000000100,000000100000000100000101001000111001,010000000010001000110000000111000010,001000010001110010000010110000000000,177,1004ms
000111001000001000000000010011000100,000000010110000001001010000100001010,111000000001000110000100001000100000,000000100000110000110001100000010001,140,2958ms
011000010000010000000100110100100000,000001100100100111000000001001000000,100010000001000000001011000000001101,000100001010001000110000000010010010,129,3337ms
011011110010000000000000000011000000,100100000100000010001000011000010001,000000000001000100100011000100101100,000000001000111001010100100000000010,101,15932ms
011111001001000100000000000000010000,000000010100011010000001000100100001,100000100000100000101010010000001100,000000000010000001010100101011000010,175,1488ms
100010000001100110001000010000100000,000001111000000000110000000011010000,011000000000010000000110100100000101,000100000110001001000001001000001010,96,2241ms
111101110000000010000000000000000001,000000000000001100101001000111010000,000010001001100000000100110000000110,000000000110010001010010001000101000,131,5624ms
111100000000000100000000000010110001,000000100000101011011010000100000000,000010011101000000000101011000000000,000001000010010000100000100001001110,157,1049ms
000101111000000000000000000101100010,000000000010101000100111100000000001,101010000000000010010000000010011100,010000000101010101001000011000000000,157,10486ms
111110100000110100000000000000000000,000001000011000000001110010000100100,000000001000001000100000101101011000,000000010100000011010001000010000011,162,1083ms
111111011000000000000000000100000000,000000100100100100001010010010100000,000000000001000000110001101001000110,000000000010011011000100000000011001,177,56ms
011011001001100000100000000000001000,000000000100000100000101010100010011,000000100000011001001000101010000100,100100010010000010010010000001100000,73,6455ms
001001111000000100000000100000010001,000100000001001000000100000011100110,100010000010000001010011010100000000,010000000100110010101000001000001000,130,3649ms
000010010101011001100000000100000000,000100001000100000000011101000001010,101000100010000010010100000011000000,010001000000000100001000010000110101,143,109ms
010100000000010100111010000100000000,000000000101000010000100001011001001,101000111000101000000001100000000000,000011000010000001000000010000110110,157,1067ms
000010001001000100000010000010001101,000101000100000000100001101001010000,011000110010010000000100010000000010,100000000000101011011000000100100000,36,4304ms
100101000000000001100010100000100001,010010010001000000001100000100000110,000000101100010010000001011000010000,001000000010101100010000000011001000,84,3490ms
001000111011000000001010010000000000,010000000000010011010001000011100000,100001000100100000100000101000001100,000110000000001100000100000100010011,157,490ms
101100100010000000000010011000100000,000000001000100011100001100000001001,010010000001001100011000000001000010,000001010100010000000100000110010100,128,1988ms
000011110110000001000000000000001100,110000000001100000000011010010010000,000000001000000100111000100100100001,001100000000011010000100001001000010,80,975ms
000011111000000000000000001000010101,010000000100100011000010110001000000,001000000001000100111100000000001010,100100000010011000000001000110100000,48,1557ms
111010001000010100000000000000010010,000100100100100000010111000000000100,000000010000000000001000111110100001,000001000011001011100000000001001000,157,7990ms
111101010000000000000001000010000010,000010000011000000001010110000110000,000000000000011100010000000101001101,000000101100100011100100001000000000,157,8203ms
011010000010000000001000101100000001,100000100000010100100010000001100100,000001010001001000010101000010010000,000100001100100011000000010000001010,74,4122ms
001101100000110000000000000010011000,100000001000000100100101000001000101,000000000101000001011000110100100000,010010010010001010000010001000000010,72,44697ms
000010111100000000001001000101000000,000101000001001000110000100010001000,100000000010100110000010000000110010,011000000000010001000100011000000101,113,1193ms
000010000001100000000000000111111000,000000110010001110101000001000000000,111101001100000001000000100000000000,000000000000010000010111010000000111,157,578ms
111100011010000000000001000000000010,000000000000101001100010010001100100,000010000001010000000000100110011001,000001100100000110011100001000000000,157,9846ms
110111011100000000000000000000001000,001000100010100001001000010000110000,000000000000001010110001001100000110,000000000001010100000110100011000001,177,1159ms
110101110000000100001000000100000000,000000000110000000100000101010000111,001010000001000010000010010001110000,000000001000111001010101000000001000,141,533ms
000011010000010000100000001100000110,000000101000000010001000010001110001,110100000110000001010100100000000000,001000000001101100000011000010001000,157,470ms
010111101010000000000000000010100000,000000000100100001000000101100011100,001000000001001100101011000000000001,100000010000010010010100010001000010,96,20547ms
010010100001010000001000010000001100,000100000000100100100010000100110010,101000011100000000010000101001000000,000001000010001011000101000010000001,157,592ms
101000110110000000000000000100100010,000100001001000000010000100000011101,000011000000110001101010000001000000,010000000000001110000101011010000000,157,2908ms
110001010000010000000110001000010000,001100100100000000011000000000101001,000000000000001100100001100111000010,000010001011100011000000010000000100,142,11353ms
001101110001000000010010000010000000,100000000100000100101001010001000100,010010000000000000000100101100110001,000000001010111011000000000000001010,95,30848ms
001111110000001001000100000000000000,000000000100110110010001010010000000,010000000010000000100000101101100100,100000001001000000001010000000011011,122,24617ms
111001101010000000000000000100000001,000000010100100010001001000001100100,000000000000000100000110111010011000,000110000001011001110000000000000010,157,3759ms
111010000000000001000000000001100011,000001100101011000000000000010011000,000000010010000110001010011100000000,000100001000100000110101100000000100,128,84397ms
000101011001000001001000100010000000,001010100110000000000001001001001000,010000000000111000000110010100000010,100000000000000110110000000000110101,28,761ms
101001101000010000000000000100000101,010000000101001010000000011000001010,000100000010100000100110000010110000,000010010000000101011001100001000000,157,1106ms
001110101000001101000000001000000000,000001000010100000110001000010100010,100000010101000010001000110001000000,010000000000010000000110000100011101,159,4097ms
101001011000000000100001100000100000,000010000010000010011100000100000011,000000100101000101000000011000001100,010100000000111000000010000011010000,109,1929ms
011111100100000000000010000000000001,000000000010001010101001001100100000,000000011000010000000000100011001110,100000000001100101010100010000010000,96,23788ms
111110011000000000010000000000000100,000000000101000001000000011100110001,000000000000011110000011100010001000,000001100010100000101100000001000010,148,4827ms
101011100000001000000010010010000000,000000001000100000010000100100110011,010000010101010000101100001000000000,000100000010000111000001000001001100,157,1207ms
100110110000100000000000010100000001,000001001000000000101100000011010100,001000000111000011000011000000100000,010000000000011100010000101000001010,177,4893ms
110100101000001000000001010000010000,000011000010000110100000000010001100,000000010101100000000100100101000001,001000000000010001011010001000100010,157,545ms
110001011100000001000000001000100000,001000000000101100001100010001001000,000010000010010000000010100010010011,000100100001000010110001000100000100,138,1059ms
010100011000100100000010000100001000,101000000010000000001100001001100100,000001000101011000000000100000010011,000010100000000011110001010010000000,74,7152ms
011001110000100000000010000000000011,000100000000000000011100101100001100,100000000110010110100000010010000000,000010001001001001000001000001110000,157,2090ms
100010001000100100000000010000011010,011000000001001011000010000010000001,000101000000000000111000001101000100,000000110110010000000101100000100000,138,9354ms
001100000000010001001100000100000110,000000110001100000010000001000011001,000011000110001010000001000010100000,110000001000000100100010110001000000,44,2432ms
011000001010000101000000110000100000,100101000000011010000001000000001001,000000110001000000001110000111000000,000010000100100000110000001000010110,58,1320ms
000111110001100000000000000000000011,011000000100000001100000001100101000,100000001000001100001011100010000000,000000000010010010010100010001010100,108,7915ms
011100110000000100000000110010000000,000000000001111000011001000100000001,000011000000000001100010001001010100,100000001110000010000100000000101010,79,6293ms
001000101001000010001001000000110000,010101000000000000110000000101000101,000000010100000101000000111000001010,100010000010111000000110000010000000,0,340ms
001011001000000011000100100010000000,010000000100011000010010011100000000,100000000011000000100001000001110100,000100110000100100001000000000001011,126,3005ms
010101001000001000010010000000100100,000000010001000001100101000001010010,001000000010000100000000111110001000,100010100100110010001000000000000001,72,11009ms
100010011011000000000011000001000000,010001000100001011010000000100000001,000100100000100000100000100010101010,001000000000010100001100011000010100,90,4169ms
101000011100000010000011000000100000,000010000000011000110100000010001001,000000100011100100000000110100000010,010101000000000001001000001001010100,105,4000ms
111001110001000000000000100000100000,000010001100000010100001000101001000,000100000010000101001110000000000110,000000000000111000010000011010010001,120,5345ms
010010010001000000010001000010101000,000001101000000000001100010101000010,000100000110000010100010001000010001,101000000000111101000000100000000100,58,41160ms
101011111000000000100001000000000000,010100000000110000010000000110010001,000000000011001100000110100001000100,000000000100000011001000011000101010,125,21987ms
000110010100101000000000000100000101,001000000011000101000110000000001010,110000100000000010111000011000000000,000001001000010000000001100011110000,177,1309ms
101111101000100000000000010000000000,000000000100001101010000101001010000,010000010011000010100101000000100000,000000000000010000001010000110001111,177,1378ms
110100110000000100000001001000000100,000010000000100010010000110001010010,000001001001010001000110000100001000,001000000110001000101000000010100001,131,1836ms
000000110000101000000100100000101001,010000001001000000001011000010000110,001100000110010100100000000001010000,100011000000000011010000011100000000,29,1983ms
110010001001000101000000000001000001,000000000110011000100100100000110000,001001110000100010011000000000001000,000100000000000000000011011110000110,123,71839ms
010100110000001000000101000000010001,001011000001010011000000001000001000,100000001100000100100000010100000110,000000000010100000011010100011100000,134,8352ms
110100010000100100010000000010010000,000011101001000000001100000000000101,001000000010011010000010000001100010,000000000100000001100001111100001000,114,2311ms
100100100000000100001000001001100001,000000001100001000000100110000011100,001000010011000001110000000010000010,010011000000110010000011000100000000,106,1958ms
011010001000000010000000110010010000,100100000101110000000000001000100001,000001010000000001001111000000001100,000000100010001100110000000101000010,54,1013ms
011111111000000100000000000000000000,000000000000000000110000101001101011,100000000010100011000001010000010100,000000000101011000001110000110000000,177,1190ms
010001011010100010000001000000000001,000000100000001001110010000010011000,000100000100010100001000010000100110,101010000001000000000100101101000000,70,6004ms
110110111000000000010000000100000000,001000000010001100000000001011010100,000000000101100011000100100000100010,000001000000010000101011010000001001,162,261ms
110010111000000000010000000000001100,000100000000010000000010011011000011,000001000000101010000101100000110000,001000000111000101101000000100000000,117,6299ms
001010100100010101000000000000000011,010001000000000000101110100100001000,000100001001000010010000010010100100,100000010010101000000001001001010000,58,24855ms
011101100001100000100010000000000000,100000010110010000001100000000101000,000010001000000011000001100011000100,000000000000001100010000011100010011,79,8529ms
010001100000101110000001100000000000,100110010101000000110000000000100000,000000001010000000001100000011010011,001000000000010001000010011100001100,27,5887ms
011100010000000001110000000001000001,000000000011010000001011001100001000,000011001000100000000000100010010110,100000100100001110000100010000100000,84,16593ms
100111011000010001010000000000000000,001000000110100100000001010100100000,010000000000000000001100101011010100,000000100001001010100010000000001011,162,2954ms
110111110100000000000000000010000000,000000000010000100101000000100110110,001000000000000011010001101000001001,000000001001111000000110010001000000,159,671ms
100000010010100000010110000010100000,010100001001000100100001001000000001,000001100100011000001000100001000010,001010000000000011000000010100011100,77,5623ms
101100110000000000000001000110001000,000010000011010010001010001001000000,000001000100100000110100000000010101,010000001000001101000000110000100010,157,319ms
101110001000000100000100010000001000,000001100011000001000011000010010000,010000010000111000000000001100000101,000000000100000010111000100001100010,164,4718ms
100010110001000100000000010010000010,000000001000000000110000101101110000,001101000010100000001000000000001101,010000000100011011000111000000000000,94,31728ms
100110010001111000000000000010000000,010001000000000001010100011000010001,001000100100000110000011100001000000,000000001010000000101000000100101110,163,8251ms
110110001000010000000101000000100000,000000110001001001001000010100010000,000000000000100110010010000011001100,001001000110000000100000101000000011,125,9907ms
011001011001000000000010100010000000,000110100000100011000001001000000010,000000000110000100001100010100100001,100000000000011000110000000001011100,87,26382ms
001110111000000100000000000100100000,000000000100001010010010010000011010,100001000010010000101100000010000001,010000000001100001000001101001000100,177,155ms
011111011000010000100000000000000000,000000100001001010000001001110000001,000000000000000100001110110001001100,100000000110100001010000000000110010,112,15336ms
001100010100100000001100000100001000,000000000001000101100011000010110000,100000100010000010010000101001000100,010011001000011000000000010000000011,107,2975ms
101101101001000000000010000000001000,000000010110101000000100010100010000,000010000000010101110001000001000001,010000000000000010001000101010100110,146,961ms
000101110000001001001000000000011000,010000001010000000010001001000100011,000010000100010100000110100011000000,101000000001100010100000010100000100,44,1192ms
101011000000000010100000100000000110,000100010001000101001100000000001001,000000101110100000010010000100010000,010000000000011000000001011011100000,157,45ms
101000101010000010000001001000001000,000010000000100001011110000101000000,010101000000000000100000110010100100,000000010101011100000000000000010011,144,7653ms
001000010010100000000010001100000011,100101000000000011000001100001100000,010000001000010100011000000000011100,000010100101001000100100010010000000,60,2134ms
110100111000000000010000100000000010,001000000111001100000100000001000100,000000000000100001000011011010010001,000011000000010010101000000100101000,121,16209ms
100110100001000001100000100000001000,000000000100011000011101001100000000,011000011000000010000010010000000101,000001000010100100000000000011110010,149,50816ms
010101011000000100000000010000110000,001010000001101000101001000000000100,100000000010010000010100101001001000,000000100100000011000010000110000011,116,40448ms
111011011000000000000000000000010001,000100000100001001001101001000001000,000000100001010000100010100111000000,000000000010100110010000010000100110,157,78ms
100100110001000001000000000000110001,000000001100000010000000001101001110,011010000000100100011000100010000000,000001000010011000100111010000000000,137,67927ms
110110011000001000000000001000000010,000000000000010000110110010001010100,000001000001000011000001100110100000,001000100110100100001000000000001001,177,2816ms
001000000100000000010000000101110011,000000100010000011101000100000001100,100100001000101100000101001000000000,010011010001010000000010010010000000,103,49503ms
011001010000000100000000010000110010,000010000001001010000111000010001000,100100001100000000001000001101000100,000000100010110001110000100000000001,157,358ms
111000110011000100001000000000000000,000001000000000000000110101110100100,000100000100011011010001010000000000,000010001000100000100000000001011011,157,11234ms
110000110000010001000000100000010100,000001001101000100000100010001100000,001110000000001010000000001110000010,000000000010100000111011000000001001,162,838ms
010010110010100000000100010000000010,000101001000001100100000101000000100,000000000001010000011001000100011001,101000000100000011000010000011100000,50,14942ms
100101010001000000001100000100001000,001000000000101010000000110001100100,000000101100000000010011001010000001,010010000010010101100000000000010010,130,46ms
011011111000000000010010000000000000,100100000000000010000001011100010100,000000000001101001000100100011000010,000000000110010100101000000000101001,85,31030ms
010001101000000100100000010000001100,000000000010001001010000101000110001,100100000100010000000111000001000010,001010010001100010001000000110000000,127,3101ms
001011111000010000000000010000000010,100000000101000000001100000010011001,000000000010000111100011001000000100,010100000000101000010000100101100000,59,19726ms
011000101000000001000010010100000010,000000010100100110001000000010000101,100110000010011000000000001000011000,000001000001000000110101100001100000,163,1304ms
110001100010000011000000010000000010,001010000001100100000000001010001001,000100011100010000110000000000010100,000000000000001000001111100101100000,157,556ms
000100101000010000101000100010100000,110010010000000010000001001000001010,000001000001001100010110010000010000,001000000110100001000000000101000101,14,8592ms
011000000000010110000001010000100010,100000001100001001110100001000000000,000011000010100000000010100100001100,000100110001000000001000000011010001,36,5155ms
011011011000000000100000100100000000,100100000100000100010001010001001000,000000100011010011000010000000100100,000000000000101000001100001010010011,109,3769ms
100111100000010000010010000000001000,010000001110000000101000000001100100,000000010000000101000000110010010011,001000000001101010000101001100000000,94,2753ms
010011001000000010001010000010000001,000000010101001100010000000001010100,000000100010100000100000110100101000,101100000000010001000101001000000010,70,4303ms
100101011010000000000001100000100000,000000000100000101011010010100001000,011010000001110000100000000000010001,000000100000001010000100001011000110,140,1652ms
001111111100000000000000000000000010,000000000000001011100010011000001100,000000000010010000011001000101110000,110000000001100100000100100010000001,115,6695ms
110011101100000000000000000000011000,000100000000010010100100110010000100,000000000011100001000011001101000000,001000010000001100011000000000100011,157,195ms
001011011000010000001000001000100000,110000000000100010000000000111010001,000100000110001100100001010000000100,000000100001000001010110100000001010,93,13973ms
010000101101010001110000000000000000,001000010010000000000001011011000001,100100000000000100000110000100011010,000011000000101010001000100000100100,157,209ms
111111101000000000000000000000100000,000000010000010001100011000110010000,000000000001101010001100000001000101,000000000110000100010000111000001010,164,704ms
100011001000010000100100000011000000,010100000001000110000010001000010001,001000110100100000011000100000100000,000000000010001001000001010100001110,136,951ms
000111011000100001001000000000000010,001000000100010100000001011000010100,010000100010001010000000100001001001,100000000001000000110110000110100000,83,3068ms
111110000100000000010000010000000001,000001000000101101000110001000000010,000000011011000010100001000001010000,000000100000010000001000100110101100,177,206ms
100000011100000000000100011000001100,000101000000001000100001100001100010,000010000010010100001010000110000001,011000100001100011010000000000010000,95,2454ms
100101001001000000000100000001000110,010000000000100101100001000100110000,001000100100010000010010101000001000,000010010010001010001000010010000001,126,1119ms
101111011000000000000000000010000010,000000000110010000110110000000010001,010000000001001100000001000101001100,000000100000100011001000111000100000,177,62ms
011100011001000000000100010000000100,000001100100010011001000000000000011,100010000000101000000001101010010000,000000000010000100110010000101101000,116,2881ms
011110110001000000000010000000000100,000000001000001010000100110010000011,000000000100100100010001001001110000,100001000010010001101000000100001000,106,22326ms
100110011101000000000000001100000000,001000000010000000000000010001111101,000000100000111011101000000000000010,010001000000000100010111100010000000,156,1230ms
010011101100000000000010000000001001,101100010000000010001000010100000100,000000000010011000010101000010100010,000000000001100101100000101001010000,57,15140ms
111101111000000000000000010000000000,000000000100100101000110000100100010,000010000011000010000001001010001001,000000000000011000111000100001010100,142,2763ms
000100001000001000010010100001000110,000011010010100001100000001000001000,110000000000010010000000010110100001,001000100101000100001101000000010000,102,15901ms
101000100000101100000001000101000000,010000010010000001010000010000011010,000100000000010000101110100010100000,000011001101000010000000001000000101,103,3073ms
110110010000010010100000000000100000,001000000101000000000001110010000011,000001000010001100011010000100000100,000000101000100001000100001001011000,177,365ms
001001010000000010010101001000010000,100000000001011000100000000010100011,010110000010100000001010010000000100,000000101100000101000000100101001000,84,27196ms
101101000100000000000100000010110000,010010100011000000000000001100000101,000000010000100001001001110001001000,000000001000011110110010000000000010,91,9182ms
101000000000000000110100011000000101,000011000101000010001000100101000000,000000101000110100000010000010011000,010100010010001001000001000000100010,94,9937ms
010111000000001010100010000100000000,100000000101110001001000000001000001,000000000010000100010101001010101000,001000111000000000000000110000010110,93,24183ms
001000011000100000110001011000000000,000011100001000101000000000101000010,010000000010010010000010000010110001,100100000100001000001100100000001100,58,117400ms
100101110000101000000001001000000000,001000000001010001010000000100001011,010000000010000110000010100011000100,000010001100000000101100010000110000,127,9372ms
001010101010001000000010000000010100,010000000100000101001100101000100000,100000000001110010010001000001000010,000101010000000000100000010110001001,82,52669ms
111000010000000001111000000000100000,000011000010111000000010000000010100,000100100101000010000100100010001000,000000001000000100000001011101000011,157,501ms
101100111000000000010010000100000000,000001000000110000000100001011101000,010000000100001011101000000000000101,000010000011000100000001110000010010,157,71ms
111000000000001001000000000001011001,000000001000010100100011010000100010,000001110011100000001000001010000000,000110000100000010010100100100000100,125,5431ms
001011110000000011000000000001001000,000000000000101000110001010010010010,010000001101000000001010100000100100,100100000010010100000100001100000001,76,11372ms
101010011001000000000000010001010000,000100000010010101001001000110000000,010001100000001010000010000000001011,000000000100100000110100101000100100,103,7318ms
010110010101000100000000000010000010,101000100000100010001000011000010000,000000000010010001110101000101000000,000001001000001000000010100000101101,119,22049ms
001110011000000000000000001000011100,000000100010001000010001100011100000,010001000101010000001100000100000010,100000000000100111100010010000000001,129,13254ms
000101100000000010010001000100010100,010000010010111000001010000001000000,101000000001000000100100000010101001,000010001100000101000000111000000010,157,2703ms
101010100000000000100111000000100000,010001000001101000001000010001000010,000000001010000001000000100110011100,000100010100010110010000001000000001,139,9555ms
000001111010100100000001000000000010,001010000100011000011010000000001000,110000000000000011100100000010110000,000100000001000000000000111101000101,128,14164ms
111111110000000000000000000000000100,000000000111000000100110000000001011,000000000000111100010000001011010000,000000001000000011001001110100100000,163,2226ms
011101011000100000000000101000000000,100000000101000100110100010000000010,000010100000000011001000000000111001,000000000010011000000011000111000100,71,31735ms
000101001010011000000011000000000001,001010000000100000001000010001110100,100000110001000001100100000010001000,010000000100000110010000101100000010,105,3370ms
000001011011000000000000110001000100,010010000100110000100101000000100000,000000100000001101011000000010011000,101100000000000010000010001100000011,9,1462ms
010110101100001000000001000000010000,001000000000000011001100101100100000,000001010010000000100000010001000111,100000000001110100010010000010001000,118,2593ms
110000111000000100000011000000010000,001000000001000010000000010111000110,000110000100010001101000001000000001,000001000010101000010100100000101000,173,2944ms
110000000000000100010100101100010000,000111000110010000001000000001100000,000000011000100001000011010000001100,001000100001001010100000000010000011,74,517ms
111111100000000000100100000000000000,000000001100100001001000000010101010,000000010010010110000000000101010001,000000000001001000010011111000000100,177,182ms
101001001011000001001000000000000100,010110000100111000000011000000000000,000000110000000100100100011001000001,000000000000000010010000100110111010,113,63905ms
001000110000001011000001110000000000,100000000100000100010100001010101000,000101001011100000000000000100000011,010010000000010000101010000001010100,68,69667ms
110110000000010000100000010000100010,000000000000001111001100000010010001,001001110101000000010000100001000000,000000001010100000000011001100001100,177,303ms
001110000101000100101010000000000000,010000101000000011000000000011000011,100000010010101000000000101100100000,000001000000010000010101010000011100,177,17145ms
111011001100000000000000000100000001,000100100001001000101000001000110000,000000000010110111000001000010001000,000000010000000000010110110001000110,157,657ms
110100011100100010000000000000000100,001001000001000001000010001010001001,000000100010001000000100110100010010,000010000000010100111001000001100000,157,333ms
001000001000000000010100011001101000,010000010000111001000001000010010000,100100000011000110001000100000000100,000011100100000000100010000100000011,79,12305ms
110011010000001001000101000000000000,000000001000000110110000111010000000,000000000100110000001010000001001101,001100100011000000000000000100110010,115,174486ms
101100000100000001011100000000000100,000000000011111000000000011101000000,010011110000000100000000000010100001,000000001000000010100011100000011010,144,5112ms
110101000100001000100001010000000000,000000110010010010000000000100110001,000010000000100101011010001000000010,001000001001000000000100100011001100,157,19509ms
110111101000010000000000010000000000,000000010101001100000010001000001010,000000000000100010011001000101000101,001000000010000001100100100010110000,149,7169ms
111100101010000000000100000000100000,000010010001010011011000000000000100,000001000100101000100010001001010000,000000000000000100000001110110001011,157,1495ms
101011001001000000000110000000100000,000000010100000001000001000011000111,010100000010100000010000111100000000,000000100000011110101000000000011000,127,1223ms
100100010000011100010001000000000010,010010000111000000000000010110001000,000001101000100010001010000000100001,001000000000000001100100101001010100,76,7467ms
000100110010101010000100000000000100,100010000000000100111001100000010000,001001000101010000000000001101001000,010000001000000001000010010010100011,71,42214ms
111111000001000000001000000100000000,000000100010000010010000111010001000,000000000100010100100010000001110100,000000011000101001000101000000000011,177,103ms
100010010000000100010000000001101001,001100001100100001000010011000000000,010000000000011010100100000100010010,000001100011000000001001100010000100,113,7690ms
100001001000110010000100001000000100,010000010000001000001001000011001010,001000100010000101100000110000100000,000110000101000000010010000100010001,93,9733ms
010001000100000001000000100110100100,100000000010001110000011010001000000,000000101001100000101100000000010010,001110010000010000010000001000001001,70,4420ms
011010010000100010100000000001010000,000001001000000000011001010010001100,000000100110001101000100001000000010,100100000001010000000010100100100001,77,20865ms
010111011100000000100000010000000000,000000100000010010011100000000110100,001000000000000001000001001110001011,100000000011101100000010100001000000,132,5461ms
011111101000000010000001000000000000,000000010000011001001010011100000000,000000000100100000110100000011001001,100000000011000100000000100000110110,137,22023ms
001111001000101000000010100000000000,100000000000010000001000001011111000,000000100101000100010000010100000110,010000010010000011100101000000000001,89,57781ms
010010011000100100000000001000001100,001001000100011000100101100000000000,100100100011000010010000000001000010,000000000000000001001010010110110001,123,92884ms
110101100000010000000100001000000001,001000001000000001110000110010010000,000010000000101100001000000001101010,000000010111000010000011000100000100,86,16831ms
011100000100010000010000000100100010,100000000000101011000010010000010001,000000011010000000001101101000001000,000011100001000100100000000011000100,84,5271ms
000000000011001000000100011110100000,001101000100000000000010000001011100,110000001000010011000001100000000010,000010110000100100111000000000000001,74,8969ms
001110110010000000000011000000000010,010000001000001001000000110101000001,100000000001010100001000001000111000,000001000100100010110100000010000100,128,10758ms
111000011010000010000100000010000000,000000000100010100011010000001110000,000000000000001001100001101000000111,000111100001100000000000010100001000,100,16625ms
010010001000100110000000000000010011,100000010010001000110000001100100000,001100100100000000000010100010001100,000001000001010001001101010001000000,96,20380ms
101110100001000000010100000001000000,000000001010110000001000001000101001,010000000100001011000001000010000110,000001010000000100100010110100010000,161,1563ms
000000111000000000000100101101001000,011010000000111000001001000000000100,000000000100000011010010000010100011,100101000011000100100000010000010000,32,10353ms
010011010001010001000100000000100000,000000001010000000000001100101011100,100000000100000100110010000010000011,001100100000101010001000011000000000,146,36528ms
111001000000100000000000010000111000,000000001100000000000110001101000101,000100010000001011010000100010000010,000010100011010100101001000000000000,102,29493ms
011111000000000000000000000101001010,100000011010100100000001100000000001,000000100101010001000010010000010100,000000000000001010111100001010100000,130,9650ms
001101011001000000100000101000000000,000010100000001100000101000110000100,110000000110110010000010000000010000,000000000000000001011000010001101011,157,741ms
011010011001100000000000000000100001,000000100000000010001100000110011100,000100000110000100100011001001000000,100001000000011001010000110000000010,104,15843ms
110000010001010000000010100011000000,000001101000000100100000000000110011,001010000010001011000001000100001000,000100000100100000011100011000000100,119,2240ms
101111001000001000100000000000000010,000000100001000001001010011001000001,010000010010010100000000000110100100,000000000100100010010101100000011000,177,141ms
110011110000000000000000010001000001,000000000000101110000100101000001100,000100001011010000111000000000010000,001000000100000001000011000110100010,157,332ms
111010101000000000100000000000001100,000000010100010101010000000001100010,000000000001100010000000011110010001,000101000010001000001111100000000000,157,2051ms
000011100001000000010000010000111000,010000010100101000000110000100000001,101100001000000101001000100010000000,000000000010010010100001001001000110,97,4884ms
010111001000010000000000000100010100,000000000011001100100010110001000000,100000100000100001010001001000001010,001000010100000010001100000010100001,148,5591ms
111011111000000000000000000000000100,000000000010010010101100000011100000,000000000000100001000010101100011010,000100000101001100010001010000000001,157,137ms
011101111000000000011000000000000000,000000000000001100000101100011000110,100010000110000010000010010100001000,000000000001110001100000001000110001,157,141ms
011110011000000000000101000000000010,000000100100100110100000001001000100,000000000011010000010000010100111000,100001000000001001001010100010000001,120,13890ms
110111100000000000000010001000000001,000000000011110110000000000001101000,000000010000001001000000110010010110,001000001100000000111101000100000000,124,5266ms
100111111000000000000000000000100100,011000000010000010101000100010000001,000000000000010100000100010101011010,000000000101101001010011001000000000,152,10162ms
010101111010010000000000100000000000,000000000101000011010001000000101100,001000000000100100100010000110010001,100010000000001000001100011001000010,89,20026ms
100100011000110010000000000110000000,000000000000000001001110100001001110,010011100010001100000000010000010000,001000000101000000110001001000100001,154,633ms
110011001000000000010000001000011000,000100000000101100000101000011100000,001000110011000001000000010100000001,000000000100010010101010100000000110,157,433ms
010100001100000100000100011100000000,000000010010000010110000100010010001,101000000000110001001010000000100100,000011100001001000000001000001001010,139,2983ms
000110110100000011010000000000100000,100000000001011100000000010001000011,000001001010100000100011100000000100,011000000000000000001100001110011000,76,40670ms
010000011000001000010100010001001000,100100000001000100000000001100110010,000010100100010011000010100000000001,001001000010100000101001000010000100,39,6474ms
010110111000000000000000000010010100,001001000001001001010100010000000001,000000000010000010100010000101101010,100000000100110100001001101000000000,118,171921ms
000011011010000000010001010000010000,000000000100011110000010000101001000,010100000001000001101000001010100000,101000100000100000000100100000000111,58,8112ms
111001010000000000000110000000100001,000000001010000001101000010010010100,000110100101000100010001000000000010,000000000000111010000000101101001000,177,1181ms
011100100000010001000000110000000010,000000001010000100000000000111011100,000011010000100000110011000000000001,100000000101001010001100001000100000,90,87998ms
011100111000000001010000100000000000,000000000110100100100000000011011000,000001000001010010000101000100000110,100010000000001000001010011000100001,81,29093ms
101010101100001000000000000001100000,000100010010010000100000111010000000,000000000001100011010001000100011000,010001000000000100001110000000000111,139,8015ms
101101111000000000001010000000000000,000000000101000100010000100000111001,010010000000000000100101010101000010,000000000010111011000000001010000100,157,55ms
010000010010000000001100011110000000,100010001000001110010011000000000000,000100100001100000000000100001011001,001001000100010001100000000000100110,29,9696ms
110101010000000010001000001000100000,001000000010010101000100100001010000,000010001101000000010001010000000011,000000100000101000100010000110001100,157,487ms
101110111000000000000100000000010000,010000000000010000010010011010100001,000000000110000101101001100000000100,000001000001101010000000000101001010,177,5345ms
111001011000010000000011000000000000,000010000101000000110000110010001000,000100000010100100001000001100010001,000000100000001011000100000001100110,136,2845ms
011101110001101000000000000000000000,000000000000000011010010011100001010,100000001010000100101001000001000100,000010000100010000000100100010110001,148,1102ms
111110010000000010001000100000000000,000000001010100001000010000010100110,000000100001001000100001011100001000,000001000100010100010100000001010001,177,534ms
101001111000001000000001100000000000,000100000010010000100110010010100000,000010000001100000011000000101010100,010000000100000111000000001000001011,122,1577ms
110010000101000100000100000000110000,000001000000001010000010110100000101,000100100010010000010001000011000010,001000011000100001101000001000001000,120,1673ms
111010100100000000100000000000110000,000001000000000101000110001100001010,000100011000011000000001100010000001,000000000011100010011000010001000100,141,224ms
010010000010000000000000000100111110,000100101000110110000001000000000001,000001000001001001100100110001000000,101000010100000000011010001010000000,50,38864ms
100100111000000000000000010000010110,010000000000000110101001000001100001,001000000101001001000010101010000000,000011000010110000010100000100001000,106,4098ms
100001100000000100101000001000001010,001000000000001011010100010000110000,010010001011000000000010100010000001,000100010100110000000001000101000100,126,2542ms
110111000000001100010000000000000100,000000100001000000000101001101100001,001000011110010000000000100010001000,000000000000100011101010010000010010,162,2529ms
000111111000000000001010000000001000,000000000000110001000000101000100111,010000000100001000110000010111000000,101000000011000110000101000000010000,120,2225ms
011010100000000001001000010000000110,000001001110100000000011001001000000,000000010001001010010100000010001001,100100000000010100100000100100110000,44,3961ms
111100100110001000000000000000100000,000001001001100001101000100000001000,000000000000000010000011011100010101,000010010000010100010100000011000010,157,1913ms
001001001000001010001000000001000101,010110100001100000000000000110001000,000000000010000101000110011000100010,100000010100010000110001100000010000,0,2721ms
010110011000000010000100110000000000,000000100000000000111000001110001001,100001000100100100000001000000010110,001000000011011001000010000001100000,157,17523ms
100001111000101000000000010000100000,010010000100010000000011001000000011,000100000000000110111000100100000100,001000000011000001000100000011011000,133,948ms
101011110100001100000000000000000000,000000001010100001100000010001001100,010000000001000010001011000110010000,000100000000010000010100101000100011,157,225ms
011100101000001000010001000100000000,100000000010000011000010100000100011,000001000101000100101000000001010100,000010010000110000000100011010001000,120,1070ms
001101001000000001101000000000100100,000000110100010010000001000001000011,000000000001100100010000101010011000,110010000010001000000110010100000000,54,8574ms
101101110001000000010000100000000000,000000000000100100001000011101100001,010010000010001010100111000000000000,000000001100010001000000000010011110,157,3599ms
010000100110000101010000000010100000,101000010000000000000111100000000011,000001001000001010001000001001001100,000110000001110000100000010100010000,29,2011ms
111100110000110000000000000001000000,000011000001000001010010010000100001,000000001010001000001000100100011100,000000000100000110100101001010000010,152,2899ms
101010111000010001100000000000000000,000000000110001010010100110000000100,010000000000000100001000001100101011,000101000001100000000011000011010000,144,2722ms
110101001000000000000011100100000000,000000000110100001101000010000001100,000000100000001100000000000011110011,001010010001010010010100001000000000,114,108725ms
010110000000100000001110000100000010,000000110010000001100000010010100001,001001000000011000010001101001000000,100000001101000110000000000000011100,95,14896ms
000110000000001101000011100001000000,100000110000100010100000001000010010,001001000100010000011000000000001101,010000001011000000000100010110100000,36,882ms
000011000000010100001001000010010010,100000000110101000100010010000000001,011100100000000001000000100001001100,000000011001000010010100001100100000,70,7420ms
011111110000100000000000000010000000,000000000000000101000111101001000010,000000000001010010101000010000011001,100000001110001000010000000100100100,105,63584ms
000111010000000010100100000000101000,000000100000110001001000101100000001,001000001100001100000011010000000010,110000000011000000010000000011010100,84,5893ms
000000101100100000101010000100010000,000100000010011100000001010000000011,100000010001000010010100001000101000,011011000000000001000000100011000100,89,2195ms
110100000000000010100010100101000000,000001000010001000000000011010001011,000000101000110100000101000000110000,001010010101000001011000000000000100,116,1483ms
000110001000000001001001100101000000,101000000011010010010100001000000000,000000000000100100100010000010010111,010001110100001000000000010000101000,47,13442ms
100000101010000010001001000000000011,001011000101010101000010000000000000,000000010000000000110000111011000100,010100000000101000000100000100111000,77,53771ms
101111111000000000000000001000000000,010000000111000000000000110000101100,000000000000100010011000000011010011,000000000000011101100111000100000000,166,2974ms
101001110010000000100000010000000010,000010000000000010011110000000110001,010100001001101001000000001000000100,000000000100010100000001100111001000,157,1986ms
010000110000110000011000001100000000,001001000000001000000100000011101010,000010000101000010100000110000010001,100100001010000101000011000000000100,84,24994ms
111010011000100000000001000000000010,000000000010001010001000000110010101,000000000100000001110000111000101000,000101100001010100000110000001000000,157,5053ms
001100001000000101010010000001000100,000001000100000010100101010100100000,110000110000011000001000001000001000,000010000011100000000000100010010011,118,3985ms
010100010000000010001000010000001101,100010000100110100010000100100000000,001000000001001001000110000011010000,000001101010000000100001001000100010,38,1897ms
100111010000011000000000010000000001,010000000011000001100100000010100100,001000000000100100001000100001011010,000000101100000010010011001100000000,113,5831ms
010110100000000001001000010000010010,001000000000001010010000101011001000,100000000000010100000111000000100101,000001011111100000100000000100000000,138,5862ms
100000000011001001000001001010100000,001000001000000100001010010000010101,000101010100110000000000000101000010,010010100000000010110100100000001000,103,35615ms
010000001100010001000000000001101010,001010100010000000011000001000010100,100101000000100100100001110000000000,000000010001001010000110000110000001,139,11124ms
001111100000000001000000000001000011,110000000011001000000100010010001000,000000010000010000101010101100000100,000000001100100110010001000000110000,108,7374ms
001010111000000010010000001010000000,010000000101100000001010000100101000,100100000000010000100100000000010111,000001000010001101000001110001000000,127,1379ms
011110111100000000000001000000000000,100000000000011010000110000000101001,000001000011000100000000011110000010,000000000000100001111000100001010100,116,40178ms
101110000000000010010100010000100000,000000101001000000100000000111001100,010001000010101100000001100000000010,000000010100010001001010001000010001,138,9950ms
010101100000010000000010100000001100,000000001100000000111001010000000011,100000010011001110000000000110000000,001010000000100001000100001001110000,157,133ms
000110111000000000010000000001010001,001001000110000111001001000000000000,110000000000001000100110000100001010,000000000001110000000000111010100100,177,5908ms
000010101010000001100000101100000000,100000000001011000010101010000000100,001101010000000010000000000010011010,010000000100100100001010000001100001,92,34086ms
110110100000000000010010100001000000,000000010100000110000100000100100011,000001000010100000100001001000011100,001000001001011001001000010010000000,177,2316ms
101110101000000001000010000000000100,000000010000000010100100011100000011,000001000010010100000001100000111000,010000000101101000011000000011000000,126,2137ms
100110000001000000000110000110000001,001000010010011001000000000000101100,010000001100000000011000001001010010,000001100000100110100001110000000000,177,69161ms
101101100000001000000100100010000000,010000000001000111000000011000100001,000000001100010000010010000100011100,000010010010100000101001000001000010,157,303ms
100010111000001101000000010000000000,001001000000010010000000101110001000,010100000111000000000001000001010100,000000000000100000111110000000100011,147,1477ms
000111000000000001100000001000100011,000000001110001100000111000000010000,101000100000000000011000010110001000,010000010001110010000000100001000100,160,3989ms
001011101010010100100000000000000000,000000010000000000000010100111000111,110000000101000010001000001000011000,000100000000101001010101010000100000,157,935ms
000111100100000010010001000010000000,010000000000100001100100000101001010,000000001011010000000000111000110000,101000010000001100001010000000000101,64,2688ms
101111000000000000100000010100000001,010000001000000001001001001001010100,000000000001111110000110000010000000,000000110110000000010000100000101010,155,1580ms
100001000001010000000001001000010110,010000011010001000010000000100100001,001000100100100011001000010001000000,000110000000000100100110100010001000,81,10827ms
001001110100100100000000001000001000,010010000001010010001001000110000000,100100001000000000000110100001010100,000000000010001001110000010000100011,130,11635ms
101100101000000010000000001000000101,010010000001000101000000000001110010,000000000100000000111111010000001000,000001010010111000000000100110000000,129,50098ms
100111110000001000000100000001000000,000000000011100001001000001010000110,011000001100010000010000000100100001,000000000000000110100011110000011000,177,69ms
100000100000101001110000000100001000,010001011000000110000000100000100100,000110000010000000001001010010000011,001000000101010000000110001001010000,108,816ms
010101110000010001000000000010000010,000000000101000000100001100101011000,001000001000101000010010010000000101,100010000010000110001100001000100000,59,13084ms
110000001001100000000001000010010010,000010000000010000001010111000000101,001100100100000100010100000000101000,000001010010001011100000000101000000,144,626ms
100111101000001010000000000000000100,010000010000000000100010001010110010,001000000100000101001101010001000000,000000000011110000010000100100001001,136,35357ms
000001010100000100001100010000001001,000000101011000001110000000001000100,010100000000101000000000101010010010,101010000000010010000011000100100000,23,63ms
110001101000000010000001100000100000,000000000000000100000010010111001110,001010000000111000011100000000010000,000100010111000001100000001000000001,123,17708ms
110100100000000000100001000000011010,000000000111010000000110000011100000,000000010000000110010000101100000101,001011001000101001001000010000000000,116,19107ms
011110001010000000100000001100000000,000000000000001100011100000001001101,100000010001100011000000010010100000,000001100100010000000011100000010010,177,189ms
110010010000000000111001000000100000,001101000111100000000100000000000100,000000000000000110000010101110011000,000000101000011001000000010001000011,146,4583ms
010101101001001100000001000000000000,100010010000000000101000111001000000,001000000000110000010110000000010110,000000000110000011000000000110101001,75,382311ms
110001000001010000000000000010001101,001000010110000010100010000001010000,000010100000101000001001011000000010,000100001000000101010100100100100000,101,10411ms
010011011000000000000101000001000001,100000000100101001000000010000011100,000100100011000010110000100000100000,001000000000010100001010001110000010,89,12806ms
011010101000100000010000000010000001,100000000001001010000010100000001110,000101000110000000000101001100010000,000000010000010101101000010001100000,96,4913ms
011111010000000000000100001000000010,000000001001101101000000010000110000,000000100000010010011010000101001000,100000000110000000100001100010000101,122,17405ms
011000110100010010001100000000000000,000000001011000001100010100000110000,000010000000100100010000001011000110,100101000000001000000001010100001001,79,15139ms
101101010011000100001000000000000000,000000000100011010000000111000000110,010010001000000000110110000100000001,000000100000100001000001000011111000,157,422ms
110000101100000000001100001010000000,000001010000000000110001000000110011,000110000000100100000000110101000100,001000000011011011000010000000001000,156,2923ms
100000111000110000100000000001100000,010100000000001111010000010000000001,001010000011000000000000101100010010,000001000100000000001111000010001100,120,596ms
010011100000001000010100000000011000,000100001000000101000001010101100000,000000010101010000100010101000000001,101000000010100010001000000010000110,88,3355ms
011110010010000000000010000000011000,000000001101011000000000000011100010,000001000000100001101001010100000100,100000100000000110010100101000000001,109,47514ms
100000110000000010000010100101100000,001111001000000000000100000010010100,000000000010101001001001010000001001,010000000101010100110000001000000010,49,24435ms
001110100000000000000000011110000010,100000010101010100000000000001100001,010000001000100001000101100000010100,000001000010001010111010000000001000,105,36914ms
001010000101100001000100010000100000,100100100000010000100001100100000001,010001000000000000010000001010011110,000000011010001110001010000001000000,70,61091ms
101110110100000000000000101000000000,010001000000100000110000000101000110,000000000011000110000011000010110000,000000001000011001001100010000001001,140,6269ms
001000100000100111000000010000011000,100011011101010000100000000000000000,000000000000001000010111001110000100,010100000010000000001000100001100011,0,591ms
000101010000101100000100010000000100,010010101000000010010010000100100000,001000000010000001001001000011011000,100000000101010000100000101000000011,0,4016ms
111111111000000000000000000000000000,000000000000011100011000100000010110,000000000001100001000100010010101001,000000000110000010100011001101000000,177,83ms
000100011011000100000010000000000101,110010000000100010101000000101000000,000001000100010000000101111000100000,001000100000001001010000000010011010,13,2757ms
110011011100000000000000010000000001,000100000000010000001011000000110110,001000100010100000100100100001001000,000000000001001111010000001110000000,157,258ms
100101111000000000100000010000000001,011010000001000011000001000000100100,000000000000111000010100101100000010,000000000110000100001010000011011000,111,35013ms
001010110010000000010100000000100100,110001000100000001000011100000000010,000100001001100100100000011000000001,000000000000011010001000000111011000,61,30835ms
111011110000010010000000000000000000,000000001100001101001000011000010000,000000000011100000110011000010000010,000100000000000000000100100101101101,137,13922ms
100011100000000010000100100010000010,010000010000110100001001001000001000,001100000001000000100010000001100101,000000001110001001010000010100010000,115,7214ms
000011101000000100011000100000000100,000100000110110000000001010000001001,100000000000001001100100000101100010,011000010001000010000010001010010000,117,2719ms
011001000000000010100010000001011000,000100000100010100011000010000000110,000010001010000001000001001110100000,100000110001101000000100100000000001,90,2709ms
100101100000010100100000000000100010,000000000101100000001011010000000101,000000010010001001010000000111001000,011010001000000010000100101000010000,96,12120ms
101110010010000100000000000000100010,000000000001111010100000100000011000,000001101100000000011100001100000000,010000000000000001000011010011000101,177,291ms
011010110000001000000010000001001000,000000000100010001110000001110000100,100001000011100000001001000000010001,000100001000000110000100110000100010,144,4053ms
001001101000000010000000101000001001,000010000101001101100000000001000010,100000010010010000010110000000100100,010100000000100000001001010110010000,96,5548ms
010001010101000000000001001000110000,001010100010001100000000110000000010,100100000000010010010010000001000101,000000001000100001101100000110001000,95,3765ms
111000111000000000000011000001000000,000011000010000000101000011000010001,000000000101110110010100100000000000,000100000000001001000000000110101110,135,108785ms
111100111000000000000000000010100000,000000000000110011010001101000000001,000010000011001100001010000000010010,000001000100000000100100010101001100,144,214ms
011011000100010010000001000000010000,100000101000000100000000100001000111,000100010010100000011000011010000000,000000000001001001100110000100101000,78,32563ms
010110110101000000001000000001000000,100000000010010010010000000000011011,000000000000001100100111010010100000,001001001000100001000000101100000100,97,17256ms
101100011000110000000000000000001001,000001100000000001100000111010000010,000010000001001010000111000001100000,010000000110000100011000000100010100,92,3246ms
010111100100010010000000100000000000,000000010000100101000010000101011000,100000000001001000100100001010000110,001000001010000000011001010000100001,177,6073ms
110111111000010000000000000000000000,001000000001100010000001100101100000,000000000010001000110100000010001011,000000000100000101001010011000010100,153,2365ms
100100001000000000000001001110010010,010000010100000000000110100001100001,001000000010101110101000000000001000,000011100001010001010000010000000100,112,20252ms
011101001000000101000000010000010000,000000100010011000100000000001001110,000000000001100000010001101110000001,100010010100000010001110000000100000,74,15087ms
010000111010100001101000000000000000,001001000000000000000000100100101111,100100000001011100000011010000000000,000010000100000010010100001011010000,135,37632ms
001101101101000000000100000000010000,000000010000010100101010010010000001,100000000010101010010001000001001000,010010000000000001000000101100100110,139,6186ms
010100101000000000000001000001011001,000001000101010100000110001000100000,101000000000000011001000110010000100,000010010010101000110000000100000010,144,6796ms
101010010001001100000000001000000010,010101000000000000000010100110001001,000000101000100000001101010001100000,000000000110010011110000000000010100,59,53286ms
110011111000100000000000000000000010,000000000101000100001001000011001001,000100000000010010000100101100110000,001000000010001001110010010000000100,157,3138ms
111001100000000001000100000000000110,000000010101000010100001010100100000,000010001000000100011000000010011001,000100000010111000000010101001000000,139,1460ms
000000001011000100000000011011000010,000000100000111011000000000000011100,110001000100000000111000100000100000,001110010000000000000111000100000001,98,41463ms
000001000000011100100010000001000110,000110100000000010000100001110100000,010000011101000000000001010000011000,101000000010100001011000100000000001,38,2202ms
111110111000000000000000000000000001,000001000000000000101101001000001110,000000000000010001010010110011100000,000000000111101110000000000100010000,166,1846ms
001111000001001010001010000000000000,000000011100010100000000101000101000,010000000010100001110000010010010000,100000100000000000000101000101000111,118,19242ms
101001010000000001000011000000010001,000100000101010010010100101000000000,010000000010100000101000010100101000,000010101000001100000000000011000110,140,56439ms
111100001000000000110000000000100010,000010010001001000000000011001000101,000001000100110010001000100000011000,000000100010000101000111000110000000,137,713ms
011000100001000001000000000011101000,000100001100111100000010000000010000,100010000000000000011001001100000101,000001010010000010100100110000000010,157,20964ms
001100011000010000100000111000000000,110000100000000010001110000000011000,000011000000101001000001000011000010,000000000111000100010000000100100101,57,40490ms
100011110000010000100000100000100000,000000000100000110001011000100001100,010100000011101000010100000000010000,001000001000000001000000011011000011,120,5139ms
110010110001000000010100000010000000,000100000000000011101000001001110000,000001001110000000000010000100001110,001000000000111100000001110000000001,157,178ms
001001011000010000000010100000010001,000110100001100000100001000101000000,000000000100000001011000001010100110,110000000010001110000100010000001000,52,3518ms
011001101000100000001000001000000010,000100010100010000100000000101110000,100000000001001110000110100000001000,000010000010000001010001010010000101,118,12016ms
010011110000001000000000000001001010,000100001100110100110000000100000000,001000000011000010000010000010110001,100000000000000001001101111000000100,93,16464ms
100000001000000001000000110001101100,010011010100000100001001000100000000,001000000000011010010100001010000010,000100100011100000100010000000010001,46,3018ms
011001111000000000001000100100000000,000000000000101110010100001000000011,000010000100010000100000000011101100,100100000011000001000011010000010000,113,4853ms
100011111000000000100000000000100001,001000000000010110010000010110000010,010000000001101000000001001001010100,000100000110000001001110100000001000,130,2387ms
111010110000000000000100000000001010,000000001011101001001000001010000000,000001000000000010100011100101000001,000100000100010100010000010000110100,157,340ms
001111011000000000100010000000010000,010000000110001000001100000110000100,000000100001100010010001011000001000,100000000000010101000000100001100011,92,17613ms
010111010001000000000000010100100000,000000000010110011000011100001000000,101000101000000000110100000000000110,000000000100001100001000001010011001,177,371ms
000000011010100000000101101000000001,010011000000000110000000000010010110,100100000100010001100000000001101000,001000100001001000011010010100000000,79,40488ms
000000100001111100010100000000000001,001111001000000011001000000010000000,100000010000000000000011001001011010,010000000110000000100000110100100100,48,11121ms
010010111100000110001000000000000000,001100000001010000100010000000011100,100000000010001001010101001100000000,000001000000100000000000110011100011,157,1873ms
000011001101000101000000000110000000,010000000010110000010010000000101001,100000100000001010100001100001000100,001100010000000000001100011000010010,112,3413ms
010100111000000100000000001000010100,000010000110001000011100000000100001,100001000001000011100000000110001000,001000000000110000000011110001000010,157,126ms
010011000010000011010001000000001000,001100000101100100100010000000000001,100000001000001000000000011011000110,000000110000010000001100100100110000,95,37204ms
111110001000101000000000000000000001,000000000110010100110101000000010000,000000000001000011000010010011000110,000001110000000000001000101100101000,144,90720ms
100101101000011000000011000000000000,000000000011000000010100010101001010,011000000000000011100000001000010101,000010010100100100001000100010100000,144,835ms
011011100110000000000000000101000000,000000011000100001101001100000000001,100100000000001010000110000000100110,000000000001010100010000011010011000,157,97ms
110101101000001000000000000000001001,000000000011000110000000110110000010,000010000100100001110011001000000000,001000010000010000001100000001110100,157,2661ms
111110110000000000000000000000110000,000000000101101000011000011100000000,000000001000000101100111000000000011,000001000010010010000000100011001100,137,1570ms
010010101100000000000000001100001010,100001000001010000100110010000000100,000100000010001110001000100010000001,001000010000100001010001000001110000,93,3742ms
101001000011001000010000100000100000,010100000000100001001001001101000000,000000000000010100100100010000011101,000010111100000010000010000010000010,90,6265ms
111001111000000000000100000000000100,000010000000000110101000001101100000,000000000111100000000011010000011000,000100000000011001010000100010000011,133,2783ms
111100010000000000001000000000001011,000000001111000100000110001001000000,000000000000101000100000110100110100,000011100000010011010001000010000000,157,3312ms
000100000110100000010100010000001010,101000110000000000000011000001010001,010001000000010110101000000010000100,000010001001001001000000101100100000,51,2308ms
011001001010100001011000000000000000,000000000100001110000001100000100110,100010010000000000100000010011010001,000100100001010000000110001100001000,157,515ms
100001101010010000001000000100000010,010000000001101100010100000001000100,000100010000000011000001001010100001,001010000100000000100010110000011000,115,596ms
010001001100000000100000010011001000,101000000011001000010010000000000110,000100000000000110001000100100110001,000010110000110001000101001000000000,78,4834ms
101011010000000011000100000000100000,000100000000100000111001101000000001,000000101010000100000010000110010100,010000000101011000000000010001001010,136,11648ms
111010010100000000100010000000000010,000001000000001101000100100001010001,000000000011100000001001001010001100,000100101000010010010000010100100000,133,6221ms
001010001101000100001010100000000000,000000010010010000100101000100001010,000100100000101001000000001010100001,110001000000000010010000010001010100,43,34291ms
111000001000010000000001010001100000,000001000010101010000110000010000010,000100110100000000110000100100000100,000010000001000101001000001000011001,157,24ms
101111100000000000000000101000100000,000000000101010001010011000000010100,010000000000100010100100000011000011,000000011010001100001000010100001000,177,394ms
101101001000000000000100000010100001,000000000001101001011010110000000000,000010110000010000000001000101010100,010000000110000110100000001000001010,157,2055ms
001101111000100000000000010000001000,100000000000010100001100000010100011,000000000011001000100010101100010000,010010000100000011010001000001000100,82,19623ms
001100100010010000000001000100100001,100011000001000000010110000010001000,010000011000000011100000100001000010,000000000100101100001000011000010100,76,23209ms
100001011001100010000000010001000000,000010100110001001100000100000000100,001100000000000100011000001110000001,010000000000010000000111000000111010,120,9154ms
100011101000000000001000100010000010,001100000001100001010011000001000000,010000010110001000100000000100110000,000000000000010110000100011000001101,157,1545ms
010001111000000100010000010000100000,001000000010000000001011001001010100,000010000000111001100000100100001000,100100000101000010000100000010000011,87,8866ms
110010011001000001100000000000000010,000001000010100000010000000011101001,000100100000010110000010000100010100,001000000100001000001101111000000000,150,8855ms
001100110000001000000011000001000100,000011000001000010000000101000001011,100000000110110001000000010110000000,010000001000000100111100000000110000,129,1989ms
101100001000000100000000000010100101,000000000011111000010000011000010000,010001010100000000000011100101000000,000010100000000011101100000000001010,157,148ms
100010100000000000000011100001101000,010101001100000010000100001010000000,001000000000101100011000010000000110,000000010011010001100000000100010001,50,12430ms
011011010000001100000100001000000000,000000001111000010000000000001110100,100000000000010001000010100110000011,000100100000100000111001010000001000,157,70907ms
001110001000010011100000010000000000,000001000000100000010100001011010100,110000000100000100001011000000100001,000000110011001000000000100100001010,171,2377ms
101110011000000100000000100000010000,000001000001100010100010000100101000,010000100010001000010101001000000001,000000000100010001001000010011000110,163,2874ms
000100111001110000000100010000000000,001001000000000000100001000110100011,010010000100000100000010100001011000,100000000010001011011000001000000100,66,80550ms
011001100000000000000010010000100110,100000010011000001000100001010000001,000110000100000010001001000001011000,000000001000111100110000100100000000,91,7079ms
000001100100111000000101000000010000,000000010010000011000000110100000110,100010001001000100100010001001000000,011100000000000000011000000010101001,86,10340ms
111000100100000100100110000000000000,000101000000111000000000000100001101,000010011011000010000001001000100000,000000000000000001011000110011010010,157,28462ms
110011000000000011010100000000000100,000000100111101000100010000001000000,000100010000000100000000101110010001,001000001000010000001001010000101010,126,14721ms
111101101100000000001000000000000000,000010000011101000100000000011001000,000000010000010100000001110000100101,000000000000000011010110001100010010,133,423ms
111111010000010000010000000000000000,000000000000000011101100111000000100,000000001101100100000000000001011010,000000100010001000000011000110100001,177,248ms
111101100000010101000000000000000000,000000000100001000010100100001100110,000010010001100000101001000010001000,000000001010000010000010011100010001,140,1118ms
011110000001010000000000000010100001,000000100000100100011000010001001100,000001001000001000100001001100010010,100000010110000011000110100000000000,126,14999ms
100001110001000001110001000000000000,000000001100101100000000000001001101,011110000000010010000000001110000000,000000000010000000001110110000110010,177,3837ms
011011101000000001000000000010001000,000100000001100110100000000000100011,100000000100001000011100000001010100,000000010010010000000011111100000000,157,457ms
110101011001000000100000000010000000,000010000010000000010100001000111001,001000000100111000000011100000000010,000000100000000111001000010101000100,157,141ms
000010011001000000100000010000011001,001001000000111000000000101010000010,010100100010000011001000000000100100,100000000100000100010111000101000000,68,1232ms
100011010001101000000010000010000000,000000000000010111001101000000000101,001000001010000000100000110000110010,010100100100000000010000001101001000,102,6068ms
001100101010000000000001001000100010,000000000101001000111000000100001100,010011000000000011000000100011000001,100000010000110100000110010000010000,52,5665ms
001011010000000010100000010000100001,110100101000000000011001000010000000,000000000010100001000110001101000010,000000000101011100000000100000011100,57,25053ms
011100001110001000000000000100000010,000000000001000100011001001000011100,100000110000100000000010110000100001,000011000000010011100100000011000000,157,255ms
011101010000010000010010010000000000,000010100010000001001000100000011010,100000001001001110100000001000100000,000000000100100000000101000111000101,157,1625ms
100110001001000000001000000010010010,000000000000110101010100011000000001,001000100110000000100010000101100000,010001010000001010000001100000001100,177,76ms
100111000011010000000000100000001000,000000000000001101000101011100000001,001000000100000010110000000000110110,010000111000100000001010000011000000,159,476ms
100100000001001001001101100000000000,000000011100000000110000000100010110,001011100000110000000000010001100000,010000000010000110000010001010001001,102,3894ms
001010010000110100000010000000101000,010100000000000010010100100110000001,100000100010000001000001000001010110,000001001101001000101000011000000000,67,25670ms
010101000000000100100001001000010010,000000011010001000001000100011100000,001000000100100001010110010000000001,100010100001010010000000000100001100,80,20612ms
101010000100010000100010000001010000,010101000000100000010001000010100001,000000001000001010000100110000001110,000000110011000101001000001100000000,62,1737ms
110111001000000000000100100000000001,000000100111010000101001010000000000,001000010000001001000010000100110100,000000000000100110010000001011001010,173,4616ms
001011000000100100000100000100011000,100000000010000001101010000010100100,000100111100000010000000111000000000,010000000001011000010001000001000011,72,12665ms
100110111000000001010000000000000010,010000000110001100000001011000100000,001000000001110000100100100100001000,000001000000000010001010000011010101,177,1182ms
010110001101000000001000100000000001,100000000000000001100101011100100000,001000110000000110000010000010000110,000001000010111000010000000001011000,93,16469ms
111011100000000000000001010010000000,000000010001011100010000000001100001,000100000110100000101000001000001010,000000001000000011000110100100010100,157,139ms
011000011001001000001000010000010000,000000100000010000010000101001101010,100001000010100010000010000110000100,000110000100000101100101000000000001,141,8289ms
110001110000010010000000000010010000,000010000000000000000100111001100101,001000001001001001010001000100001000,000100000110100100101010000000000010,136,5759ms
001100111001000000100000010000000100,000001000000000000001110100110001001,100000000000011101000000001001110000,010010000110100010010001000000000010,109,34370ms
100100101001010001000001000000001000,000011000100001010001110000001000000,001000000000100100100000001110010010,010000010010000000010000110000100101,137,4099ms
