011011111000000000000000000010000100,100000000001000010100000011100010001,000100000010110000000111000001100000,000000000100001101011000100000001010,106,45545ms
011111011000000100010000000000000000,000000000001010010001000011000100101,000000100000100001100011100000010010,100000000110001000000100000111001000,129,23924ms
010100111000001010000000110000000000,001010000000100000100010000110010100,000000000111010101000001000001000001,100001000000000000011100001000101010,64,101332ms
101001011000101000000000000010000100,000010000000010001000110001101000001,000000000101000000101001100000111000,010100100010000110010000010000000010,115,20625ms
110001100010101000000000100000100000,000110001000000011000010000100011000,000000010101010000011000001001000001,001000000000000100100101010010000110,115,8800ms
101100100010100000000000010010010000,000001001000000111000011100000000100,000000010101000000101100000100000011,010010000000011000010000001001101000,157,184ms
111110000000000000000001010010000001,000001100010010101011000000000001000,000000001100000000100010101000110010,000000010001101010000100000101000100,177,406ms
110010111000000100000000011000000000,001001000101100000110001000000100000,000000000010000011000010100100010101,000100000000011000001100000011001010,114,37404ms
000010000101010001100000100010000010,000000011000001010011010000001000001,010101000010100000000100010000010100,101000100000000100000001001100101000,69,2576ms
010001000000001000010011010100010000,000000011010110110000100001000000000,001010100000000001001000100011000100,100100000101000000100000000000101011,70,22453ms
100100101001001100000010000000000100,001000000100000000110001000001101001,010011010000100011000000001010000000,000000000010010000001100110100010010,108,8284ms
011110000010000100000000100001000001,100000000001000000001111001100000010,000000011000000001010000010000111100,000001100100111010100000000010000000,73,11624ms
110010011000000000000100000000100101,001000100001100001110001001000000000,000000000000011000000000010111011010,000101000110000110001010100000000000,157,344030ms
010111000001000000000010001100000001,100000010010110010001000010000010000,001000101000000000010101000010000110,000000000100001101100000100001101000,115,22830ms
011000000001001000001100000101001000,100100101110000100000000000000100010,000001010000110000100010100010010000,000010000000000011010001011000000101,60,1548ms
101111101000000000010000000001000000,010000000010000100000010001100000111,000000000001100001000101100010110000,000000010100011010101000010000001000,136,7971ms
000111010001000000010000000100001001,100000001010101001101001000000000000,010000000100000110000110001001010000,001000100000010000000000110010100110,101,28042ms
110100011000000000000000101000010100,001010000101100100000010000010000010,000000000010001000111100000100100001,000001100000010011000001010001001000,157,917ms
011110111010000000000010000000000000,100000000100111001000000100000000011,000000000000000010000100010111011100,000001000001000100111001001000100000,103,49405ms
001101001100010001000000000000110000,100010000000101000101100000010000100,000000110010000000000010101101000010,010000000001000110010001010000001001,106,854ms
011110100000010101000000000010000000,000001000011100000001001000100010100,100000010100001000000000110001000011,000000001000000010110110001000101000,177,323ms
000011110000000000010000111000001000,110000001100100100000010000001000010,001100000001001000100000000110100001,000000000010010011001101000000010100,94,11577ms
000100000100101000100011100000001000,101001001000010010000000010110000000,000010100010000100010100000000010110,010000010001000001001000001001100001,29,2104ms
000100110000010001010000001101000000,010000001000101100001000100000010010,001000000011000010100011000010001000,100011000100000000000100010000100101,69,1458ms
001000100010100100000111010000000000,000000011100010001100000000000101001,000101000001001000000000100111000010,110010000000000010011000001000010100,38,25617ms
010001111001000010000000100010000000,001000000100001100100110000100001000,000010000010000000001001001001010011,100100000000110001010000010000100100,50,8975ms
101111000000000000010101000000001000,010000010110000010000010010001010000,000000101000000100100000101110000010,000000000001111001001000000000100101,157,3420ms
110011110000000000000100000000101000,000000001110000100101001100010000000,001000000001001000000010001100010101,000100000000110011010000010001000010,157,325ms
110001011000000000000011000100100000,000000000001100110011000010001000010,001000000100001001000100001000010101,000110100010010000100000100010001000,140,2773ms
000101011100011010000000000000001000,001010000010100000010110000100000100,110000100001000000101000000001100010,000000000000000101000001111010010001,157,3387ms
100100001000011100000011000000100000,010001000000000001010100110100001000,001010010101000000001000001000000110,000000100010100010100000000011010001,100,9112ms
001101011100000001100000000010000000,100000000000000000001011111001100000,000010100000001110000100000100011000,010000000011110000010000000000000111,92,3846ms
100011101000000001000000010001100000,011000000000001010000110000000001101,000000000110010100011000100010000010,000100010001100000100001001100010000,128,1441ms
001100101000000100100100001000000100,000011000000011011000000000110010000,110000000010000000001000110001000011,000000010101100000010011000000101000,133,6918ms
001010101000011000000000000000110001,000000010000000001011111100001000000,110100000011100100100000010000000000,000001000100000010000000001110001110,157,7818ms
010000001000000010010100100100010010,100101000100100001100000000000101000,001010110011000000000011000000000100,000000000000011100001000011011000001,81,7728ms
110000100100000000100110000100001000,000010001010101000000000011010010000,001000000001010111010000000001000001,000101010000000000001001100000100110,146,428ms
111101001000010000100000100000000000,000010000010100100000100011000001001,000000000101001001010010000000110100,000000110000000010001001000111000010,157,865ms
100111010000000000000110100100000000,000000000110100001000001010001101000,011000101000000000011000001000000011,000000000001011110100000000010010100,177,970ms
000110010100000010000000100010101000,000001000010110100110000000100010000,100000101000001001000011010000000001,011000000001000000001100001001000110,121,2168ms
001111000010000000000000100010001010,000000101100001010011000000100000100,000000000001100100100000011001100001,110000010000010001000111000000010000,77,11351ms
010011111100000010000100000000000000,000000000011101000100000011100000001,101000000000000100010010100000101100,000100000000010001001001000011010010,157,603ms
110101010001000000000000000000010011,000010100000110000001010010110000000,001000001100000010110100000000100100,000000000010001101000001101001001000,152,1088ms
101101010010100000000000000000100010,000010100001010100100000001100010000,010000000100001000011010010000000101,000000001000000011000101100011001000,141,1473ms
010101100000000000000000011000010011,001010011000111000000000100001000000,100000000111000001001110000000000100,000000000000000110110001000110101000,130,42958ms
010010100101100000000000100001100000,101001000010001100010000000000010100,000100011000000000001101000000001011,000000000000010011100010011110000000,51,7127ms
100101101000001011100000000000000000,000000000010110100011010000000011000,010000000101000000000001011011100000,001010010000000000000100100100000111,136,2740ms
110101011000000110000000000000010000,001010000001001001000000101000100001,000000000100010000101010000010001110,000000100010100000010101010101000000,150,2616ms
011110001000000100100000010000000100,100000110100000000010101001000000010,000000000001000011001000000111010001,000001000010111000000010100000101000,120,27038ms
110101111001000000000000000001000000,000010000100001100000001001010001010,000000000010100011100100000100100001,001000000000010000011010110000010100,157,574ms
011101110000001000000000001000100000,000010001000010100010001000100010001,100000000100000011100010000010000110,000000000011100000001100110001001000,157,1059ms
111100111000000000100000000000001000,000001000100101000000001010100000101,000000000011000011001100100000110000,000010000000010100010010001011000010,142,1022ms
001001011000010100000000010010000010,110000000000100011011001000100000000,000100100010001000000010100001001100,000010000101000000100100001000110001,37,1213ms
111010100101010000000000010000000000,000100000010000101000010001000010011,000001001000101010001001000011000000,000000010000000000110100100100101100,139,6209ms
100000011001100000010000011001000000,000110000000011010000000100100010001,000001000110000100001011000010100000,011000100000000001100100000000001110,78,4649ms
101101111000100000000000000000001000,010010000001000000000101000101000011,000000000110010011000000010010010100,000000000000001100111010101000100000,132,13666ms
011000101000000010000000000010101001,000111000110010100000000011000000000,000000010000001000110111000000000110,100000000001100001001000100101010000,53,114387ms
100010110100010100000001000000001000,011001000010000000010110001010000000,000100000001000011001000010001010100,000000001000101000100000100100100011,81,7330ms
110001101101000000000000000000000011,000100000010001110010000000010101000,000000010000100001101111010000000000,001010000000010000000000101101010100,153,10553ms
001110000000010000010000111000001000,000000000100100010001010000001010011,100001110000001001000101000000100000,010000001011000100100000000110000100,111,32852ms
000101100010000000000010001000100101,000000001100000101110000110100000000,001000000000101010001100000001001010,110010010001010000000001000010010000,7,2262ms
110010101010000010000000000000000011,001001000001000100000100001100101000,000100010000000000111010010000010100,000000000100111001000001100011000000,157,9703ms
111110101000000000000100000000001000,000000000010001100011000100001110000,000000010000010011000001000110000101,000001000101100000100010011000000010,177,584ms
011101000010000010001001000000000100,000000000000101101010000000111000001,100000010100010000100110000000011000,000010101001000000000000111000100010,157,578ms
001010010100010000000001100000000101,100001100000000011110010000000010000,000000001010100100000000010111000010,010100000001001000001100001000101000,65,3763ms
010111010000110000000000001000001000,000000000110000110000011000011000100,100000001000001001111100000000100000,001000100001000000000000110100010011,177,2507ms
100101110000000010100000000000100001,011010000000100000000100000010010110,000000000001010101011001010001000000,000000001110001000000010101100001000,80,25090ms
010100101001001100000000000000011000,100000000000010001000010101011100000,001010010000100010101100000000000100,000001000110000000010001010100000011,79,15721ms
011011110000000000010100000010000000,000100001000000100000010001000110101,100000000110100011001000010000000010,000000000001011000100001100101001000,157,15402ms
010111100000000101000000000001000001,000000001001101000010100000100011000,001000010010000000001001100010000110,100000000100010010100010011000100000,109,12055ms
010101110000100000010000100000010000,001000000000001000100111000000000111,100010001100010001000000010010100000,000000000011000110001000001101001000,146,2765ms
110001000010001000000001000000110001,000100010100100001000000100101000010,001000100000010000000110011010000100,000010001001000110111000000000001000,98,20061ms
010011011000000010010010000000000010,101000000001000000100001100010010001,000100000010110000000000001101001100,000000100100001101001100010000100000,76,18970ms
000000010101011001001010000100000000,001110000000000000000001100010011100,010001001010100100000000010001000001,100000100000000010110100001000100010,47,28690ms
000111100001010001000001000000000100,010000001000001100000000100011000011,000000010100000010101000010000111000,101000000010100000010110001100000000,81,10552ms
100010100000000001000000001011000011,010000000110010010000110000000011000,001000010001001000000001100100100100,000101001000100100111000010000000000,96,34146ms
110101000000000001000110010001000000,000000001000010010010000000010101110,000000010010100000001001001100010001,001010100101001100100000100000000000,102,46525ms
110100100000100000000000001001110000,000011000011000001100000000010001100,001000000000001110010110010000000001,000000011100010000001001100100000010,113,4360ms
100100010000001001000110000000010001,001000000011000010000001011010000100,000001100100000000100000100100101010,010010001000110100011000000001000000,123,1927ms
100110000000010010110000000000001100,000000001010101000000001001100110000,001001110001000000001110000000000001,010000000100000101000000110011000010,145,683ms
101011011000000000010010100000000000,010000000000011100000100001001011000,000000000001100010000000010110100110,000100100110000001101001000000000001,117,16963ms
110000111100000100100010000000000000,001100000000010000001000011100100100,000001000011101001010000000010010000,000010000000000010000101100001001011,157,684ms
110011010000000001000000000010011000,000000000010100000001011011001100000,001000000001011110000100000100000001,000100101100000000110000100000000110,142,1490ms
010101101010000000010000001010000000,000000010100100001000011110000001000,001010000001011000000100000000010110,100000000000000110101000000101100001,72,12143ms
110000011110000000000100010000000100,000010000001001100010000000100101010,001100000000000000000011100011010001,000001100000110011101000001000000000,135,25491ms
101101000000001101010000000010000000,000000110000000000100011001001011000,010010000000000010001100110000000101,000000001111110000000000000100100010,116,36449ms
000101111001010000001000000000000001,000000000010001100100110000010001100,000000000100000010010000111101100000,111010000000100001000001000000010010,59,20730ms
001011101000001000010101000000000000,100000000101010010000010000101001000,010000010010000101001000001000000011,000100000000100000100000110010110100,87,38023ms
010111011000000000100000000000001010,100000100000001101010000110000010000,001000000110000010000001001101000001,000000000001110000001110000010100100,136,12742ms
100111111001000000000000001000000000,011000000010010001000000100100010001,000000000100000000111010000011101000,000000000000101110000101010000000110,161,1947ms
001011001000000101000110000000010000,000000010000110000111001000001000010,010000100100000010000000101010001001,100100000011001000000000010100100100,56,4644ms
000100011000100010000000000010101001,000000000000010000111001111000000100,000000000010000101000110000101010010,111011100101001000000000000000000000,9,38560ms
000011001010000000010101000000000110,001100000000100000001010110000110000,110000010101010100000000000100000001,000000100000001011100000001011001000,157,564ms
111111110000100000000000000000000000,000000000011010000001101110000100000,000000001100000111010010000100000001,000000000000001000100000001011011110,177,70ms
111100001000000000000000100010010100,000010000100000100100010010100001010,000000010001010000011101001000000001,000001100010101011000000000001100000,122,26847ms
101011101000000010000010000000001000,010100010000011000000000100001100001,000000000111100100011000000010010000,000000000000000001100101011100000110,115,33074ms
010011110000000100100010000100000000,100000000011000001001000100010001010,001100001000001000010001010001000001,000000000100110010000100001000110100,109,4077ms
100011110100000000000000000100001100,011000000000010101100110000000000001,000100001000100000011001010000100010,000000000011001010000000101011010000,119,4264ms
000011000010111000000001100000010000,011000011001000000110000001000001000,100100100000000110000000010000100110,000000000100000001001110000111000001,62,13663ms
011011100010000000001000000100000100,000100000001000000100100101011000001,100000010100010000000011010000101000,000000001000101111010000000000010010,157,231ms
101100110000010000100100000001000000,000001000101001101001000010000000010,000000001010000010010000101100011000,010010000000100000000011000010100101,157,4434ms
010001110000100110001000010000000000,000100000100010000000010100001011100,100010000000001000010000001110100010,001000001011000001100101000000000001,124,23472ms
100101100100010000000001000000010100,010000001001000100001010100100000010,001010000010000000100000011011000001,000000010000101011010100000000101000,131,655ms
010000100010010000010000011011000000,001100010101000000001100000000010100,000010000000001100100001100100001001,100001001000100011000010000000100010,58,474ms
111110110000011000000000000000000000,000000001000000000101101000011110000,000001000100000101000010110000001010,000000000011100010010000001100000101,167,5887ms
010101000010010001000100000000101000,000010100000000010010011000101000001,100000001000101000100000001010000110,001000010101000100001000110000010000,140,7443ms
010010010000010110010000101000000000,000001000110000001100010000011100000,101000001000100000000100010100000011,000100100001001000001001000000011100,132,7816ms
100101111001000000000100000000100000,000010000110000000011000101010000001,010000000000001101000000000101001110,001000000000110010100011010000010000,157,1454ms
000001101010010001000101000000010000,010010000100000000001000000110100110,101100000001001110000010000000000001,000000010000100000110000111001001000,96,17567ms
010001011000010000110000010010000000,000010000100100000000001000000110111,101100100001000010001100000001000000,000000000010001101000010101100001000,157,2893ms
101000001100010010000000001001000100,000000000001001000010001110010010010,010110010000100101000100000000100000,000001100010000000101010000100001001,161,7446ms
000101101010100000000100000001000100,000000000001001001010000111010001000,000010000100010010001011000000100001,111000010000000100100000000100010010,33,3892ms
001010100010001000100001001000010000,100100001100000010000000100000001011,000000000000110100011100000111000000,010001010001000001000010010000100100,60,7458ms
011011010000010100100100000000000000,100000001010000000000010100001110100,000100000001000010011001001100000010,000000100100101001000000010010001001,103,11983ms
110111111000000000000000000100000000,000000000101100000000101000010101010,000000000010000111001000111000000001,001000000000011000110010000001010100,177,146ms
000001001011000001010000011001000000,001000000000001000100110100000100101,100100000100100110000001000010010000,010010110000010000001000000100001010,85,12493ms
011000010000100010100000100010000100,100110100000000001000100000001001010,000000000111010100010001000000010001,000001001000001000001010011100100000,64,9736ms
110011100000000001100010000000000010,000100000011001000000000010110100100,001000001000100110001100001000010000,000000010100010000010001100001001001,142,4878ms
000110111000010000000000010100000010,010000000010001000100010001000101001,100000000101000000011101100001000000,001001000000100111000000000010010100,146,10504ms
000010111000100001100000000000011000,101001000001001000001010000000100001,000000000010010110000100101000000110,010100000100000000010001010111000000,17,198ms
011111111000000000000000010000000000,000000000001011100100001000000001110,000000000100100001010110001010000001,100000000010000010001000100101110000,122,63195ms
010110110000000000000010101000000010,000000000010110000011000000111100000,001001000000000001100001010000011001,100000001101001110000100000000000100,111,29908ms
111000010000111000000000001000010000,000101000000000000001000110011001010,000000100011000001000111000000100100,000010001100000110110000000100000001,111,14256ms
111100000000001100000001000010010000,000010010000010010100000001100101000,000001100000100000011110000001000010,000000001111000001000000110000000101,121,2350ms
100111100000000010000001000000000101,000000010010011000010010000000011010,001000001001000101100000010100100000,010000000100100000001100101011000000,158,614ms
010101111001000000100000000000000010,000010000110010000010001010000101000,101000000000001010000010100001010001,000000000000100101001100001110000100,150,1342ms
001110001000100010000010100000000100,010000100100000100100001011100000000,100001010001000000011000000001010010,000000000010011001000100000010101001,120,18518ms
001010000001000101000000001110000010,000001000110000010011101000001000000,110000011000111000000000110000000000,000100100000000000100010000000111101,135,39695ms
110001111000000000100000000000010001,000100000111000001000001010000101000,000000000000001110001000100111000010,001010000000110000010110001000000100,157,1307ms
010110011000000000000010010001000010,000001100100000100111000001000010000,001000000011110010000000000110001000,100000000000001001000101100000100101,119,102704ms
000110100000010000100000101000100100,010000001010001001000100000001000011,001000010101100110001000010000000000,100001000000000000010011000110011000,74,193028ms
110011001000000000000010100001000010,000100100110010000001000000110000001,001000000000100110100101010000001000,000000010001001001010000001000110100,150,5085ms
000110011000001011001000000001000000,011000000001000000000000011010110010,000001100110100100000100100000000001,100000000000010000110011000100001100,60,19263ms
011001000011000000000000101000000011,100010001000010000010101010000001000,000000100100100100001000000111000100,000100010000001011100010000000110000,70,5657ms
110010010010000000010000000000100110,000101001100000001101100000000000001,001000000000111000000000110111000000,000000100001000110000011001000011000,125,4545ms
011001011001000010000010000010000000,100100000100010000010100000000011010,000000000010000000101001010001100101,000010100000101101000000101100000000,85,14730ms
111001100011000000000100001000000000,000100001000111010000000000000110100,000010010100000001111000100000000001,000000000000000100000011010111001010,157,8181ms
001111111001000000000000000010000000,010000000010001010000110000101010000,100000000000000101011000110000100010,000000000100110000100001001000001101,144,7105ms
101110100100000000010010001000000000,000000000000000000100001100011110011,000001000011111101000000000000001000,010000011000000010001100010100000100,136,28629ms
010000000001001001000100100000111000,100100001010010000010001000110000000,001011010000100010001010001000000000,000000100100000100100000010001000111,57,5477ms
011100110000100000100100000010000000,100010001011000000001000000100100010,000000000000010110000011101001000100,000001000100001001010000010000011001,72,20322ms
100010011000000010000010100100000010,010001000000111100000001011000000000,001100100101000000000100000001100001,000000000010000001111000000010011100,132,35287ms
100011000100000000000001100101000001,000000010001101100010010010010000000,011000001000010001000100001000011000,000100100010000010101000000000100110,151,353ms
100001101001100000001001000000001000,000010010110011000010000010010000000,011100000000000010100010001000010010,000000000000000101000100100101100101,142,7115ms
001100010001000000001010000000110001,000011101000101000010000000010000100,100000000100010001100100000101001000,010000000010000110000001111000000010,139,2100ms
011001100000100100000001000101000000,000110000010001000010000011010001000,000000001001010001000100000000110101,100000010100000010101010100000000010,68,10192ms
101110011110000000000000100000000000,000000100000001101110010000010001000,010001000000100010000001001101100000,000000000001010000001100010000010111,177,175ms
001001001000000100010011000010000010,110010000001000000100100010001000001,000000100100101011000000000000110100,000100010010010000001000101100001000,45,9277ms
001000001010000101010000010000000110,100000100001110010001011000000000000,010100010100001000000000000100011001,000011000000000000100100101011100000,83,139601ms
101001101000001000000000000101000001,000100000000100010101000111010000000,000010000101010101000010000000011000,010000010010000000010101000000100110,151,2373ms
111010011010000000000000100000000001,000001100100000001110100001010000000,000000000001011000001000010101001100,000100000000100110000011000000110010,157,7327ms
101100000000010000100011010010000000,000011101101000100000000000000100100,010000010000000011011100000001010000,000000000010101000000000101100001011,96,16139ms
110110101000010000100000100000000000,000000010011000100010010000100001010,000000000100001001001100001010010100,001001000000100010000001010001100001,173,1633ms
101110110000000000000100100000001000,000001000010010010001010010000100010,000000001000100001110001000001010001,010000000101001100000000001110000100,177,521ms
001111001000000000000100000010100001,100000100100000010000001100100010010,000000000001100001101010001001000100,010000010010011100010000010000001000,95,47067ms
110110011000000000000100000000011000,000001000000010010011000001001000101,001000100110100000000000110110000000,000000000001001101100011000000100010,177,42ms
110110111000000000000001000000001000,001001000000000011000100111100000000,000000000101001000000010000001010111,000000000010110100111000000010100000,149,12710ms
011110101000000000000001100000010000,100001010001001000001000001100000100,000000000000100001110010010010101000,000000000110010110000100000001000011,118,53884ms
011000100000001100001000001000010100,000110010010000001010001010100000000,100000000001110010000010100010001000,000001001100000000100100000001100011,103,6727ms
110101101000000100000000000001000100,000000000010010011001000101000000011,000000010101100000100011000000011000,001010000000001000010100010110100000,157,3137ms
110000000100000010101010000000000101,000010100010001000000100110011000000,001100011001000101000000001000001000,000001000000110000010001000100110010,157,771ms
001001111001001000001000010000000000,100000000000110010000011101000010000,010000000010000100100000000111100010,000110000100000001010100000000001101,98,11067ms
110111000000000010100001000010000000,000000100001000101000010011100001000,000000011010110000010000000000110001,001000000100001000001100100001000110,161,479ms
110101110000000100000000000110000000,000000000110001010110000011000010000,001010001000000000000100000000101111,000000000001110001001011100001000000,157,118ms
110000010010010000001100000001010000,001100100001000000000000010000001111,000001000000101000100011100010100000,000010001100000111010000001100000000,107,7035ms
000110110000100000000010001001010000,100000000000000111010001100000001001,011000001011001000100100000000100000,000001000100010000001000010110000110,113,12482ms
111111001000000001000000000000000001,000000000011000100000001000011001110,000000110000000000111000101100100000,000000000100111010000110010000010000,177,204ms
011111100001000000000000000010001000,000000000000001000101111010000000110,100000001000010101000000101000110000,000000010110100010010000000101000001,158,3976ms
110011101000100000001000000000000010,000000000110000100100001010000111000,001100010000000000010100101100000100,000000000001011011000010000011000001,149,3347ms
011111010000000000000000100101000000,100000000000001101101000010010000100,000000000010010000000111001000101001,000000101101100010010000000000010010,112,22068ms
001000011000010001001000001001010000,000001000000001100110000110000001010,010010000010100000000111000010000001,100100100101000010000000000100100100,42,3118ms
100100100101100000100001000000010000,000011000010000101000000100011000010,011000010000010000000010010000100101,000000001000001010011100001100001000,143,1416ms
110100111000000000001101000000000000,001010000100000010110000000000010011,000000000010011100000000101100100100,000001000001100001000010010011001000,130,6249ms
100000000001001001001100001000001001,001011101010000000000000010000110000,010000010100010000010010000011000010,000100000000100110100001100100000100,89,4530ms
000110101000100000001100000000001010,011000000010010000110001100001000000,100001010000001000000010001010010100,000000000101000111000000010100100001,93,10276ms
010110000100011000000100000000010100,001001010010000100000010100010000010,000000000001100011110001000000001001,100000101000000000001000011101100000,69,18072ms
010001010100001000101000000010001000,001110000010110000010000000000010001,100000001000000000000011101101000010,000000100001000111000100010000100100,146,657ms
101111111000001000000000000000000000,000000000000110000001001111000010001,010000000011000010100100000100000110,000000000100000101010010000011101000,177,2022ms
100101001000000000010001100000001001,010000000110001011000100010100000000,000010010001100000000000001010110010,001000100000010100101010000001000100,116,3330ms
001011111000000000011000001000000000,100100000000001011000001100011000000,000000000100000000100100010100011011,010000000011110100000010000000100100,98,9203ms
101101001000001000010000001001000000,000010110000000011100110010000000000,010000000011010100001001000100010000,000000000100100000000000100010101111,157,43258ms
001110100000001000000100000010011000,000000000001010010000011001001100100,000000000000100101111000110100000000,110001011110000000000000000000000011,77,144806ms
011111110000011000000000000000000000,000000000100000000010111100110000001,000000000010100110001000001000111000,100000001001000001100000010001000110,121,10630ms
010000010000100000010000110011001000,001110000011001001001000000100000000,100000000100000010000101001000010011,000001101000010100100010000000100100,91,8304ms
100001110000000010000101000000101000,000110000001110000100000001100000010,000000001100001001000000000011010101,011000000010000100011010110000000000,98,63385ms
101111011000000000010000000000000100,000000100101000001000101001001001000,010000000010010010001000100100100001,000000000000101100100010010010010010,177,116ms
110100001100000000000010001000100010,001010000010101101000100000000001000,000000010000010010101000010100000101,000001100001000000010001100011010000,151,4405ms
101000010000100001010001000100000100,000010000110011010001100000010000000,010100101001000100000000000001011000,000001000000000000100010111000100011,143,24374ms
111001110101000000000000000000000010,000000000010000111101000110000010000,000010000000101000010000000011100101,000100001000010000000111001100001000,127,5525ms
000010110010110011000000000000001000,000000001000001100100011000001010100,100101000000000000001100110010000001,011000000101000000010000001100100010,109,32937ms
111000000000010000001001000110010000,000100100100000010000110000001100010,000010000011101100110000010000000000,000001011000000001000000101000001101,157,533ms
011001110000010000001000000100000010,000000000100000100010010011001100100,000100001001000011000001100010000001,100010000010101000100100000000011000,74,5278ms
101111010110010000000000000000000000,010000000000100000110000000110000111,000000001001000110000111010001000000,000000100000001001001000101000111000,177,171ms
010101011010000010000000001000001000,001010100101001100000000100001000000,100000000000110000011100000100010100,000000000000000001100011010010100011,115,102965ms
000000001001000010001101010000010010,001000000100110000010010001001001000,000001000000001100100000100010100101,110110110010000001000000000100000000,0,199ms
101111100000010000000000000011000000,000000010001000001010000001000011110,010000001100000110000011010000000001,000000000010101000101100100100100000,177,1054ms
100010001000110011000001100000000000,000001100011000000110010000000010010,011000000000001000001100011100001000,000100010100000100000000000011100101,124,18699ms
101010100001001000000000100000100100,000100010000000001001110000100000011,000001001000100110000000011010001000,010000000110010000110001000001010000,94,2497ms
101011110001000100100000000000000000,000100000000101011000010100100010000,000000000110010000000101001001100010,010000001000000000011000010010001101,139,5161ms
010111101000010000000000000100100000,001000000010100100000000001010001011,100000000000000001101101000001010100,000000010101001010010010110000000000,177,8373ms
010100000100000100100000010010100010,000010001000000011011000000001000101,000000100011011000000011001000010000,101001010000100000000100100100001000,62,3315ms
101110001000010000101000000100000000,010000110000001011000001100000100000,000000000100100000000100011011011000,000001000011000100010010000000000111,156,4727ms
000101001010001000000100100010100000,000000100100100001000011000000011010,001000000000010110100000001101000001,110010010001000000011000010000000100,51,2584ms
100100000100000001010000000111000010,001000101000101100100000000000000101,000010000011010010000011100000100000,010001010000000000001100011000011000,83,14902ms
011101001000001000000000000101010000,100000000001100101100100100000000100,000010000100010010010000001010100001,000000110010000000001011010000001010,122,408ms
010111001000000000000000000010110100,000000110000000000110011000001000011,101000000010001100000100011000001000,000000000101110011001000100100000000,177,2044ms
001010111000001100000001000000000001,100101000101100000000000010110000000,010000000000010000111110001001000000,000000000010000011000000100000111110,71,22439ms
010011001000000101001000010000100000,001100010000001000000000000110011001,000000000101110000100100000001000110,100000100010000010010011101000000000,56,295810ms
111100011000010000000010000100000000,000000000001000011110100010011000000,000001000100100000001000001000101011,000010100010001100000001100000010100,157,489ms
011101100001000000000000010001000100,100010000010000010100101000010000010,000000010000000100001010101100010001,000000001100111001010000000000101000,84,22648ms
100111101001000000100000000000100000,001000000100010110000000000110001001,010000000000000001011010001000010110,000000010010101000000101110001000000,153,3411ms
011100001000000000100000000010110010,000010100000010001001010001100000100,100000000101101010010000100000001000,000001010010000100000101010001000001,154,1688ms
001110101000000001001000000011000000,010001000000001010010010010100000010,000000010101010100000100100000010001,100000000010100000100001001000101100,82,12135ms
011111001000000001100100000000000000,000000000000001100010010010001110100,100000000011000010000001100100000011,000000110100110000001000001010001000,177,2363ms
100010111000000000000010100001100000,001101000100000100010100001000000001,000000000010111010100001000010000100,010000000001000001001000010100011010,98,15416ms
000111000000010001101000100001000000,000000010100100100000010011010100000,111000000000001000010001000000011100,000000101011000010000100000100000011,177,759ms
000110001010001000000010010000000110,100000010000000110010101100000001000,011001000101000000000000000111010000,000000100000110001101000001000100001,134,7994ms
011001101000100000000100100000001000,100100010100000001100000001100000010,000010000010000110000011010001100000,000000000001011000011000000010010101,46,6577ms
000111101010000100000000100000100000,000000010101000010001100000010000110,111000000000101000000011000000001001,000000000000010001110000011101010000,136,5055ms
010111111010000000010000000000000000,000000000001000001101100001010100100,001000000000000110000001010100011001,100000000100111000000010100001000010,99,30338ms
011001010010000000100000011000000001,000010001001000100011001000001000100,000000000100101011000000000010111000,100100100000010000000110100100000010,90,32529ms
100010010000001100001000000010010100,010100000000100000010101000000101010,000000100010010001000010010101000001,001001001101000010100000101000000000,57,18229ms
101010110000100000001000010000010000,000001000101000010100001000011001000,010000000000010001010000000100100111,000100001010001100000110101000000000,126,30378ms
001111101000010000000000000010001000,000000010000001100011110000001000010,010000000011100000000001011100100000,100000000100000011100000100000010101,119,7553ms
111010111000000000000000000000001001,000101000010010000000100100001100100,000000000000101111001000001110000000,000000000101000000110011010000010010,157,143ms
111000110000010000010000000011000000,000000000011000001101011010000000001,000001000000001000000100100100011110,000110001100100110000000001000100000,157,5024ms
101000000100010101000000100010000001,000011010000000000011010001000101000,000100001011000000100001000001010100,010000100000101010000100010100000010,111,4564ms
110011000010100100000000100001000000,000000000000001010001010011000011100,001100010001010000110100000000100000,000000101100000001000001000110000011,157,1769ms
010010101000111000100000000000000100,000100010000000001010101001000100001,101001000001000010000010100010010000,000000000110000100001000010101001010,136,9563ms
111010010000000000010000100000010010,000000001110100001000000010001101000,000101100001011000001010000000000001,000000000000000110100101001110000100,143,5729ms
111101110001000000000100000000000000,000000000000010010000010011011101000,000010000010000100011000100100010010,000000001100101001100001000000000101,157,1530ms
110111010010000000000011000000000000,000000100101000011000100000100010001,001000000000101000000000011011001010,000000001000010100111000100000100100,126,4040ms
101100010000001000110000000101000000,000010101000100010000000101000001100,010001000001000100001000010000100011,000000000110010001000111000010010000,144,422ms
000001011000000010000011000000110001,100110000010000000000100111010000000,011000000100001101101000000001000000,000000100001110000010000000100001110,79,7422ms
111111100001000000000000000000010000,000000001000101010001000110101000000,000000010010010100000010001000101001,000000000100000001110101000010000110,137,4435ms
111111111000000000000000000000000000,000000000010100111100010000001010000,000000000001000000010100101100100011,000000000100011000001001010010001100,177,79ms
101110111010000000000000000000001000,010000000101100000001000000110000101,000001000000000101010111000001100000,000000000000011010100000111000010010,130,1754ms
001001000001010110000000011100000000,100000100000100001000010100001001001,010000000110000000111000000010010100,000110011000001000000101000000100010,93,562ms
011011000100000010100000000001000001,100000100010011100000100000100100000,000000001000000000000010111000011110,000100010001100001011001000010000000,96,7859ms
001000111000100000000010100000001001,100100000010001000011101001000000000,000001000001010100000000000010110110,010010000100000011100000010101000000,30,35340ms
100001011000010000100000100000001100,000000100011000000010111000001000010,000110000000101001000000010110100000,011000000100000110001000001000010001,141,678ms
011010100010000010000000010000000110,000100001000010000010001101001010000,000001000100001001101110000010000000,100000010001100100000000000100101001,83,43934ms
010100110010000000100000001001001000,001010000001100000011010100000000001,000000001100000010000101010100000110,100001000000011101000000000010110000,86,37555ms
111101100010001000000100000000000000,000000001000010100010001001011000100,000010000000000010100010110100101000,000000010101100001001000000000010011,157,322ms
001101100000000000001100001000100100,000000000100010101000011100000010010,010010001000001010010000010010001000,100000010011100000100000000101000001,75,16666ms
110110110100000000000000000001010000,000000000000100010001111001100000001,000001001011001100100000010000001000,001000000000010001010000100010100110,177,985ms
000010011000100000100010001000110000,001101000000010011000100000100000100,000000000100001100011001000001001001,110000100011000000000000110010000010,23,3121ms
011001111001000000000010001000000000,100010000000100000011101000101000000,000100000100000111000000110000101000,000000000010011000100000000010010111,84,19793ms
001111010001010010000000000001000000,100000000100000100010110000010001100,000000001010100000100000011100100010,010000100000001001001001100000010001,103,16460ms
000000100000001001010100010010010100,000000010001100110000000100001001001,101000001010010000001010001000000010,010111000100000000100001000100100000,76,4405ms
001111011000000001001000010000000000,010000000000010000110110000100011000,100000000010000000000001101000100111,000000100101101110000000000011000000,132,54661ms
010100100000000000001001100001001001,100001001100100000110000010000100000,000000000011010111000010000100000100,001010010000001000000100001010010010,40,18225ms
011110011000000000000001100000010000,000000000100001111000100001000101000,100001000010110000001000010010000010,000000100001000000110010000101000101,159,4159ms
111111010100000000000000000000010000,000000001010101000001010010000100100,000000000000010000110101101001000001,000000100001000111000000000110001010,160,519ms
111100100010000010010100000000000000,000000010000100100000000110100010101,000011000000001000101010001010000010,000000001101010001000001000001101000,157,96ms
100110001001000000000010010000000011,011001000010001000100001000010100000,000000100000110001000100100001011000,000000010100000110011000001100000100,79,1745ms
100000110000001000000001011000001001,001000000010100010010010000100100010,000111001001000001100000100010000000,010000000100010100001100000001010100,132,2049ms
011101010001000000000000000001110000,000000100010001100001010101100000000,000010001100100010010000000000001101,100000000000010001100101010010000010,93,24028ms
111101011000000001000000000000100000,000000000000000010101010011110010000,000000000011010000010101000001001001,000010100100101100000000100000000110,133,8002ms
110110010000000001000000000001011000,001001000000000100000100101110100000,000000101100110000101000000000000110,000000000011001010010011010000000001,155,7808ms
011011101001001000000001000000000000,000000010010100001001000101010000010,100100000000000110000010000000101101,000000000100010000110100010101010000,132,5591ms
011110110000000000000101100000000000,100001000100000001100010000000001110,000000001000001010010000011101000001,000000000011110100001000000010110000,121,16992ms
100110100000000000010100000001000011,000000010101101101001010000000000000,011000000010000010000001110010000100,000001001000010000100000001100111000,139,27956ms
111101000100000100000000001000010000,000000100000001001100110000001100010,000000011000100000001001010100001100,000010000011010010010000100010000001,150,314ms
001001110000000100010010000100000001,000010000010010001000101010010010000,110000001001100010001000100000000010,000100000100001000100000001001101100,140,1960ms
000001110010001100001000000000100001,000000000000110000010010110100011000,011000001001000010100000001001000100,100110000100000001000101000010000010,54,3072ms
110001110000010010100000000000000001,000010001010000100001000011000101000,000100000101101000010100000010000010,001000000000000001000011100101010100,157,269ms
111011011001000000001000000000000000,000100000100110100000000000110100100,000000100000001010000110001001001010,000000000010000001110001110000010001,115,9210ms
110111011000001000000000000000100000,001000000000110010001100010010000100,000000000111000100100001100001010000,000000100000000001010010001100001011,177,1171ms
100000111100000100010000000101000000,010100000000000000001010001010111000,001010000000110001000001000000000111,000001000011001010100100110000000000,100,67121ms
101110000000000100000100010000101000,000001000101001001000001100010000100,010000001010010000111000000100010000,000000110000100010000010001001000011,177,39ms
001100100010100000000000110001000001,000000001000000100111001000010001100,100000000001000011000110000100010010,010011010100011000000000001000100000,85,31470ms
011010001000000010000100000000010101,100001000000111000000010001001000010,000000010100000101011000010010001000,000100100011000000100001100100100000,80,3834ms
000001010000010000000001010101001010,100000001100000110001100001010000000,000010100001000000110000100000110100,011100000010101001000010000000000001,11,2681ms
111111101000000000000000000000001000,000000000000001100000100110110000101,000000000111110001010001000000100000,000000010000000010101010001001010010,156,2147ms
101010001001100000000000000000001011,010100000110000000000000101011010000,000001110000000011001010010100000000,000000000000011100110101000000100100,116,7922ms
010010001010000010010100000000100100,001000010101001100000010100000001000,000100000000010001000001011101010000,100001100000100000101000000010000011,32,6927ms
000100111001011000000100000000100000,000011000000000100001010010001000110,011000000110000001000000100110000001,100000000000100010110001001000011000,105,10156ms
000101000010000000000000000010111101,101000010000001100010101000100000000,000000100001110000000010111001000000,010010001100000011101000000000000010,0,10489ms
101000100100000010100000000001011000,000010010001000100000001110010100000,010000000010001001011110000000000100,000101001000110000000000001100000011,157,692ms
000100010000000000000011000101010110,010000000110000000100000011010101000,100000001001110011001000100000000000,001011100000001100010100000000000001,77,66431ms
010000110001100001000010001010000000,000000001000001100000001100001101001,000001000110000010011000010000010100,101110000000010000100100000100000010,54,5513ms
100110111000010000000000100000000100,001000000001000101000010000011010010,000001000100001000101000011000001001,010000000010100010010101000100100000,170,1441ms
001101000010000000101000000100001010,000000000101110000000000110001000101,000000100000000100010101001010110000,110010011000001011000010000000000000,36,15392ms
111101101000001000000001000000000000,000010010000000100000000010111001001,000000000000100011100000100000110110,000000000111010000011110001000000000,157,14061ms
100011011000010010000000100000000010,001100100000001000001010001010000001,010000000000100100000101010001010100,000000000111000001110000000100101000,78,5188ms
111010000000111000010000000000100000,000000010000000110101100000110000100,000101100011000000000001010000010001,000000001100000001000010101001001010,134,1787ms
001010011001001101000000000000100000,100000000000100000011100000010011010,010001100110010000100001000000000001,000100000000000010000010111101000100,110,79862ms
111001011000000001000000001010000000,000000100011011000010000100001010000,000000000100100010101010010000001100,000110000000000100000101000100100011,157,1526ms
001000010101001010000100000000101000,000000001010010100001000011010010000,110010000000100001000010000001000101,000101100000000000110001100100000010,90,27686ms
001110111000000011000000000000000010,000000000111000000101110100000001000,110001000000000000000000011001110001,000000000000111100010001000110000100,177,1525ms
101011001100000000000000100000010001,000000100010000010000111000000100110,010000000001011000011000010100001000,000100010000100101100000001011000000,157,54ms
011000011000011000000100000000001100,000001000100100011000010101100000000,000100100001000000001001000010110001,100010000010000100110000010001000010,58,7884ms
011100101000011001010000000000000000,000000010000000110001000010001000111,100001000111000000100101000000100000,000010000000100000000010101110011000,157,245ms
111000111000000000000100000101000000,000100000000010001001011001000100001,000010000101000100110000010000010010,000001000010101010000000100010001100,157,72ms
011100111001000000000000000001000010,000011000000000000001011011000011000,000000000010001111010000100000100100,100000000100110000100100000110000001,64,90721ms
110110001000000001001000000010000010,000000010011000100110001010000000001,001000100100001010000110000001001000,000001000000110000000000101100110100,161,2652ms
001100000000001001100010001001000100,000010101001010000000000100110010000,110001010000000010010000010000001001,000000000110100100001101000000100010,118,3090ms
110011111000100000010000000000000000,000000000010010010100111000001000010,001100000000001100000000001000101101,000000000101000001001000110110010000,141,10028ms
101001001000110010000010000001000000,000010000100001001011000100000100100,000100010001000000100001001010010010,010000100010000100000100010100001001,123,3638ms
001011011100100010000000000000001000,000100100010010000000010000101010010,010000000000001100110101100010000000,100000000001000001001000011000100101,89,79509ms
000010101001000000100011000000001001,010001000010000100000100110100000100,100100010100011000011000000000000010,001000000000100011000000001011110000,128,971ms
110011011010000000000000001000001000,000000000101001011000000000110100010,001100000000000000010001110001010001,000000100000110100101110000000000100,138,9067ms
011011001000000100001010010000000000,000000110000000010000101101010000001,000100000001110000100000000101100100,100000000110001001010000000000011010,111,15385ms
000010001010010101000101000010000000,100001010000000000001000010101010010,010000100100000010010010001000101000,001100000001101000100000100000000101,30,12976ms
100001111000000010000000110010000000,000110000110110001000000000000011000,011000000000000100100011000001000110,000000000001001000011100001100100001,136,21539ms
010001101000010000000101000000100100,000010000110000010001000100011000001,101100010000000101010010000000000010,000000000001101000100000011100011000,121,8654ms
010011010000010010000000001000101000,100000101011000001001000100000000010,000000000100001100010110000001000101,001100000000100000100001010110010000,61,11996ms
100100111101100000000000000000000010,011000000000000010100001000001110100,000001000000011000000010110010001001,000010000010000101011100001100000000,108,6122ms
111000001100000010001000000100000001,000100100000000001000101000001101010,000000010001100100100010010010010000,000011000010011000010000101000000100,157,950ms
010001100100000110000000100110000000,000010000011000000000000011001101010,001100000000000000111011000000010001,100000011000111001000100000000000100,122,3231ms
101001110001000100010000001000000000,000000000000110010000011010011000010,000000000100001001100100000100100101,010110001010000000001000100000011000,133,13635ms
110100110011000000110000000000000000,000010001100011000000000010010000011,000000000000000001001111101001000100,001001000000100110000000000100111000,140,11369ms
110000001000000100001001000010000110,001001000100100001010100011000000000,000110100000010000100010000101000001,000000010011001010000000100000111000,152,30468ms
110111110000000000000000010010000000,001000000101000000100010101000100010,000000000010001010001101000100001001,000000001000110101010000000001010100,177,921ms
001000110010010110000110000000000000,110000000001100001010000000001000110,000010001100001000000000101010001001,000101000000000000101001010100110000,35,34159ms
111010101000000010010000000001000000,000100010000010101000100000010000101,000001000111001000000000011000011000,000000000000100000101011100100100010,157,2628ms
000111011000100000100000000010100000,001000000010000101000011001100000100,010000000101011000000100100001000010,100000100000000010011000010000011001,109,5998ms
111010001001000000000000001100000001,000100100000001011001000000010001010,000000010110100100100000100001010000,000001000000010000010111010000100100,157,137ms
101100011000010100000000000000010010,000001100010000010001111010000000000,010010000001001001100000100010000001,000000000100100000010000001101101100,137,35051ms
001111100010101000000100000000000000,000000000000000110011000111100000010,100000001000010001100001000000100101,010000010101000000000010000011011000,148,11449ms
111110010000000000001000000001000001,000001100001010110000000000110010000,000000000000101000010000011000101110,000000001110000001100111100000000000,128,72728ms
001100011000000001100001000010100000,000000100000010010000010000001010111,010010000100100000010100111000000000,100001000011001100001000000100001000,116,30287ms
110100000101100001000000001010000000,001011100000000010000010010001100000,000000001000011100000001100100000011,000000010010000000111100000000011100,103,3769ms
000011100010000000001010011000000100,000100001000110000100101100010000000,000000010100001010010000000101001010,111000000001000101000000000000110001,52,62972ms
000000110010000100110000010000001001,010010001001011000001001001000000000,100001000000100001000000100011100100,001100000100000010000110000100010010,73,15502ms
001001101000001000100000011010000000,000000000011010000000001000001001111,110010000100000110001000000000110000,000100010000100001010110100100000000,157,5629ms
111001001010000000100000000000010010,000100100100000001001010000101000100,000010010000010100000001011000100001,000000000001101010010100100010001000,110,3994ms
000000111010010000010000011001000000,100001000000101101000000100100010000,001110000101000010101100000000000000,010000000000000000000011000010101111,116,28625ms
000011010000010000000011000010011000,100100100010101000000000000101000001,000000000001000110111000110000000100,011000001100000001000100001000100010,0,7948ms
100111001000010010100000001000000000,000000100110000001000010100010011000,001000000001100100000001000001000111,010000010000001000011100010100100000,132,13997ms
010101010010100001100000010000000000,000010100000000010011001000101000100,100000001000010100000010001000011010,001000000101001000000100100010100001,139,8441ms
000010010011000001100000001100000100,001001001100011000000010000000110000,000000000000100010011001010011000001,110100100000000100000100100000001010,29,5824ms
011000111010000000000000100001000100,100010000001000000010100011000100010,000100000100001011100001000000011000,000001000000110100001010000110000001,93,7598ms
001101111000000000000100010000000001,000000000101000000000001101011001100,000000000000110111011000000100010000,110010000010001000100010000000100010,79,33821ms
110010000010001000010100000100000001,000000010100000001000000111010010100,001101001001000000000010000001100010,000000100000110110101001000000001000,153,2363ms
000110000001111000100000000010010000,100000011110000000000011000001000010,010000100000000010011000011100100000,001001000000000101000100100000001101,114,1657ms
110000101000000000000010000010011100,000010000000000101100100011000100001,000000000001001010001001100101000010,001101010110110000010000000000000000,96,97595ms
001101010000000000001101100000010000,100000000010001110000000010000001110,000010000100010001100000000101100001,010000101001100000010010001010000000,89,23573ms
100000001010100000001100000010010001,000101000101001100000001100001000000,000010110000010000100000010100101000,011000000000000011010010001000000110,112,3027ms
100000101100000000000101101000000010,010010000001010011100000000000010001,001000000010001000001000010111001000,000101010000100100010010000000100100,91,1934ms
000011101001100000000000000100110000,001000010010011010010000000010000001,100100000000000100001100110000001010,010000000100000001100011001001000100,103,8248ms
101101100001001100001000000000000000,000000010100000000010101000011010010,000000000000100010100010101000001101,010010001010010001000000010100100000,111,22886ms
100001100000100000000001000101001100,001100000001011000000010001010000010,000010010010000001011100100000100000,010000001100000110100000010000010001,100,7649ms
001100001011000000000000010110010000,110000000000011100000000100000001011,000001100000100001101010000000100100,000010010100000010010101001001000000,75,10357ms
101010011000000000000010001000000110,010000000101011110100000000000100000,000001000010100001001100000001010001,000100100000000000010001110110001000,97,26567ms
101010010010000000010001000010100000,000000000000000010001100101001000111,000001001100100101100000000000011000,010100100001011000000010010100000000,141,980ms
001010110011000000100100000000001000,000100000000001010000011000100010110,110001000000000101010000010010000001,000000001100110000001000101001100000,143,677ms
011100011100000001000001000000100000,000001000000000010001100001110000011,000010000000110100000010010000011100,100000100011001000110000100001000000,86,19381ms
100010101000000000001000101110000000,010000000100000101010001000001010001,001100010000100000100110000000100010,000001000011011010000000010000001100,157,50ms
100001010000000000010111100000000001,000000001010100110001000001000100100,001010000001001001000000010001011000,010100100100010000100000000110000010,91,10477ms
110111101000000010000000010000000000,000000000000010000101000101010100101,001000000001100100000110000101000010,000000010110001001010001000000011000,163,2575ms
000100100101010010000000000000101100,001000000000000000011101010010000011,010010000000001101000010001101000000,100001011010100000100000100000010000,64,17973ms
101110010100001000000000010000000100,000000100000110011101000000001100000,000001000010000100000111000000011001,010000001001000000010000101110000010,148,1995ms
011010110100000000000010000001100000,100000000010100101001100001010000000,000100001000000010000001110100011000,000001000001011000110000000000000111,103,629ms
111111011000000000000000000000010000,000000100000001101100110101000000000,000000000100010010000001000011001101,000000000011100000011000010100100010,148,6075ms
101001010000000010000000000100011001,000000000000111100000101001000000110,000100100001000001000000110011100000,010010001110000000111010000000000000,117,41932ms
110111100000000000000000000100000011,000000000000000100000000111011110100,000000010011111010001100000000000000,001000001100000001110011000000001000,166,6784ms
111011000000100000001000000001000001,000000101010000011010000000100101000,000000000000000100000111011000010110,000100010101011000100000100010000000,107,14801ms
111000100010000000000101000010001000,000100010000001101001000110000000100,000001001101000000110000001000000011,000010000000110010000010000101110000,157,1008ms
000000101100000010001000000100101010,100010010011000001010000001000010000,010001000000010100100010110010000000,001100000000101000000101000001000101,83,7807ms
010100010010000000001011011000000000,001010001000000100110000000000100101,100001000100010010000000100110001000,000000100001101001000100000001010010,137,3468ms
010011100000000000100000100010101000,100000001000111100000000000001000110,001100010010000001001100000100010000,000000000101000010010011011000000001,115,7249ms
001010001100000000001001001000000101,000000000010011010010100100110000000,010100100000000100100000000001111000,100001010001100001000010010000000010,89,4936ms
001101101000000010001000000001000001,010000010100011000000011100000100000,000010000010100001110100000000011000,100000000001000100000000011110000110,48,12573ms
011010000011000110000000000001010000,000000001000000001001111001000101000,000000010100110000000000110110000010,100101100000001000110000000000000101,85,1992ms
101011010000100100000010000000001000,000100001100010000101101000000010000,010000100000000011010000000111000100,000000000011001000000000111000100011,157,6014ms
110110000100000110000000001000001000,000001010010101001000000100011000000,000000101000000000010001010000110110,001000000001010000101110000100000001,150,11586ms
101001000001100000000000010100001100,000010010000010000011010101010000000,010100000010000101100000000000100011,000000101100001010000101000001010000,144,1006ms
101101011010000010000000000001000000,000010100000001001000100000010011010,010000000101000100111010000100000000,000000000000110000000001111000100101,157,502ms
010000101010000010000100000000101100,001000000000100000000011000101010011,000001010100001101101000001000000000,100110000001010000010000110010000000,99,40724ms
011101111000001000000001000000000000,100010000100000010001000011000000110,000000000001000100110000100101100001,000000000010110001000110000010011000,106,30190ms
101000110000000000000000001100100011,000000001010110001000101010001000000,010110000000000100101010000010010000,000001000101001010010000100000001100,177,1245ms
111010110000000000000000001010010000,000000000010001010100110000101000100,000101000000010100010000010000101010,000000001101100001001001100000000001,128,6606ms
000100101000000000100100010101001000,100000000000100100001010100000000111,000001000101010010010001000010100000,011010010010001001000000001000010000,56,28144ms
110100010011000000000101001000000000,000011000000001001001000100010000110,000000101100110000010010000000010001,001000000000000110100000010101101000,144,559ms
101111110000000000000100100000000000,000000001010001000010001010001000110,010000000001110111000010000010000000,000000000100000000101000001100111001,150,3691ms
111011110000000001000000100000000000,000100001101101000000000000000010011,000000000000010110000101011110000000,000000000010000000111010000001101100,122,44852ms
101010101000100001000001001000000000,010100000011010010000000100000000110,000000010100001000101010000100011000,000001000000000100010100010011100001,136,5569ms
100001000000111101000000100000100000,001000000010000000101101000100010010,000100111000000000010000010001001001,010010000101000010000010001010000100,89,28953ms
010110111000000000010000000010010000,100000000000000010001010111000001100,001001000010001101000001000001100000,000000000101110000100100000100000011,94,25418ms
011011011010000001000000000000000001,000000000101001000111000000100101000,100000000000100010000001111000010010,000100100000010100000110000011000100,134,19016ms
100011100000000010010001000100000010,010000010100011000000010001010100000,001100000001000000100000110001000101,000000001010100101001100000000011000,139,401ms
001001010000000100000101100001001000,110010001110000001010000001000000000,000000100001011000101000010100000010,000100000000100010000010000010110101,43,24748ms
111011100100000000010100000000000000,000000000000010010000001010010011011,000000000001001100001010001100100100,000100011010100001100000100001000000,141,2507ms
010110001000000001000001000011100000,000000010001010010110000001000011000,100000100110001100001100010000000000,001001000000100000000010100100000111,163,9271ms
001011000000000100010001101000100000,000100001100110000001000000101001000,010000010000001000000110010000010011,100000100011000011100000000010000100,62,8732ms
001100111000000000100000100100010000,010001000000101100010000001001001000,100000000011010000000011000000000111,000010000100000011001100010010100000,136,4253ms
001011010000000001011001010000000000,000000100001001010100000100101000100,010000001010110000000100000010001001,100100000100000100000010001000110010,82,27377ms
011111000000000001000100001000001000,100000001000100000101010010100100000,000000000101001110010001000010010000,000000110010010000000000100001000111,109,26200ms
111100010000001010000010000000001000,000001000011010000001000100110000010,000010101000000000000100010001010101,000000000100100101110001001000100000,144,8031ms
001110010000010100000100000000001100,100001001000100011010000000001100000,010000000101001000000000101100010010,000000100010000000101011010010000001,118,3121ms
100111000100001000100000000000000011,000000000010100010001000110101000100,010000010000010001010111000010000000,001000101001000100000000001000111000,147,2953ms
011100010000000000101100000000000101,000011000010010000000011100010000010,000000100001101011010000000100001000,100000001100000100000000011001110000,110,2477ms
101100111010000000010000010000000000,010001000100010001000100001010001000,000010000000000100001011000001010011,000000000001101010100000100100100100,107,19047ms
010011000000000000000000001110100101,100100000000001100000001110001000010,001000100010010010010110000000001000,000000011101100001101000000000010000,96,59263ms
010100001000100000000100101100000001,000000110000001000101000000010100110,001001000110010001000001010000010000,100010000001000110010010000001001000,92,5727ms
111110001000000010100000100000000000,000001100000001001010001010100100000,000000010100000100001100000011010100,000000000011110000000010001000001011,177,411ms
101011000010000000010000100000110000,000000010000010100000001001111000001,010100000001001010001000010000001010,000000101100100001100110000000000100,119,2917ms
000011011010100001000000000010000010,010100000101001100010001000000000100,001000100000000000100110011100001000,100000000000010010001000100001110001,80,121669ms
100001001000001000101000001010000001,010000000001000010000001110000110010,001010010100000100010010000101000000,000100100010110001000100000000001100,157,36ms
110101001000010010000001100000000000,000010000000000001101000010000011011,000000100001000000010110001110000100,001000010110101100000000000001100000,117,91553ms
101101101000000000000000000010000101,010000010000101000010011000000110000,000000000100000100101000110101001000,000010000011010011000100001000000010,140,3499ms
101100001000000001100000010000110000,000000000001000000001011101101001000,010011000000010100000100000000000111,000000110110101010010000000010000000,119,16371ms
000011111000010101000000000000001000,110000000001000000001010001110000001,000000000000001000000101110001110010,001100000110100010110000000000000100,29,27955ms
100101011100010000000000100001000000,001000000000001111000000000010101100,000010100010100000001001011100000000,010000000001000000110110000000010011,142,9214ms
101100101110000000000000000001000100,000011010000000011001000101010000000,000000000000111000010101000100011000,010000000001000100100010010000100011,157,818ms
101101110100000000000000100010000000,000000000001011010000000011001010001,000000001000100000111010000000001110,010010000010000101000101000100100000,157,751ms
100111110001001000000000100000000000,011000000100000010100001000100000011,000000000010110000000010011010101000,000000001000000101011100000001010100,132,13547ms
010011101001000000000000000000011001,000100000000100100010000100101100100,100000010010000010000001011010000010,001000000100011001101110000000000000,141,18741ms
100011010000000000100101000000000110,011000001100110001000000000011000000,000000100001000010010010001100110000,000100000010001100001000110000001001,108,21941ms
111011001000000000101001000000000000,000000000000111101000000001011100000,000100000111000010010000000000011100,000000110000000000000110110100000011,157,138ms
010110101000000000010010000100001000,001001000000010011100000100010010000,000000010010000100001101011000000010,100000000101101000000000000001100101,98,33462ms
110100101110100001000000000000000000,000010000001010100100000101000010100,001001010000001000001100000001100010,000000000000000010010011010110001001,157,1146ms
110101100000010000000001000011000000,000000000101000001001100101000110000,000010000010000100100010000000001111,001000011000101010010000010100000000,113,12792ms
100110101100101000000000000010000000,000000010010000110110001000000010001,000000000001000001001010011101001000,011001000000010000000100100000100110,142,17035ms
011111101000000100000000000000000010,100000000100010000010010110100100000,000000010001100011000001000001001001,000000000010001000101100001010010100,106,34918ms
111110011001000000000001000000000000,000000100000111000100000010110000010,000001000110000100011000101000001000,000000000000000011000110000001110101,177,335ms
100101000100001100001000000000000101,001010010000000010100101000001001000,000000101001010001000010110010000000,010000000010100000010000001100110010,77,8320ms
110000110001100001000000100000000001,000110000010000100100000010000011100,000000000100010000011100001111000000,001001001000001010000011000000100010,142,321ms
011010010000001000000000101011000000,000101100100000000000100010100101000,000000001011110110100000000000000001,100000000000000001011011000000010110,62,10160ms
010100011001000000000010011010000000,000011000000100001001000100100100100,000000000000011110010101000000011000,101000100110000000100000000001000011,41,7770ms
010101001000000101000000000010001010,001010000000010000001000011100010100,000000010100101010100001000001000001,100000100011000000010110100000100000,74,16958ms
101000101000010100010000000010010000,000000010000000001101101100101000000,010011000010001010000010011000000000,000100000101100000000000000000101111,137,50428ms
100010000010010110010001010000000000,010100010000001000101100000000000110,000001001001100000000000001110110000,001000100100000001000010100001001001,78,18161ms
111011111000000000001000000000000000,000000000010000000110010100011100001,000100000001100100000001001100000110,000000000100011011000100010000011000,157,2269ms
100011001000001000000010010000000011,011100000101000000000001000100010100,000000110010000001100100100010100000,000000000000110110011000001001001000,85,10617ms
101110101000000000010100000000000100,000000010100110010000000100100010010,000001000001001101100000011010000000,010000000010000000001011000001101001,163,789ms
010001001000010000000000100100011100,000100100000000001111011000000000010,101010010001000100000000011000100000,000000000110101010000100000011000001,142,34593ms
000111001000001000000001001010010000,000000110011010000001000100100000100,011000000100000101110100000000000001,100000000000100010000010010001101010,118,2737ms
001100110000010000000000000001100101,000001000101000110011100000100000000,000010000000101000100000111010001000,110000001010000001000011000000010010,46,23341ms
111001101001000010010000000000000000,000100010110100000000000000111000010,000010000000001100001010011000000101,000000000000010001100101100000111000,108,49797ms
011000001100000000000000001110010001,000111000001000111010010000000000000,100000000000011000101100010001000010,000000110010100000000001100000101100,157,3435ms
111110100100000000100000000000000001,000000000000101000001000111100001010,000001000001010000000011000010110100,000000011010000111010100000001000000,170,712ms
100110110000000000010000010000010100,001000000101011000000001000011000010,010001001000100000100110100000001000,000000000010000111001000001100100001,177,3036ms
000001111000101000000000101000100000,010000000000000000101110000101010100,101010000110010010010000000010000000,000100000001000101000001010000001011,142,7696ms
011001001000000000001100000010000011,000000100100000010000011000001110100,000000010001100101100000011100000000,100110000010011000010000100000001000,93,10773ms
001011100100010000010000100010000000,010000010001000101001011000000000010,100100000000000010000100001001010101,000000001010101000100000010100101000,123,7948ms
100000100000100000000000101010101100,010100000010001000010110000001000001,000011011001000000101000000100010000,001000000100010111000001010000000010,129,1706ms
110010110100000100000110000000000000,001000001000000000011000010010111000,000001000011100010000001000001000110,000100000000011001100000101100000001,157,18976ms
010000111100000000010000010000011000,000110000011101000000000101001000000,101000000000000101100011000000100100,000001000000010010001100000110000011,157,745ms
010000011000000000001000001010010101,000011100100001000000100100100001000,101100000010010111000010000000000000,000000000001100000110001010001100010,129,19441ms
110010100000110000000010001000010000,000101000010001000011000000110100000,001000000100000110000101000001001100,000000011001000001100000110000000011,115,1151ms
000001100010010001100001000010100000,110000000100001100010000100100000010,001000001001000010001100001000001001,000110010000100000000010010001010100,28,877ms
111111000100000100000000000000000010,000000100001110000010000100000010101,000000001010000000101110011001000000,000000010000001011000001000110101000,177,190ms
000101010100010000000001010000010010,001000001000000101000000000101100101,000010100001000010101010000010001000,110000000010101000010100101000000000,54,67072ms
100100011000000001101001000000100000,010000100100000010000010011011000000,000001000001000000010100100000011011,001010000010111100000000000100000100,91,34339ms
011101011100000000000000000000001100,100000000001000000111001010100010000,000000000010111010000100000010100001,000010100000000101000010101001000010,106,18466ms
101011100000000001000110000010000000,000000000000111010001000001001001001,010000001100000100100001000100000110,000100010011000000010000110000110000,157,54ms
101111001100000000000000001000010000,010000000010000100111100000001100000,000000000001001001000001110010000011,000000110000110010000010000100001100,132,3400ms
001111110010000000000000001000010000,110000000000110000100100000100100010,000000001000001111000001100001000100,000000000101000000011010010010001001,55,1795ms
000001000000101000100110101001000000,001010001001000001011000000000100100,000100110010010000000001010000010001,110000000100000110000000000110001010,15,7870ms
101010000110001001000100000000100000,000000000001000000011001100100011001,000000010000110100000010001011000100,010101101000000010100000010000000010,79,19717ms
111001010000001010000100000000000010,000000101001100001000010000000110001,000110000000000000110001101100000100,000000000110010100001000010011001000,177,1275ms
101010111100000001000000100000000000,010000000000011000110101000000100100,000101000010000110001010000001000010,000000000001100000000000011110011001,157,562ms
101011111000000000000000010000000100,000100000011010000100110100000000001,000000000100100101010000000111010000,010000000000001010001001001000101010,157,778ms
110001010100101000000000100000000010,000000000000000010011011001100010100,001000100011010001000100000010001000,000110001000000100100000010001100001,143,9975ms
101000111100000001000000000100000010,010000000000001000010100101000010101,000001000000010100101011000001100000,000110000011100010000000010010001000,143,1365ms
010111110000000000001000000001001000,000000000011001000000110011100000100,000000000100010110010000100010100001,101000001000100001100001000000010010,84,63234ms
001011110000000001001010000000000010,000000000011100000000000000111001101,110100000000011100100100010000000000,000000001100000010010001101000110000,157,9113ms
100000010001100000010000010010001100,000000000110001011001100000101000000,010101100000010000000001100000010001,001010001000000100100010001000100010,94,17763ms
111100101000010000000000000000001001,000001000101001100000010010110000000,000010010010000001110100001000100000,000000000000100010001001100001010110,157,2267ms
100100110001010000000001001010000000,010010000000001000110010100000100010,001001001100100000000000010101000001,000000000010000111001100000000011100,133,3073ms
110111001000000000100001000000000001,000000000111000000011000010100001010,001000010000111110000000001000000100,000000100000000001000110100011110000,177,1125ms
111001000000000000111000000000000110,000010001010100010000000001101100000,000000010100010001000100110010001000,000100100001001100000011000000010001,136,865ms
011101101000000100000100010000000000,100000010101001001010000000000001100,000000000010010000101001100101010000,000010000000100010000010001010100011,110,76746ms
000111111000100000000010100000000000,010000000001010000011001000110100000,000000000100001100100100011000001001,101000000010000011000000000001010110,94,38141ms
011010111000011000000000000000001000,100000000100100000010000100110010001,000101000000000101101000011000000100,000000000011000010000111000001100010,79,98013ms
111110111000000000000000000000100000,000000000110010101000001010001000001,000001000001101000101100000010001000,000000000000000010010010101100010110,177,1675ms
111011010100100000000000000000000001,000100000001001101001000101010000000,000000001000000000110110000101010100,000000100010010010000001010000101010,157,1032ms
001000000100000101000011000000110010,000100101000011000000000101000000101,010000010010100000100100010010001000,100011000001000010011000000101000000,78,393ms
000000000100101100000101110000001000,101010100010010001000000000001000100,000000011000000000111000001010100001,010101000001000010000010000100010010,6,27413ms
000010100000100000011000000110100100,011001000000011100000100000001001000,100000000001000010000010111000010010,000100011110000001100001000000000001,62,19713ms
111101010000000000100000100010000000,000000001000000110000110000001101010,000010100001100001000000001100000101,000000000110011000011001010000010000,157,68ms
110110100000001000000010000010000001,000000011100000000001000101100110000,000000000000010101100101000000001110,001001000011100010010000010001000000,140,12646ms
100110011100001001000000000000010000,000001000000110110110000010010000000,001000100000000000001111000100100001,010000000011000000000000101001001110,177,2932ms
100101010000010101010000000000000010,011000000110100000000010100100000001,000010001001001000000100001001011000,000000100000000010101001010010100100,69,6408ms
111101111000000000010000000000000000,000000000010000010100011100101010000,000000000000101001000100011000100110,000010000101010100001000000010001001,139,615ms
011000110100001001010000000000000001,100010000010100000000101100001010000,000100000000010010001010011100000010,000001001001000100100000000010101100,92,5268ms
111011101000000000000000000011000000,000000010010011001111000000000000001,000000000001100110000010101100000010,000100000100000000000101010000111100,157,102ms
101001111100000000000000000010000001,000010000011000000000011000000101110,000100000000101000111100010100000000,010000000000010111000000101001010000,157,85ms
000101110010000000010001010000000100,101000001000100000100010001010010000,000000000100011100000000100101001010,010010000001000011001100000000100001,54,7368ms
001001100000100100100011000000000001,100000000111000000000100100101000100,010100010000001001001000000010010010,000010001000010010010000011000101000,79,6418ms
001101110001000100000010000000000010,000010001100001000011100000100001000,000000000010010010000001011001100100,110000000000100001100000100010010001,47,10893ms
111001111000000000001000000000010000,000000000000010100010000110010100110,000100000110000000100110000101000001,000010000001101011000001001000001000,157,111ms
001000101000100000000110100000101000,000000000001000100111001010100000010,010011000100011010000000000001010000,100100010010000001000000001010000101,83,40805ms
001110011000010000010000100000001000,010000000010101000000100000111000001,000001100000000111000010000000110100,100000000101000000101001011000000010,64,24952ms
000100001100000000110011100000000100,100001000001100101000100000000000011,001000110010000010001000000001011000,010010000000011000000000011110100000,75,5064ms
000111110000101010000001000000000000,111000000001000001000010010100000001,000000001010010000010000001001011100,000000000100000100101100100010100010,69,17535ms
101001100000000001010000100000101000,010000000000010010100010001011010000,000000000110100100001001010100000010,000110011001001000000100000000000101,132,9208ms
011010101100000010000010100000000000,000100010000010000101001001010001000,000000000011100101010100000000000011,100001000000001000000000010101110100,87,72500ms
111100110000000000000000001000001010,000010000010000000000101110100100001,000000000100100111110010000001000000,000001001001011000001000000010010100,157,10536ms
010110010100100000001100010000000000,101001000011000000000001100000000110,000000100000010001110000000000111001,000000001000001110000010001111000000,121,1534ms
010010000100000000100001100100100010,001000000010000010001100000010010101,000100011001010000010000011000001000,100001100000101101000010000001000000,98,9047ms
111000101110000011000000000000000000,000000000000000000100111000101101100,000100000001100100011000011000000001,000011010000011000000000100010010010,157,5934ms
001110110000001000000011001000000000,000000000011010101000000110001000100,000000000100100000110100000110010001,110001001000000010001000000000101010,114,48020ms
100110010000001000000000001010010100,010001000010100000010000010000101001,001000101001000010100010000100000010,000000000100010101001101100001000000,149,6524ms
010010011110000000000100000000000110,101000000000000010011010011100000000,000000000000010100100001100011001001,000101100001101001000000000000110000,60,49439ms
010010110010100010000000100000000100,000000000100000101010101000000011010,101100000001011000101000000010000000,000001001000000000000010011101100001,157,3177ms
011010011100010000000000000000011000,000001000010000101010100001010000001,000100000001000010100011000001100010,100000100000101000001000110100000100,80,20279ms
100011111000100000100000000000100000,011000000000000000000100101011000110,000100000010011011000000010100000001,000000000101000100011011000000011000,123,4546ms
101000011100000011000010000000100000,000110100000000000100100000100011010,000000000011010100000001010001000101,010001000000101000011000101010000000,92,38608ms
010110100000000000000010001010100010,001000010100000010110001000100010000,000001000000011100001100010001000100,100000001011100001000000100000001001,70,10134ms
011100100100000100000001000000010001,000010000000001001110100110001000000,100001011001010010001000000100000000,000000000010100000000010001010101110,157,1502ms
000000011010000000000010011000001011,010011000100010100110000000010000000,000100100001001011000101000001000000,101000000000100000001000100100110100,0,185ms
010010111000000100100001000000000001,100001000000000001000000001111001100,001000000101000010011100110000000000,000100000010111000000010000000110010,112,45297ms
100111011010000000000100000000100000,000000100000101011010000100101000000,010000000001000000000010001010011101,001000000100010100101001010000000010,164,675ms
110010001011000000000000100100000100,001001000000001110000101000000010010,000100000000010001001010011010001000,000000110100100000110000000001100001,130,435ms
110001001000001101000001000000000100,000000100000100010010010101010100000,000110000010000000100100000001001011,001000010101010000001000010100010000,150,1858ms
011100000000000100100000011100000100,100001000101000001010010000010010000,000010000000010000001101100001100001,000000111010101010000000000000001010,67,21725ms
111000011000100100010100000000000000,000000100000010010000010011101000010,000100000110000001001000000000111001,000011000001001000100001100010000100,157,939ms
011110010100000110000000001000000000,000000000001111000001100000110001000,000000000010000001100010010001100110,100001101000000000010001100000010001,128,202265ms
