010011011100000101000000000000000001,100000100000001010000000001110100010,001000000000100000101010000001011100,000100000011010000010101110000000000,96,100913ms
110001011000000000100000010000010001,000000100000101000011000101100000010,001010000000000010000101000010101100,000100000111010101000010000001000000,143,2057ms
011111010011000000000000100000000000,000000000100011010000101001000100010,100000100000000101010000000101010100,000000001000100000101010010010001001,177,531ms
001011100000000100110001000000000001,000000010000100011000010010101100000,100000000001001000001100000010011010,010100001110010000000000101000000100,122,15475ms
110011001000101011000000000000000000,000000010000010100110100000000110001,000000100001000000000001111100001100,001100000110000000001010000011000010,129,3452ms
000010111000000000110111000000000000,101000000000110100000000110000001100,010100000011001001001000001100000000,000001000100000010000000000011110011,120,34764ms
101100000010010000000010000001000110,000010001000100001000001010000011001,000000010000001100001100001110100000,010001100101000010110000100000000000,79,11529ms
100110100001000110000000001001000000,010001010000000000100011010000010010,001000001100011001000100000010000100,000000000010100000011000100100101001,119,63556ms
010101101001000000000001010001000000,001000000100000100100000100010100011,100010000010011000000010001100001000,000000010000100011011100000000010100,157,487ms
100001001100000100001000001010010000,000100000001100000110010100000100100,000000110010011000000100010001000010,011010000000000011000001000100001001,77,3337ms
010100101100000000001001010000010000,001010000010111000010000000010000001,000000010001000100100000101101100000,100001000000000011000110000000001110,91,4518ms
001011010000100100000000000000101010,110000001010001000010000100000000101,000100000000000001101011000011010000,000000100101010010000100011100000000,59,18300ms
101110110000000000010000001100000000,000000000011000000000101110001010010,010000001000001010001010000000101100,000001000100110101100000000010000001,177,210ms
010010001000000101001000000000001011,000001100000100010000000101101010000,100000010100010000100111000000000100,001100000011001000010000010010100000,138,1174ms
000100101000001000001100001000100010,100010000101000100100010000100000001,011001000000010010000001010000011000,000000010010100001010000100011000100,48,719ms
010010110001000010100011000000000000,000101000000110000011100001000100000,000000000110000101000000110110001000,101000001000001000000000000001010111,94,218017ms
011110110000000011000000000000000001,100000000000011100010001010110000000,000000001001100000001110001000100100,000001000110000000100000100001011010,85,20420ms
110100111000100010001000000000000000,001000000100000000100100010011000011,000000000010000100000011100000111100,000011000001011001010000001100000000,125,8395ms
000001001000010000001000011101010000,000110010010000100000000000000101101,011000000001001001110001100000000000,100000100100100010000110000010000010,65,78624ms
001001000001000010000100010010001010,100000110100001100100000100000000100,010000001010010000001001000001010001,000110000000100001010010001100100000,36,996ms
110101001000000000001000001000101000,000010010100000000010101010000000110,000000100010110011000000000110000001,001000000001001100100010100001010000,157,4497ms
000011111000000000001000000101010000,100000000010000000010100101000001101,010000000101100001000011010000000010,001100000000011110100000000010100000,89,18038ms
110000001000001000000000010101011000,001000000100100000110011001000100000,000101100000010100000000100000000111,000010010011000011001100000010000000,143,4214ms
110010000011000010000101000010000000,000001000000010100001010010100001001,000100001100001001010000000000110010,001000110000100000100000101001000100,114,4068ms
100011011000011000000000000000001010,010100100110000011000010000001000000,001000000000100000010001110000010101,000000000001000100101100001110100000,76,102358ms
010010111100110000000000000001000000,100100000000000010010010010000011100,001001000010001000001100001000100001,000000000001000101100001100110000010,92,28341ms
000100111000100000100100100010000000,011000000110010100010000001000010000,100001000001000010000001010001000101,000010000000001001001010000100101010,88,10613ms
100110011100001000000000000100010000,000001100010100100010000000000001101,000000000000010010100001011010100010,011000000001000001001110100001000000,153,11287ms
111000111000011000000000100000000000,000001000001100000010101001010100000,000110000000000000101010000001011001,000000000110000111000000010100000110,177,641ms
010011000001010000000010001000000101,001000111100100000111000000000000000,100000000000000110000101000100110010,000100000010001001000000110011001000,88,19771ms
111011101000000001000000000100000000,000100010001010100001000110000000001,000000000000101010100101001000011000,000000000110000000010010000011100110,136,4823ms
100111000000010100000100010000000100,001000101000100000111000000010010000,010000010010000000000010000101101010,000000000101001011000001101000000001,155,11283ms
010100110010000001010000100000001000,000000000100000010100000001011110010,001001000001100100000011000100000001,100010001000011000001100010000000100,64,21292ms
110101011000000010001100000000000000,000000000100110100000010011100010000,000000100001000001100001100001001001,001010000010001000010000000010100110,142,5317ms
100010011100000000000001000010000110,000101000000101101000000000101001000,010000000000010010101110010000010000,001000100011000000010000101000100001,131,37265ms
011101110100000000000000000000110000,000000000000111001100100000100001100,000010001010000110000011010010000000,100000000001000000011000101001000011,96,10699ms
101011010000000000000000100100000110,000100101110010000000000000000011001,010000000000000101110010011001000000,000000000001101010001101000010100000,149,18474ms
111011010000001000000000000010010000,000000001100000010110010100000100001,000100100000010000001001001100000110,000000000011100101000100010001001000,157,71ms
110110110000000000000000000001000011,001001000000001100100010100000001100,000000000100100010000101001100110000,000000001011010001011000010010000000,177,1137ms
011000111000010000000010000001100000,100100000100100000010000101100000010,000010000000000111000101000000011100,000001000011001000101000010010000001,40,8013ms
110011100000000000100010000000000110,000000000000011101001101110000000000,001100011000000010000000000011101000,000000000111100000010000001100010001,157,3714ms
100001110010000010000011000000010000,011000000100100000100100010000100001,000000000001011000011000100110001000,000110001000000101000000001001000110,101,4923ms
000011101011000000000000001000010100,011100000000100001001010010000000001,000000000000010110100001000001101010,100000010100001000010100100110000000,17,2865ms
011100001010000000100100011000000000,100000100000010101010010100010000000,000000010001100000001000000101110100,000011000100001010000001000000001011,82,71692ms
010001011100101000000000001000010000,000010000001010110000000010001000110,000100000000000001110011000010101000,101000100010000000001100100100000001,84,18082ms
011010011000010000001000000010000010,000001000000000000100000110101001101,100100000110001100000011000000100000,000000100001100011010100001000010000,157,15663ms
101000001110001100000001000000100000,000010000000000001110110000010001100,000101000001000010001000111000010000,010000110000110000000000000101000011,121,75574ms
111010010010000000000100101000000000,000100000000000010110010000100100110,000001001001010100000000010001001001,000000100100101001001001000010010000,133,1081ms
111110101000000000000000000001100000,000000000011000000101001110010010000,000001010100001000000010001100001010,000000000000110111010100000000000101,177,34ms
001111000001010000000100000000100010,000000101000000000001000011110010001,110000010000000011110011000000000000,000000000110101100000000100001001100,177,3805ms
000001111010000010100001000000000001,000000000000100100010000101100101100,001110000000000001001110010000010000,110000000101011000000000000011000010,80,32059ms
010000001010001000000110000000011100,001011000000000000000000001111000011,100100110001100101100000000000000000,000000000100010010011001110000100000,133,106172ms
011000000001000000010010100010010010,000000001000000010000001011101000101,100000110010001001000100000000101000,000111000100110100101000000000000000,100,31123ms
011001111000000000100000000000101000,000000000000000000010110001101010101,000100000101101011000000010010000000,100010000010010100001001100000000010,98,32832ms
101110010000001000100001000000001000,010000101001100100001110000000000000,000000000100010000000000100111100101,000001000010000011010000011000010010,150,65616ms
000111011010100000000010000000001000,010000100100000001110000001000010100,101000000000011000001101100100000000,000000000001000110000000010011100011,139,5327ms
100101101000000000000001001001000001,000000000011010011100100010000000100,010000000000100000000010100110110010,001010010100001100011000000000001000,114,22570ms
011110101000000001001000000000100000,000000010000001010010110010100010000,000000000011110000100000100010000011,100001000100000100000001001001001100,110,48930ms
011111100000000000000100001000000100,000000001000001111000000010101100000,000000000111010000011001000010000010,100000010000100000100010100000011001,109,70704ms
000110011000010100101000000000001000,111001100011000000000000100000100000,000000000000100000010011010110000011,000000000100001011000100001001010100,54,9858ms
001000001001000000000100110010100001,000001000100001001000001000100001110,000100100000100110001010001000010000,110010010010010000110000000001000000,0,2273ms
110001111000000100000000000001000010,000010000111000001000110100000001000,001100000000010000110000011010000001,000000000000101010001001000100110100,157,1312ms
110101000000000010100001010001000000,000000000001110100000110100000101000,000000110100000000001000001000010111,001010001010001001010000000110000000,137,1540ms
000011001000100110000000000000001110,110000100010000000101010001010000000,000000010100001001010101000001010000,001100000001010000000000110100100001,23,5076ms
000010110100001000000010010000100100,101000000010110000110100000001000000,000000000000000011000000101110011010,010101001001000100001001000000000001,13,2730ms
100100001001001000000000100001010010,011010000100000001110000011000000000,000000110000110000001111000100000000,000001000010000110000000000010101101,64,150321ms
001110001000000100000010100010100000,000000100110001001000001001000010010,000001000001010010010100000001000101,110000010000100000101000010100001000,51,3273ms
011100010100001011001000000000000000,100010001010000100100000001100001000,000001100000110000010110000001000100,000000000001000000000001110010110011,81,16773ms
000011011001100000100000000100000100,000000100100011000001100010000000011,111100000010000001010001000000010000,000000000000000110000010101011101000,157,76ms
010011110000101100010000000000000000,000000000101010000100000100101001010,100000001000000011001100011000000001,001100000010000000000011000010110100,120,24504ms
000001010010010100000011000001010000,011010100001000000100100001000000010,100100000100100001011000010000001000,000000001000001010000000100110100101,83,19609ms
111011000000000000000000000000111100,000000000111010000001010100001000010,000100000000100110010000011010000001,000000111000001001100101000100000000,157,2790ms
111110100000010000000000000001010000,000000011100001100001000001000001100,000000000011000010100101010100000010,000001000000100001010010100010100001,177,1615ms
010001111000000001000000010001001000,000000000101000100001010000100100011,101000000010001010110000100010000000,000110000000110000000101001000010100,157,164ms
111111110000000000000000001000000000,000000001010000010010000110100100001,000000000100110101001000000011010000,000000000001001000100111000000001110,162,1407ms
001101011010000000100011000000000000,100000100101000001001000000110000001,010000000000100010000100111000010100,000010000000011100010000000001101010,92,12893ms
000011010010001000101000010000100000,110100001101000000000000001010000001,001000100000100101000000100001000110,000000000000010010010111000100011000,21,12368ms
001010100010100000011000001100000000,000000000101001101000000010010001100,010101001000000010100100100000010000,100000010000010000000011000001100011,89,10243ms
001101010100000000000001010000001001,000000000000110001010000101110000100,100010001011000000001100000000010010,010000100000001110100010000001100000,106,1453ms
111111001000001000001000000000000000,000000010100110001000101001010000000,000000000001000010100010000000101111,000000100010000100010000110101010000,166,4040ms
011111000000000011000010000000001000,000000100100010000001100110101000000,000000010010101100100001000000010010,100000001001000000010000001010100101,103,8551ms
100011000000010000000111001000000010,011100000010000010010000000011000001,000000101000001100000000010100101100,000000010101100001101000100000010000,71,22685ms
000011110000100000110000100000010000,000000000010001000001100010010001101,100000001001010111000000000100000010,011100000100000000000011001001100000,119,8963ms
101111001010000000000000100010000000,000000000000010100010110000000111001,010000100101000000000000011100000110,000000010000101011101001000001000000,177,53ms
101011111000000000001000000010000000,000100000011000000000100010100110010,010000000100100110010010001000000001,000000000000011001100001100001001100,157,1768ms
001111010100000001000000000100000010,100000100011100000100000010000101000,010000000000011110010100001010000000,000000001000000000001011100001010101,126,11401ms
011001101000000010010001000000000100,000100000101001000000010110010100000,000010000010010101100100000001000001,100000010000100000001000001100011010,89,14110ms
001001010000000000010010110110000000,010000000010001000101100000001001001,100010001100000010000001000000010110,000100100001110101000000001000100000,146,4346ms
001010010100001000001000000100010001,000000101010000000000010001010101100,100101000000010001010001110000000000,010000000001100110100100000001000010,136,6189ms
011101010000100010010000000001000000,000010000000001000001011110000011000,100000001001010001000000001010100001,000000100110000100100100000100000110,132,6642ms
011100011000000000010000000101010000,000001000111011000000000001000100001,100000100000100100001000000010001110,000010000000000011100111110000000000,157,5750ms
100101011000000100011000000000000010,011000100111100000000100000000000001,000010000000010001100010000010101100,000000000000001010000001111101010000,95,18164ms
101101011010000000000000000000100001,000000000001000000100001001111010100,010010100000100000010110110000000000,000000000100011111001000000000001010,157,1021ms
110100010000010010001000110000000000,000000101000001100000010001010100001,000001000111000000100101000100000010,001010000000100001010000000001011100,157,333ms
100111110010000000000000000000011000,010000001001010000100001000101000010,001000000000000111000100011000100100,000000000100101000011010100010000001,104,12814ms
111101010000010000001000000000000100,000000001101001001000010100010000001,000010100010000010000001010100010010,000000000000100100110100001001101000,134,3122ms
100100100101001000000000010001000100,000001011000100010010010000000010001,011010000000000100100100100100100000,000000000010010001001001001010001010,157,97ms
101110101000000000000001000000000110,000001000000101011110010000000001000,000000000001010000001000101110100001,010000010110000100000100010001010000,153,9949ms
101101010000000000100100000001100000,000000000001000100010011101100000010,010010000000011011000000010000010100,000000101110100000001000000010001001,141,2089ms
110101101000000100001000001000000000,001000000001101000010000000100110001,000000000110000010000001100010001110,000010010000010001100110010001000000,157,7196ms
101100111001000000000010000001000000,000000000100010100100000000110010101,010001000000100001011100011000000000,000010000010001010000001100000101010,157,2197ms
000110100101001010000100000010000000,100000000010010101001000000100000011,010001010000000000110011000000110000,001000001000100000000000111001001100,117,59915ms
000010011011110000010000001000000000,100000000000000100100101010010010010,011001100000001000001010000000001100,000100000100000011000000100101100001,75,72214ms
011010101000001000000000010001000001,100000000010000011100011000010100000,000101000100110000000100001100000010,000000010001000100011000100000011100,106,16011ms
111010101000000000001001000000001000,000000010000100110100100001001010000,000101000011001000000010100010000010,000000000100010001010000010100100101,141,2240ms
111101110000000010001000000000000000,000010000000001000000010010001100111,000000000010100000100001101010011000,000000001101010101010100000100000000,157,9194ms
001111011001100000000000000000010000,000000000100000001101000100010100011,010000100000011000010010010100000100,100000000010000110000101001001001000,109,38262ms
101110001101000000000001000000001000,000001010000000001110100101000000010,000000100010011000001000000001100101,010000000000100110000010010110010000,150,5119ms
101111110000010000000000000001000000,000000000110101000000011101100000000,010000001000000110010100000010011000,000000000001000001101000010000100111,161,2304ms
101010001000100000000011100001000000,000000010000000001100000001110101100,010100000101010010010100010000000000,000001100010001100001000000000010011,143,15673ms
111010001000000000110001010000000000,000100100000100000000110000010011010,000000000100001011001000100100100001,000001010011010100000000001001000100,157,2565ms
110011010000010001000001000010000000,000000000000101110100010001000100010,001000000011000000000100100100011100,000100101100000000011000010001000001,142,1232ms
000111000100000001000010000100010100,010000000010011010110000000001001000,100000001001000000001000110000100011,001000110000100100000101001010000000,121,2627ms
100111101000100000000000000000001100,001000010010010011010010000000010000,010000000001000000001101001101000010,000000000100001100100000110010100001,155,5628ms
111101000000100000010000010100000000,000000000100011000000111100001000010,000000111000000101101000000010010000,000010000011000010000000001000101101,157,32ms
001101110000000000001000010001000100,010000000110000100010001000000110001,000010001000110000100110100000000010,100000000001001011000000001110001000,80,14372ms
011001001000000000000001101010100000,000100000001111010000000010000010100,100010010110000001100100000000000001,000000100000000100011010000101001010,157,2075ms
110000100000000011000000000010101010,000000010000101000110001010001000001,001111000010000100000000101000010000,000000001101010000001110000100000100,177,2658ms
100010101100000000000001010000100100,000000010010001000100000001111001000,001100000001010011011000000000000010,010001000000100100000110100000010001,112,2904ms
001011000101000000000000001000001110,000000110010100000101001000001000001,000000001000011100000010100110010000,110100000000000011010100010000100000,59,3114ms
100111011000010000000100000010000000,000000100100001100000000011000110001,011000000010000010110000000101000100,000000000001100001001011100000001010,177,17ms
101011101000001000000011000000000000,000000000100000100111100001000001010,010000000010100011000000000111000001,000100010001010000000000110000110100,157,1461ms
111110011001000000000000010000000000,000001000000101000010001100000010101,000000000100010110001110000100001000,000000100010000001100000001011100010,177,2329ms
000111111000000010100010000000000000,100000000111100001010001000000000001,010000000000010000000100100111100010,001000000000001100001000011000011100,97,35413ms
110001001010010000000011000001000000,000100100000000010100100000000100111,001000000001000001000000111110001000,000010010100101100011000000000010000,142,4573ms
010010011000100000000000010001010100,101000000001010100000000000100101001,000100000110000001100001001010000010,000001100000001010011110100000000000,68,184874ms
100101010000110010010000000000010000,000010001010000000000101010010000101,000000100100000101100000100000101010,011000000001001000001010001101000000,136,956ms
101101100000100000000000000110000001,010000001000000100010111100000010000,000010000001011011100000001000100000,000000010110000000001000010001001110,140,10101ms
000000001100000010100100100110000100,100000100000100100011000000001000011,010101010000001000000011001000001000,001010000011010001000000010000110000,98,5329ms
010000000000000000100110000010101110,000100011000001101000001100001000000,000011000111000000001000011000010000,101000100000110010010000000100000001,47,14732ms
100101110000000000100000000100000110,010000000000100001010000011011100000,000000000111010000001101100000010000,001010001000001110000010000000001001,130,963ms
100001100000101000000010110000010000,001000000010000100011100000110000001,000010010100000010100001000001001010,010100001001010001000000001000100100,89,3181ms
000111110100000000101010000000000000,011000000001101010000000100100000001,100000000010000100010001001000011010,000000001000010001000100010011100100,163,1537ms
110110010000100000100000001000000010,000000100001000010011110000001000001,001000001000001100000001100000011100,000001000110010001000000010110100000,147,2079ms
000111010001000000000000100101000100,000000100110001100001000001010010000,101000000000000000110110000000001011,010000001000110011000001010000100000,163,6264ms
010111110000001000010000000000000100,000000001100010001000000010001110010,001000000011100010100010100000000001,100000000000000100001101001110001000,114,21011ms
110101100000000000000010010000000101,000010010001101001001000001000010000,001000001110000000100000100011100000,000000000000010110010101000100001010,157,266ms
100010110000000001000100101000000010,001001000011101000001000000100010000,000100001000000010010011010000100100,010000000100010100100000000011001001,92,4915ms
001000101100000000000001101010000100,000000000010101001000100010101010000,110000000001010110110000000000000001,000111010000000000001010000000101010,119,21147ms
111101100000100000000000000000100010,000000001011001101001000000101000000,000000000000000010100111101000010100,000010010100010000010000010010001001,121,18457ms
110000101000010000011000000001010000,000100000000101100100110010000100000,000000010110000010000000101000001011,001011000001000001000001000110000100,107,7524ms
011011001000011000000010000000000010,100000010100000000000001101100110000,000000000001100111100100010000000001,000100100010000000011000000011001100,93,10851ms
100010111001000000000100000000100001,001100000100000111100000000010000100,000000000010101000010011001100001000,010001000000010000001000110001010010,89,7732ms
010110111000000001000000001000000010,000001000000000000101010010010110100,100000000000100100000101100001001001,001000000111011010010000000100000000,151,50903ms
010100001000000000100100010010100100,000011010000100000001000001001001001,101000100011011000010000100000000000,000000000100000111000011000100010010,157,9170ms
110001110000010001100000000000100000,001000000001001000001101110000000100,000100001010000000010000001010011010,000010000100100110000010000101000001,144,1868ms
111010110000010000000000010001000000,000100000010000010000100001000110011,000000000101101100000011000100000100,000001001000000001111000100010001000,157,1459ms
111000000000000000101000100100001001,000000100010001000010010001010010010,000100010100110001000001010000100000,000011001001000110000100000001000100,150,1631ms
101000110010000000100110000000010000,010001000101000010010000100000101000,000010001000110001000001001100000001,000100000000001100001000010011000110,122,1706ms
100000011011000000001000000001001001,000110000000110001000010010010000100,010001100100000000110000101100000000,001000000000001110000101000000110010,157,55ms
101011110000010000000000010000000010,010000000001101001000000001001001001,000000001100000110000010000010110100,000100000010000000111101100100000000,136,7929ms
011111001100000000000000000001010000,000000010011000100001001110000001000,100000000000011000110110000100100000,000000100000100011000000001010000111,177,495ms
110011110001000010000000001000000000,001000000000101101001010000010001000,000100000010000000000100010101100011,000000001100010000110001100000010100,122,3732ms
100011110000010001000001010000000000,001000000000000010010110000101100001,010000000011001100100000100010001000,000100001100100000001000001000010110,142,2610ms
111111010000000000000000000001000001,000000101000100100000110000000110100,000000000100010011010001101100000000,000000000011001000101000010010001010,177,1963ms
010010010001000100000001001000001010,000001000010100001010010100001000100,000100001100000010000100010100100001,101000100000011000101000000010010000,72,1736ms
010100000000001100010000100000010110,000000010010010010101000010100100000,000001101000100000000001001011000001,101010000101000001000110000000001000,32,1546ms
110010101000001000000000000010100010,000000000100000100010110010001001001,001000010010100001001001100100000000,000101000001010010100000001000010100,147,1945ms
010001101000000001000100001100001000,000000010000110000100000010010100101,100010000100000100011010100000010000,001100000011001010000001000001000010,149,3248ms
101000010000101010010010000000010000,000011100011000000100000010001001000,010100000000010101001000001000100100,000000001100000000000101100110000011,91,2670ms
010011100001000000011000001001000000,001100000100010101000100100010000000,000000011010000010100001000000001110,100000000000101000000010010100110001,64,17127ms
010110110101000100100000000000000000,100000001000000000000100110100010110,001001000010000001000010001001100001,000000000000111010011001000010001000,137,29977ms
010000101000001000010000001001001001,101000010000000010001011100100000000,000011000010000001100100000010100010,000100000101110100000000010000010100,45,7059ms
000111100110000010000100000000001000,010000001000110000001000010010010001,001000000000000001010011001101000010,100000010001001100100000100000100100,95,13910ms
011101001000000101010000100000000000,100000000001101010000001000110100000,000000110110000000000000001001001101,000010000000010000101110010000010010,98,43883ms
011101100000000000110000000000001100,000000001010100000000010110011100000,100010000001010001000000001100010001,000000010100001110001101000000000010,157,181ms
010101001000010000000100001001100000,100000000010000000000011110010000011,001000010101000101011000000100000000,000010100000101010100000000000011100,101,12760ms
111110111000000000000000000010000000,000000000000000000101110110000010101,000001000010101101000001000001100000,000000000101010010010000001100001010,177,97ms
110101110000000000000100000001000100,001000000101001000001011100000100000,000000001010100011100000001000001001,000010000000010100010000010110010010,128,4190ms
101111101001000000000000100000000000,000000010000001100000001000111010010,000000000100110011100000010000100100,010000000010000000011110001000001001,177,561ms
111000001010001000000000110000000010,000001010100100100010010000100000100,000100100000000011000000001001111000,000010000001010000101101000010000001,102,5192ms
000010001011000000001011100000010000,101001100000000110000000010100000100,000100010000110001110000001000001000,010000000100001000000100000011100011,0,12819ms
010011101100000000010000000000011000,000000000000100100101100000101100010,000100010000010001000000011010000101,101000000011001010000011100000000000,61,14509ms
101000101000010000100000101001000000,000000000000000100001111000010001011,000100010000101011000000010000100100,010011000111000000010000000100010000,84,16780ms
111001100000000000000010010000000011,000000001001100010011001001000001000,000100010100000100000000100101110000,000010000010011001100100000010000100,157,535ms
001011111000010000000000000010100000,100000000001001001000110110000001000,010100000010000100100000001101000001,000000000100100010011001000000010110,101,53322ms
100101111000100000000010000000001000,000000000000000001000001100111110010,010010000100011000011000011000000000,001000000011000110100100000000000101,157,1269ms
101100010000000010000011000001000010,000000100100100100000100110110000000,010011000010011000010000000000110000,000000001001000001101000001000001101,130,1633ms
111000110000100000100000100000000010,000000000101000000011000000010011101,000010001000000100000111011000100000,000101000010011011000000000101000000,126,36565ms
101001111000000000100000000100000100,000000000000001000010110011011001000,000000000100100111000000100000110010,010110000011010000001001000000000001,121,14495ms
001010101100000000010001010000001000,100101000001000001000010000101000100,010000000010110110100100001000000000,000000010000001000001000100010110011,101,33446ms
101110111000001000000000100000000000,000000000010000110110000001001000101,000000000100100001001011010100010000,010001000001010000000100000010101010,152,10262ms
001000011100100000001101000000000100,000100000000011010010010000011000010,010010100011000001100000000000011000,100001000000000100000000111100100001,104,4604ms
111100101100000010000000000000000010,000000010000010000010101110011000000,000010000000101101000010001000100100,000001000011000000101000000100011001,157,184ms
010101111010000100001000000000000000,001000000000010010000100000001110110,000000000001101000000010111010001000,100010000100000001110001000100000001,67,53654ms
000001000111000001100011001000000000,000000110000010100000100010101000001,000010001000000000011000100010010110,111100000000101010000000000000101000,44,85529ms
011100110000000001000000000000100101,000010000000100100010101101000001000,100000000110010000000010000101010010,000001001001001010101000010010000000,157,3925ms
101001011001101000000000000001000000,000000000110000001000101101000100010,010000000000010000110010010110000001,000110100000000110001000000000011100,157,329ms
011000100000000100000001100001100001,000001000101100000000110010100010000,000000010010001011010000000010001010,100110001000010000101000001000000100,36,6002ms
100111111000001000000000000000000001,010000000001100000100011000010010010,001000000110000010000000111101000000,000000000000010101011100000000101100,177,127ms
011001110000000000010100000000010100,100110000010000000101001001000100000,000000001000110100000000010010001011,000000000101001011000010100101000000,52,20508ms
100010010001000010000000010110001000,000101100000001101010001000000000100,001000000100000000101110000000010011,010000001010110000000000101001100000,125,1697ms
010111111000000000000000000000000110,001000000000101000011100100000001001,100000000011000110000010010010100000,000000000100010001100001001101010000,166,3017ms
101001010010010010010000010000000000,000010000001001101101101000000000000,000000001100000000000010100011111000,010100100000100000000000001100000111,111,75833ms
011000101000001100100000001000010000,000010010010100011011000010000000000,100001000101000000000100100010000011,000100000000010000000011000101101100,151,27145ms
111101011000000001010000000000000000,000000000101000000000000110100110101,000010100000111000100001000011000000,000000000010000110001110001000001010,157,162ms
001101101000001000000000001000100001,010000010000000101101000000010010010,000000000111110000000011000100000100,100010000000000010010100110001001000,84,11768ms
101110100001000000000000010000001100,010001010000000000100100101010000010,000000001010110011000000000101000001,000000000100001100011011000000110000,137,75399ms
001001001100010000000000001100100001,000110000000001010100000000010011100,010000010010000100010111010000000000,100000100001100001001000100001000010,97,12406ms
001000100011101000100000100000100000,010100001000000000000101000100011010,000011000000000110010010001011000000,100000010100010001001000010000000101,14,8319ms
011011000000010000000110000100000100,000000100110000011010000010010000001,000000011001001000100000001001101000,100100000000100100001001100000010010,77,5024ms
100000110000001110001000001000100000,010011000001010001000000010100001000,000100001010100000010100100001010000,001000000100000000100011000010000111,55,6160ms
101010011000000000000010010000011000,010100000000010000100001000010100110,000000100000100111011000001100000000,000001000111001000000100100001000001,112,6251ms
010100011000000100101100100000000000,000000100010110001010000010000000110,101000000000000010000011001101000001,000011000101001000000000000010111000,157,4869ms
010010101000100000000001011000100000,100000000100011111000000000000010100,001001010001000000011110000001000000,000100000010000000100000100110001011,51,73425ms
100011101110000100000000000000000001,000000000000001000111100010010110000,000100010000110011000000000101000010,011000000001000000000011101000001100,132,8954ms
101111011000000000000000001001000000,010000000001101000010000010110000100,000000000100000111001010000000100011,000000100010010000100101100000011000,138,6531ms
100100010110000000010000010000010001,001000001001000000001110100010000010,000001000000011100100001000001001100,010010100000100011000000001100100000,88,1888ms
001101000101000000000000001100000110,010000010010001100001100000010010000,100000001000000011110000110000001000,000010100000110000000011000001100001,157,661ms
010111001010000000010000000001000001,000000000100010100100001100000110100,000000100001100011001000011000001000,101000010000001000000110000110000010,60,6333ms
110101010000000000100000001000001100,001000000100100000010010110000110000,000000001010011110000001000100000001,000010100001000001001100000011000010,151,685ms
000010100000010001001000010000001110,110001000100100010110000000000000001,001100010000000100000000001011110000,000000001011001000000111100100000000,26,332ms
101111000011000000010000000000010000,010000001000001000001010110100000100,000000100100100011000000001001001001,000000010000010100100101000010100010,160,1135ms
111001000000001000000010100001000100,000010000000000001111000010010101000,000100010001010010000100000100010010,000000101110100100000001001000000001,136,9544ms
001100001000101010000010100100000000,000000010000000001101001001001001001,010001000011000100010100010010000000,100010100100010000000000000000110110,65,34666ms
100001000001000000111101000000000100,001000011100100001000000010000110000,010110000010000000000010100001001001,000000100000011110000000001110000010,153,14365ms
001110011000010000000000000001001100,000000100010100001000101100010000001,010001000100001010000010010100010000,100000000001000100111000001000100010,128,14339ms
000100001000101000110000101000000010,000001000011000100000000010110010100,001010000100000011000100000001100001,110000110000010000001011000000001000,41,52315ms
011111111000000000000000001000000000,100000000000110000000110100100010100,000000000011001101010000000010001010,000000000100000010101001010001100001,114,39491ms
101110011001001000010000000000000000,000001100000000101000100000100010110,010000000100110010100000011010000000,000000000010000000001011100001101001,177,211ms
101001110000000000000100000100000110,010010001110000000001000001010010000,000100000001101110100000010000100000,000000000000010001010011100001001001,127,11127ms
011110000001000100000100000001010000,000000000010110001001000110100000100,100000011100000000100000001000101010,000001100000001010010011000010000001,164,662ms
110110001000010010001000010000000000,000000110010101001000010000010001000,001001000100000000010001000001110010,000000000001000100100100101100000101,177,2580ms
010110100000110001000000000000000101,001000000001001000101000001100110000,100000011000000010010110010000000010,000001000110000100000001100011001000,152,4811ms
000110101000001000001101100000000000,000000010100000000000010001010011110,001000000001010101100000010100100000,110001000010100010010000000001000001,84,24590ms
111100100000000000000011000001010000,000011000011001010010000110000000000,000000001100000100001000000110101010,000000010000110001100100001000000101,157,7067ms
010101000001001001000010001000000001,000010000100100000001001110100000010,001000101010010000110000000010000100,100000010000000110000100000001111000,80,5491ms
010001010000010100000011000000011000,001010100100000001000100010110000000,000100001010101000100000000000100110,100000000001000010011000101001000001,45,1622ms
101101101000000000000000000001100010,000000010001010101010000110000000100,010010000100100000100010000100001001,000000000010001010001101001010010000,157,144ms
111101101000101000000000000000000000,000010010011000000000101010000100010,000000000100010001000010101001000101,000000000000000110111000000110011000,157,718ms
111100001000001000101000000001000000,000000010000010101000000111010001000,000010000110100000010011000000010001,000001100001000010000100000100100110,157,247ms
010100100000101100000000010000010001,001010000000000000100100100001100110,100001010010000010010011000100000000,000000001101010001001000001010001000,122,16669ms
011011010010110000000000000010000000,000100100101000001000100100001000100,100000000000000100001001011000110010,000000001000001010110010000100001001,131,9606ms
001110101000000010001000000100000001,000000000100101000010010100001000110,010001010011000000000001001010001000,100000000000010101100100010000110000,92,10041ms
010000100100000101000101000011000000,000001000010001000101000010000101001,000100011001100010010000001100000000,101010000000010000000010100000010110,74,3403ms
010100010101100000010000000010000010,001001000010000000100100101001010000,000000000000011111000010000100100001,100010101000000000001001010000001100,55,37786ms
001000000001001110000010000100000110,000010000100010000110100001010010000,010100010010000001001000010000001001,100001101000100000000001100001100000,45,3075ms
111101111000000000000000010000000000,000010000001010001000101100010000100,000000000000100010101010001000110010,000000000110001100010000000101001001,157,317ms
111000100000000000001000000001001110,000000000001000110110001000010010001,000001000010111000000010101100000000,000110011100000001000100010000100000,117,27596ms
100001101000000000000100100000010110,010100010000000110000001011000001000,000000000001100001111000000110100000,001010000110011000000010000001000001,110,8679ms
011010010000000001000001100100000100,000000101100000000001100010001101000,000000000000110100110010001010010000,100101000011001010000000000000000011,94,40904ms
100000000101000010000110100000000101,000100111000001001000000010010100000,011010000000100100110000001001000000,000001000010010000001001000100011010,146,6304ms
101011000010000000100000000010101000,000000000000010000011100011001000101,010000101001000110000001000100010000,000100010100101001000010100000000010,157,801ms
011101111000000000000001000100000000,000000000001101100001100110000000100,000010000110000010100000000010011010,100000000000010001010010001001100001,123,899ms
001010110000101000000010000000001010,000100001100000000000100101101010000,010001000000000010111000010010000100,100000000011010101000001000000100001,88,5693ms
010010000010001000001110011000000000,000001001000010001000000100011001001,001000100001000110000001000000010110,100100010100100000110000000100100000,31,38279ms
000000000000011000010111000011000100,000010000010000100100000111100100000,101100111100100010000000000000000000,010001000001000001001000000000011011,133,11275ms
101100101010000000001000000011000000,000010010100100100110000000000110000,010001000001010010000000001000001101,000000000000001001000111110100000010,125,2011ms
010010100000000100000010100110001000,000100010000000001001000001001100101,100001000100101010000001010000010000,001000001011010000110100000000000010,128,18167ms
011010110000000000001000100000101000,000100000011001000100010010100010000,000001000000000111000100000011000011,100000001100110000010001001000000100,70,17211ms
110010011001010000000100100000000000,000001100000000000010001010100100110,001000000100100011101000000010001000,000100000010001100000010001001010001,157,1004ms
101101111000000000000010000001000000,010000000001100100010100011000000010,000010000000001010000001100010011100,000000000110010001101000000100100001,118,2896ms
100010000010000000110000100001100100,001000000100000100001010001110010000,010100111000000000000001010000000011,000001000001111011000100000000001000,157,1705ms
111001010010010000100000010000000000,000100000000000011001100000101010010,000000000000101000000011101000101100,000010101101000100010000000010000001,122,16694ms
011000010100100010000010000010000001,000001101001010000010000100001010000,100010000000000001100101001100100000,000100000010001100001000010000001110,157,234ms
101010000010100000001000000100000101,000000010001011010000010000011010000,000101001000000101000001111000000000,010000100100000000110100000000101010,116,6188ms
110000110000010000001000000010010100,000100001011000010110000010001000000,000001000000101001000010001100100010,001010000100000100000101100000001001,116,5313ms
101011001101000000000010000001000000,000000110010000101100000001100010000,000000000000101010010101010000000011,010100000000010000001000100010101100,95,8498ms
110010010000010000001010000100001000,000100000100101000010000110001000100,000001100000000010100000001010100011,001000001011000101000101000000010000,157,1280ms
010101011000100010000000001000000100,000010000000010001100110100010000001,000000100010001100010000010100010010,101000000101000000001001000001101000,82,4074ms
110100000001100010000001010000010000,000001001000010000000110000110000110,000000100000000101110000101001001000,001010010110001000001000000000100001,114,6751ms
000110000010100100100001001000010000,001001000000000000011010010011000010,100000110000011001000000100100001000,010000001101000010000100000000100101,121,24202ms
011100111100000100000010000000000000,100010000001001000010000100110000010,000000000010010011100100000000101001,000001000000100000001001011001010100,120,21151ms
010111010000000100000010100000010000,001000000010010011100000001100000100,100000100100100000010100000011000010,000000001001001000001001010000101001,177,363ms
111111011000000000000000000000000100,000000000000000111000011100100001001,000000000010001000111100001010010000,000000100101110000000000010001100010,163,1713ms
111011001000010000100000000010000000,000000000101001000001101100000011000,000000010010000010000010010100100101,000100100000100101010000001001000010,140,2249ms
100110110000000010000001010000000001,000000001100111100000100100100000000,001001000001000000101000000001001110,010000000010000001010010001010110000,132,2259ms
110111100000100001000000001000000000,000000000000010100110100000010100101,001000001010000010000001110001001000,000000010101001000001010000100010010,143,3757ms
000100010000001010000100110000110000,100000100100100100110000000010000010,000011000000000000000001001101001101,011000001011010001001010000000000000,0,3677ms
101001101001010100000000000000001000,000010000010100001010110000010010000,010100000000001000001000000100100111,000000010100000010100001111001000000,157,816ms
011001100000000001010000001101000000,100000001010100100000100010000011000,000010000001011010001010000000000110,000100010100000000100001100010100001,79,2921ms
011000011100101000001001000000000000,100001000010000001100010101000001000,000000000001000110000000000111100101,000110100000010000010100010000010010,63,132904ms
010001110000000011000100000010000001,100110000000011000001000001000110000,001000000011000100000000110001001010,000000001100100000110011000100000100,43,3216ms
110011111000001000000001000000000000,000100000010100001110000001000100010,000000000100010010000100100100011100,001000000001000100001010010011000001,157,2959ms
110000111000000000000100001001000010,000100000010000011010001000100100100,001000000100101100001000110010000000,000011000001010000100010000000011001,128,4945ms
111111000000000000100000000000101000,000000011010000001001110000000000101,000000100101011110000000000001000010,000000000000100000010001111110010000,171,2416ms
111011110000010000000000000000001000,000000000011000101010110000110000000,000000001100000010001000001001010110,000100000000101000100001110000100001,151,2029ms
110110111100000000000000100000000000,000000000010001000011001001001001100,001001000001110100000100010000000001,000000000000000011100010000110110010,177,614ms
101111010000000000000001000000101000,000000100000110011010000101010000000,010000001100000100001010000100010010,000000000011001000100100010001000101,177,474ms
101000000100101001000000010000101000,000101100011010010100000000010000000,010010010000000100000100000001010110,000000001000000000011011101100000001,116,23576ms
110111111000000001000000000000000000,001000000001000110000100111000000010,000000000010000000111001000101100001,000000000100111000000010000010011100,163,2364ms
110010110000000001000000001000000011,000000000110000110100110000001010000,001000000001011000011001100010000000,000101001000100000000000010100101100,108,21114ms
110111000000000000100000100010100000,000000001100000011010010010001000100,000000110001010100000001001100000001,001000000010101000001100000000011010,177,157ms
111110110000000010000000000000000010,000001000100000101101000000100101000,000000001000011000000101110001000001,000000000011100000010010001010010100,141,4668ms
111111111000000000000000000000000000,000000000000111010000101001100001000,000000000011000001010000100001110010,000000000100000100101010010010000101,177,81ms
011111101000000001000100000000000000,100000000010000100010000001010001011,000000000100001010000001110001010100,000000010001110000101010000100100000,120,45287ms
111100000000100000100000000101000001,000010100000010001001010011000000010,000001000111000100000101000010000100,000000011000001010010000100000111000,157,93ms
111010111000000000000000001000001000,000000000000000011011001100001100001,000100000001110100000100000110000010,000001000110001000100010010000010100,157,103ms
110011011000000010000000000000100100,001000000110100101000100000001001000,000000100000010000011011101010000000,000100000001001000100000010100010011,124,25146ms
000001110000011100010000100000000010,000010001000100001000010000001110100,111000000001000010000101000000001001,000100000110000000101000011110000000,114,5799ms
011110001000001000000000000001100001,100001000000000001011100010100001000,000000100110010000100001100000000110,000000010001100110000010001010010000,115,27867ms
101100011010000010000001000000010000,000000000001101000000110010011100000,010010000000010100001000101100000010,000001100100000001110000000000001101,153,138ms
000101101001000000001000001011000000,100010000010000110000011000100000001,001000010100001000010000010000011010,010000000000110001100100100000100100,59,1071ms
101101110100000000000000001000000100,000000000010110010011000000001110000,000000001000001100000011010010001001,010010000001000001100100100100000010,105,3448ms
110100100001010100000000001000001000,001001000000100001010011000000100100,000010001000000000000100110110010010,000000010110001010101000000001000001,157,12355ms
111010000010000000000000000011001001,000000110000101010010100000100100000,000000000001000101000010111000010100,000101001100010000101001000000000010,117,14361ms
010000010001001001010010101000000000,101001000000000100000000010100100110,000010001100100010000100000010011000,000100100010010000101001000001000001,38,78831ms
000011000100100000100000100000110010,110000100010000100011010000010000000,001000010001010000000001000101000101,000100001000001011000100011000001000,72,8379ms
001011001001000000000000010010000110,000000100000101001000101000100001001,100000000100010110100000101000010000,010100010010000000011010000001100000,122,8887ms
010011001100001000000000010100000100,000000000010010000101110000011000010,000100100000100111010000100000100000,101000010001000000000001001000011001,93,12087ms
011110100001010000001000000000100000,000000010000100100010000101011000001,000001001000001000000001010000011110,100000000110000011100110000100000000,93,7283ms
000101011001001000001000000000110000,001000000010100100010000100100001001,000000100000010001100110010010000100,110010000100000010000001001001000010,38,1352ms
001100010010001100010000010000000100,100001000000000000001010001110000011,010010000000100010000101100000110000,000000101101010001100000000001001000,48,17914ms
001100111000110100000000000000010000,010011000010001000100000000100001001,000000000101000010011001000001100100,100000000000000001000110111010000010,56,73193ms
110000011000001000000110000000010100,000100100100000110101000001000100000,001001000001100000010000010011000010,000010000010010001000001100100001001,113,4533ms
101001100010010010001100000000000000,000000001000100001100010010000111000,010100000100001000000001000110000101,000010010001000100010000101001000010,157,947ms
110010001000000000100000000011011000,000101100110000110000000000000100010,001000010001000001010010001100000001,000000000000111000001101110000000100,157,5779ms
110100101000110000000000000001000001,000000000100000000111100101000010100,001011010001000000000010010100001000,000000000010001111000001000010100010,157,438ms
110111101000010001000000000000000000,001000000000001010000001010001110001,000000000101100000101100000110000010,000000010010000100010010101000001100,177,348ms
001101001000001000000010000011000100,110000110010000000000000100000110001,000000000101100011001000010100001000,000010000000010100110101001000000010,69,48636ms
000000111101000001100010000000100000,000100000010100010000000011100000110,101010000000011100000000000001001001,010001000000000000011101100010010000,118,26960ms
100111010000000010110000000010000000,000000001110000000000001000100111001,001000000000101100001000011000000110,010000100001010001000110100001000000,120,6092ms
110110000000000010010010000011000000,001001101101000000000101100000000000,000000000000011001001000010100110100,000000010010100100100000001000001011,124,40480ms
100001011001000000001000100010000100,001000000000001010100001000100101001,010010000000110100000100010000010010,000100100110000001010010001001000000,94,8890ms
100011100000000000010000010110001000,000000010100000110101010000000110000,011100001000000001000100000001000011,000000000011111000000001101000000100,157,438ms
010101100000101010000000100000010000,001000000100000101000001001000001011,000010010000010000010010010011000100,100000001011000000101100000100100000,65,2678ms
000100000000010010000001001001110100,011000000100000001101100000110000000,100000111010000000010010010000000010,000011000001101100000000100000001001,70,2323ms
100011010010001001000000000100000010,000000000100000110110010000010110000,010100001000100000000101001000001100,001000100001010000001000110001000001,134,6614ms
101100110100000100000000000000010010,000000000001101011011010001000000000,010011000000010000000000100100101001,000000001010000000100101010011000100,144,11063ms
011011101010000000000000000010000010,000000010000100100110010100100000001,100100000000011011001000000000011000,000000000101000000000101011001100100,157,725ms
000110110000000001001101000001000000,110000000010111100000000001000100000,000001000000000010010010100100010110,001000001101000000100000010010001001,64,13114ms
111010011000000001000100000010000000,000000000010110110000010000100100010,000101100101001000000000010001000100,000000000000000000111001101000011001,157,5603ms
001100011011001000010000000000000010,000001100100000000000001001010101100,100010000000110100000100000001010001,010000000000000011101010110100000000,114,9119ms
111110001000100100000000000000000010,000001000000001010100001111000001000,000000100110010000010100000111000000,000000010001000001001010000000110101,177,116ms
110001010100100000000000110001000000,000000101000011000100010000010001100,001110000011000001010000000100000010,000000000000000110001101001000110001,177,148ms
111111101000000000000000000001000000,000000000000001000110110001000011100,000000010100100110000000000110100001,000000000011010001001001110000000010,177,49ms
001001011001000000000000101010100000,000000000000001110111001010100000000,110100000110010000000100000000000101,000010100000100001000010000001011010,157,300ms
110100110001000100001000100000000000,000001001010000001100000010000111000,000010000000010010010011001100000001,001000000100101000000100000011000110,142,3146ms
000101111010000100100000000000001000,100000000001100001001100001010010000,001010000000011010000010010001000001,010000000100000000010001100100100110,66,3254ms
011001000000110001100000000001001000,100110000000001000001001000010100001,000000000000000110010010111100010000,000000111111000000000100000000000110,74,4182ms
110001100000000000000010000000100111,001110001000001001011000000001000000,000000000011010010100100001000011000,000000010100100100000001110110000000,115,10222ms
001111111000000000100000000000010000,000000000100010111000010011001000000,000000000011000000010001000110001110,110000000000101000001100100000100001,112,21375ms
100110010000010000101010010000000000,000001100000000000010100001100001110,011000001111000100000001000001000000,000000000000101011000000100010110001,177,5846ms
011100100000100001010001000001000000,000000001001000000000100111110000001,100011010010000110000000000000010010,000000000100011000101010000000101100,139,13343ms
111001101000000000000001000001001000,000000010010000011000100111000000010,000010000001010000010000000110010101,000100000100101100101010000000100000,157,1027ms
000010010000010111100000000100000010,100100001000000000011110100000100000,010001100101000000000000011000010100,001000000010101000000001000011001001,84,39987ms
111001110000000000000100010000000100,000000001000001011010010100010001000,000010000011010100101000000000010001,000100000100100000000001001101100010,157,321ms
000001100100001000101000010001100000,000100011010000000010100000000011010,100000000001110101000000101010000000,011010000000000010000011000100000101,87,6050ms
010000111000000000010000011100000001,100100000001000010100010100000000110,000000000110111100000001000011000000,001011000000000001001100000000111000,64,10426ms
111000011000000000000000100001001010,000100000101011010010100010000000000,000011000000100101000010001000010100,000000100010000000101001000110100001,106,32322ms
010111000100000011000000000000100010,001000001000011000000011100010000100,000000100010000000011100001101000001,100000010001100100100000010000011000,125,4059ms
111100110000000101000001000000000000,000001001000101010010100000000001001,000000000100010000100010001001010110,000010000011000000001000110110100000,155,1837ms
011001011000010000000001011000000000,100000000010101000000010000001101100,000110100000000111001000000100010000,000000000101000000110100100010000011,104,94686ms
110100011000000000000001000100010001,000011000000011010000010010010000100,001000000111000001000000100001001010,000000100000100100111100001000100000,157,889ms
010001001111000010000100000000000010,001010000000110000110011000000000100,000100010000001001000000001011101000,100000100000000100001000110100010001,68,59969ms
101101001000000100001000100010000000,000010000100010010010101001100000000,000000010001101000000010000000110110,010000100010000001100000010001001001,91,14727ms
010111100000001000001000010000000100,001000001000110000000000001101100010,000000010001000111010001100000010000,100000000110000000100110000010001001,62,23194ms
111000010001111010000000000000000000,000101001000000100011110000001000000,000000100000000000000000111010011101,000010000110000001100001000100100010,107,75531ms
001111001010001000000000010000000001,000000000000100000101011000100101010,000000010001010011000000101001010000,110000100100000100010100000010000100,67,9912ms
001011110000100000000000000101100000,010100001010001001010001000000000001,000000000101010010001000011010010000,100000000000000100100110100000001110,76,146208ms
011011100000101000000010000000000010,100000001000000000001100100010100101,000000010111000000100001011001000000,000100000000010111010000000100011000,92,25010ms
110011000000000000100011000010000010,001000010010100000011000001100100000,000100000000010011000100110000000101,000000101101001100000000000001011000,106,13587ms
000101001000001000010000011001001000,100000110001100000000110000010000010,000010000010010111101001000000000000,011000000100000000000000100100110101,36,22206ms
001110111100010000000100000000000000,110000000001000001010001000000000111,000000000010100110001000101001001000,000001000000001000100010010110110000,95,18463ms
001101111000000000000100100000000010,000000000110001000110010001010001000,100000000000100111000001010100000001,010010000001010000001000000001110100,118,23430ms
000110111001000000010000000010000010,110001000100000000000110000101100000,001000000010110101000000010000010001,000000000000001010101001101000001100,57,3139ms
010101010100100100000000000000011000,000000100000001001101010010101000000,101000001000000010000100100000000111,000010000011010000010001001010100000,142,2083ms
000111101001000000010000100000100000,001000000000100000101000000100011011,110000010110011000000100000001000000,000000000000000111000011011010000100,177,1437ms
010000110000100001001000000011000010,100000001011010010000000100000010001,000111000100000100010001000100001000,001000000000001000100110011000100100,115,3046ms
110110011000000000010000000000000101,000000000100100101000100001100101000,000001100010001000001001010010010000,001000000001010010100010100001000010,153,1105ms
100010100100001001000000001000001001,000000011000000000100100000110010110,011100000011010000010001100000000000,000001000000100110001010010001100000,143,16881ms
010000011100010010001100000000000100,000101000000000001000001110010000011,000010100000101000010010001101000000,101000000011000100100000000000111000,86,2109ms
001100101010000000000000110110000000,000001000100101001100001001000100000,110010010000010000000000000001001110,000000000001000110011110000000010001,157,133ms
000000110001000000000010010000110011,000010001000001011000000000110001100,101101000110000100011000000000000000,010000000000110000100101101001000000,139,14375ms
111011100000000000010001000000000100,000100001011001001000000000100001001,000000000000100100100110000011010010,000000010100010010001000111000100000,144,18701ms
001100110000001000101000000000000011,010001000001000011010000001110000000,100000000010110000000101110000000100,000010001100000100000010000001111000,104,6935ms
100000001000000111000000010110000001,010100100101000000010100000000001100,001011000000100000001000100001010010,000000010010011000100011001000100000,100,12836ms
101110000000000010000000001011000010,000000011100010000001010110000010000,000000100000100001100101000100101000,010001000011001100010000000000000101,168,2590ms
011011111000010000001000000000000000,000000000101000001010001000010000111,100100000010001000100110001000010000,000000000000100110000000110101101000,157,231ms
101000011010000000010100011000000000,000001100101001000000000000001011100,000110000000110010000000100010000011,010000000000000101101011000100100000,128,69337ms
000000100010110000010001000000110010,100010001100000000001110000000000101,010100000000001011100000010110000000,001001010001000100000000101001001000,61,484ms
111111100000010001000000000000000000,000000001000001000011100100000010011,000000010111100000100001000110000000,000000000000000110000010011001101100,177,55ms
001010111000000101010100000000000000,100100000010101000000000010010100100,010001000000000000001010001101001010,000000000101010010100001100000010001,93,86742ms
100101000000010101001010000000000010,011010011000000010100000001000000100,000000000111001000000000110011001000,000000100000100000010101000100110001,58,42316ms
110110100000000000101000010000000010,001000010001010100000001001010010000,000000001110001010000010100001000001,000001000000100001010100000100101100,154,1187ms
111100011100000001000000000010000000,000000000001011000010010010001000011,000010000010100010001000001000101100,000001100000000100100101100100010000,157,396ms
001101100000101010000000100000000100,100010010001010000010000000110100000,000000000100000101000101001000011001,010000001010000000101010010001000010,47,14309ms
100001111000000000100001000000100010,000010000101000100010000110010000001,001000000000110001000100000101010100,010100000010001010001010001000001000,142,4957ms
110001101000010000000000001000000011,000000010001000100001100010010011000,000110000000101000110000000100100100,001000000110000011000011100001000000,177,256ms
000111001100000100000000000101000010,010000000001010001010100000010101000,101000010000001000000011010000000101,000000100010100010101000101000010000,165,3166ms
110101111000000100000100000000000000,001000000100110001000000010101001000,000000000001001000111011000010010000,000010000010000010000000101000100111,157,913ms
111110000000000000100010100001000000,000001100101010001000000000000111000,000000010000101100000001000110000101,000000001010000010011100011000000010,163,41361ms
100110111000000000010000010000000100,010000000000100000001101001001001010,001001000011000000100000100010100001,000000000100011111000010000100010000,177,188ms
110010100100000000000101000100000010,000000001001001100000000000011110001,001001010000100010001000001000001100,000100000010010001110010110000000000,140,27921ms
110000000111100100000000000000101000,001100000000000010010110010001000010,000011000000001001001001101000010000,000000111000010000100000000110000101,96,21468ms
001110000001010001010010000000001000,000000101000100000100000110000000111,100001010100001000000000001110100000,010000000010000110001101000001010000,171,938ms
001100100100100100000100001000001000,010000010000000001010000100101010001,100000000000011010101000000010100010,000011001011000000000011010000000100,122,14286ms
011101101000000100010000000001000000,000000000110100000000100100100101010,000010010000001010101001001000000001,100000000001010001000010010010010100,86,14121ms
001011011000001100000001000000000001,100100100110110011000000000000000000,000000000001000000111100010100000110,010000000000000000000010101011111000,56,114586ms
110111001011100000000000000000000000,000000000100011000101100100000000110,000000110000000010010010011000001001,001000000000000101000001000111110000,164,144ms
000110001000000011000100101100000000,100000000100010100100001000010000101,001000000010100000011000000001111000,010001110001001000000010010000000010,53,8386ms
010110001100010010000000000100000001,000000000011100000101011010000001000,101001100000000000010000000011010010,000000010000001101000100101000100100,177,948ms
011010000000010000110011000000100000,000000001100100011000000111000000001,100100010010001100000100000010000010,000001100001000000001000000101011100,157,6987ms
001111101000000000000100100010000000,110000000000100011110001000001000000,000000010100010100000000010100001011,000000000011001000001010001000110100,95,7077ms
110001000100010000000000000000010111,000000010011100000100000100111000000,001000000000001011000011011000100000,000110101000000100011100000000001000,91,13318ms
101011100000000000011000000100010000,010000000000110000000011101000100010,000100001011001010000000000010001001,000000010100000101100100010001000100,157,404ms
101111111000010000000000000000000000,000000000010000110011010010011000000,000000000000101001000100000100101110,010000000101000000100001101000010001,152,1230ms
110111110000010000000000000001000000,000000001000000000001110111100001000,001000000010000000100001000010110110,000000000101101111010000000000000001,163,1708ms
101111100000000000000000001010010000,010000001000000110100010000000001110,000000010011110000000101000001000001,000000000100001001011000110100100000,116,7749ms
000001101001001001010100000000000010,100000010000100000001001100101001000,011000000000010110100000011000100000,000110000110000000000010000010010101,63,16955ms
101011011100000000000000000001001000,000100000001101011010000000000000101,010000100010010000000001110000100010,000000000000000100101110001110010000,151,357ms
010110000000001000100100001010000010,000001110110100000000000000001001100,101000001001000000000000110100110000,000000000000010111011011000000000001,164,9447ms
110111011000000000000000100000010000,001000000101100001001101000000100000,000000000010011100000000000011001110,000000100000000010110010011100000001,141,13083ms
001001100000100001000100000001110000,100010000000010010000010010010001100,000100000001001000100000101100000011,010000011110000100011001000000000000,39,10363ms
010001100011000000001010010001000000,001010000000001110000000000000101011,000100001000100000110100100110000000,100000010100010001000001001000010100,93,16480ms
011000110001000000000001100100000010,100010000010100010000000010001001100,000100001100010100100010001010000000,000001000000001001011100000000110001,114,2170ms
110010111000000000001000100100000000,001101000000001110000010010001000000,000000000100100000000001001010101101,000000000011010001110100000000010010,108,25989ms
001001111000001000010000000001010000,100010000100000100101000010000001010,010100000011100010000010001000000001,000000000000010001000101100110100100,69,15066ms
010110010100000000100000100000110000,100000000000000010010010001110001001,001001001000010101000101000000000010,000000100011101000001000010001000100,119,6811ms
011100101110000110000000000000000000,100000000000101000001000100001010110,000011000001010000000000011110001000,000000010000000001110111000000100001,121,10997ms
011111110100000000000000001000000000,100000000001001000100010100101000001,000000001000010000010100010010011010,000000000010100111001001000000100100,128,27827ms
111000101000110000000000000100000100,000001000100000000001000011011010010,000010000000001010110010100000001001,000100010011000101000101000000100000,119,7452ms
001110010000000000100010100000011000,000001100001000101001001000001100000,010000001000110000000100000110000101,100000000110001010010000011000000010,133,14877ms
001110110101000000000101000000000000,000000000010000010110010010000100101,010000001000100100000000001001011010,100001000000011001001000100110000000,116,9626ms
110110101000000000000100000000010001,001001000000001001100011000100100000,000000000100010110010000110010000010,000000010011100000001000001001001100,152,13245ms
010111011000010100000000000000001000,000000100010001000010000010100010101,001000000000000010100111100000100010,100000000101100001001000001011000000,103,22893ms
000000101000010000000001010101010100,010010000011000010110000100000000010,001001010100000000001110001010000000,100100000000101101000000000000101001,67,26187ms
011101000110000000100001000001000000,100000001001000000010010000000101101,000010010000100001001100000010010010,000000100000011110000000111100000000,100,1701ms
100110101000000001100000000010000001,000000000110011000011001100100000000,010000010001100000000100011000011000,001001000000000110000010000001100110,157,3119ms
000101010000010010001000000101001000,110000001110100100100000000000000100,001010000001000001010100100010010000,000000100000001000000011011000100011,43,3226ms
000000010000110000101001000001010001,010000001010001010010010010010000000,100100000101000001000100100000001100,001011100000000100000000001100100010,73,5000ms
100100110000000000000011010010000001,000010001110000000110000001100000100,001000000001010011000100000000011010,010001000000101100001000100001100000,100,3201ms
010101110000001000010000000010001000,000000001001010000100111100000010000,001010000100000100000000010100100110,100000000010100011001000001001000001,105,14580ms
011101011000000010001000000000100000,100000000000101100000000011000001011,000010000101000001100010100010010000,000000100010010000010101000101000100,110,9847ms
011110111000000000000101000000000000,000000000111110010000000001000100001,000000000000001101111000110000010000,100001000000000000000010000111001110,141,13866ms
111101001010010100000000000000000000,000010000000001011101000010010000001,000000000101000000000010100101101100,000000110000100000010101001000010010,157,404ms
011010111100000000001000000000000010,100000000000101111000000000000101001,000000000011000000010010011110000100,000101000000010000100101100001010000,116,26737ms
011011110000000100010000000000100000,100000000101010010000101000011000000,000000000010001000001010001100011100,000100001000100001100000110000000011,98,36403ms
100000111100011000000001000000000100,010110000000000010110000001000100001,000000000011000100000000110110001010,001001000000100001001110000001010000,113,2255ms
011011011000000000000001100001000000,000100100000011011000000000100100100,000000000110100100100000000000011011,100000000001000000011110011010000000,77,147380ms
010011010000011000000010000000010100,100100000010000100001000101010000010,001000100100100011000000010101000000,000000001001000000110101000000101001,94,6414ms
110000010000001001000010000001000011,000010101000010010000100110000001000,001000000001100100100001001000100100,000101000110000000011000000110010000,99,2959ms
100000100100000001000010101001000001,000011000010000010100101000000101000,000100000000100100010000010110000110,011000011001011000001000000000010000,78,6932ms
010011111000000000000000001010000010,000100000010101101100010000000010000,100000000000010000011001000001100101,001000000101000010000100110100001000,157,6121ms
000100011000000000010110001000101000,101000000001000001000000100001010110,000000100110110000100001000110000000,010011000000001110001000010000000001,72,11929ms
001010000010001010010010100001000000,100000001100000000100000011100010001,010101110000010000000001000010000010,000000000001100101001100000000101100,72,7571ms
011111011001000000000000000000100000,000000000000010001011101000100010100,000000100000001010100010100001001010,100000000110100100000000011010000001,106,55770ms
000101000001000000000100110001001100,100000100100100010000001000000010011,000010011000001000101010000010100000,011000000010010101010000001100000000,19,5264ms
111010100000000011100000001000000000,000101000000101000010010010010010000,000000011111000000001000100000100010,000000000000010100000101000101001101,157,412ms
100111001000100000010001000001000000,000000100100010001000000010110101000,001000000001001010001010001000010001,010000010010000100100100100000000110,109,11207ms
000010101100100000000000010101001000,001000000000010001000011001000010110,010001000010000100110100100000100000,100100010001001010001000000010000001,95,4527ms
010110011000000000000100010010010000,000000000001001001010000100100101100,001001100110000100001000001000000001,100000000000110010100011000001000010,106,53900ms
100011001100100000000001000000011000,001000000010000000011110110000000100,000100000000001111100000000100000011,010000110001010000000000001011100000,119,1432ms
010100111100100100000000000000000001,001000000010001001111000000010010000,000010000001010000000101001001000110,100001000000000010000010110100101000,74,13348ms
101010101000000000000010000000011010,000101000010010000001100001110000000,010000000001100100000001010001000101,000000010100001011110000100000100000,120,2432ms
011000001000100010001010100000100000,000001110001000100010000001001000010,100010000010000000100001000100010101,000100000100011001000100010010001000,147,2567ms
100100111010000000000000010100010000,000010000101101001000010000000001100,011000000000010000001100000011000011,000001000000000110110001101000100000,157,731ms
000010000010000101010100101000000001,010000000101000010000001000100011010,000101010000001000100010010010100000,101000101000110000001000000001000100,25,7989ms
101101000000011000000100000000010010,000000111000100010100001000100000001,010000000100000101001010100010001000,000010000011000000010000011001100100,131,756ms
000110010001000001001000101000000001,110001000010000100100110000000000010,001000000000011010000001000010011100,000000101100100000010000010101100000,36,3902ms
110100001000000001001000000011000010,000001000001000000110001110100000001,001010110100100000000110000000001000,000000000010011110000000001000110100,157,1667ms
111001011010010000001000000000000000,000100100000000010100010000010110100,000000000101100000000101100001001010,000010000000001101010000011100000001,157,1518ms
000101110000010000010000010000100001,101010000000000000000100001111001000,000000001110101010000001000000010010,010000000001000101101010100000000100,32,18766ms
111110010000000001000010000100000000,000000100010001010000100001010101000,000000001001100100010001000001000101,000001000100010000101000110000010010,140,1672ms
101000111000000010000100000101000000,000101000000001100100000001000101100,010000000000110000010010110000010001,000010000111000001001001000010000010,141,1126ms
101010010101010000000100000010000000,000100000010000101000001100000001011,000001101000000010010000011000110000,010000000000101000101010000101000100,129,1063ms
011010001000000000000000001101000101,000001010100110011000000010000000010,100100000000001000110000100010011000,000000100011000100001111000000100000,157,1904ms
100110000000001000010000010000001011,011000010100000100000010000010100100,000000101010010001101000000001010000,000001000001100010000101101100000000,100,5619ms
111011111000000000100000000000000000,000000000001011000010100000110100001,000100000010100110001000100001010000,000000000100000001000011011000001110,157,71ms
001011101000001000000000100100001000,100000010000110001010100001000100000,000100000111000010000000010010010100,010000000000000100101011000001000011,90,10496ms
111011011000000010000000001000000000,000000100010110100110001000001000000,000100000001000001000010000100010111,000000000100001000001100110010101000,146,3425ms
101001001000000001001100000110000000,000010000010010000110000111000010000,000100010001001010000010000001000011,010000100100100100000001000000101100,101,9432ms
101100001010010100000100000000100000,000000010100000000011010100000010011,000000100001100010100000011010000100,010011000000001001000001000101001000,105,7352ms
001001110100000000100000000010000110,110000001000100100000101100100000000,000000000001000011011000000001011001,000110000010011000000010011000100000,78,2343ms
101000100000001110001000000100100000,000100000011000001010000010000011001,000010011000100000100010001001000100,010001000100010000000101100010000010,135,1110ms
100100101000100000000010000110000010,001001000100000100000001001001001001,010000000000011001101100110000000000,000010010011000010010000000000110100,139,9495ms
100000010100010010011000100000100000,001000001001100000000001011001001000,000100000010001101000010000000010110,010011100000000000100100000110000001,47,14792ms
001111110000000000000000000010000101,110000001000000000001000111000101000,000000000000110111110000000001000010,000000000111001000000111000100010000,93,81361ms
101010110000001000000000100010010000,010100001100000000011100000001100000,000000000010110011100000001000000011,000001000001000100000011010100001100,92,15634ms
111001001101000001000000000001000000,000000100000000100011100011010000010,000010000000001000000010100000111101,000100010010110010100001000100000000,134,13576ms
100010001000011000000010000001100001,001000000100100001000101000000011100,010101100000000100001000011010000000,000000010011000010110000100100000010,134,4079ms
001001101000000000101010000010100000,000110010100001000000101010000000100,000000000011010011010000101000000001,110000000000100100000000000101011010,68,96321ms
000000011100000001010001010000010100,100011000001011000000100100000000010,011100000010000110100000000001000001,000000100000100000001010001110101000,78,10275ms
100001010000010101000000000100010100,000000001000000000010100110001101001,001010000100101000000011001000000010,010100100011000010101000000010000000,107,56382ms
100100011001000001000100001010000000,010010100110000000100000100000001100,000000000000010100001011000101010010,001001000000101010010000010000100001,81,5479ms
101001000001100000100010000000000101,000010111010010000000101000000001000,000000000100001101000000111101000000,010100000000000010011000000010110010,105,4379ms
100000101001000100001000100100000001,000010010000000010000010001010011010,000101000100011001010100000001000000,011000000010100000100001010000100100,115,2902ms
101010111000000100000100001000000000,000000000000001001100000110101001010,000100000101100000011000000010000101,010001000010010010000011000000110000,133,4712ms
011100000000000010010001001010000010,000000000001001100000110100001000101,000001111110010001000000000100000000,100010000000100000101000010000111000,123,7400ms
011110011000100000000100000010000000,000001000010000001001001011100010000,000000100100000100100000100001100110,100000000001011010010010000000001001,125,9570ms
000101100000100001000010010001001000,110010001000001000000101000010000001,000000010011000110100000100000100010,001000000100010000011000001100010100,21,781ms
101010100000100000000000001011000100,000000000010001111101000010000000001,000101010001000000010100000100110000,010000001100010000000011100000001010,114,5049ms
011110010110010000000000001000000000,000001001001000001100100100010000100,000000000000101010001010010100001001,100000100000000100010001000001110010,127,27289ms
001010011001000000100011000000100000,010001100100100001010000101000000000,000000000010010110001000000100011100,100100000000001000000100010011000011,54,225984ms
001110100001000110000000010000010000,100000001000001000101010001010000100,000000010110000000000001100000101011,010001000000110001010100000101000000,70,4438ms
110011101000000000000001000010000100,000000000100000001001110010101100000,000100010000110100010000001000000011,001000000011001010100000100000011000,125,1954ms
010001000010000000010100110001000001,000010000101001110001000000000010100,100100100000010000100010001010000010,001000011000100001000001000100101000,111,8546ms
111100111000100000000000000000000001,000000000111010000100010010010100000,000000000000001101011001100001000010,000011000000000010000100001100011100,129,6992ms
100101001000010100010010000000000010,001000000001000010101100011000000100,010000100010100000000001000100011001,000010010100001001000000100011100000,131,14495ms
101100100000001000000001000000010101,000001001000010100100010011100000000,000010000001000000011100100001100010,010000010110100011000000000010001000,81,96898ms
001000111001100000000010010010000000,000101000010010111110000000000000000,010010000100001000001001000100001001,100000000000000000000100101001110110,65,79649ms
001010001110000000000000000110000110,110101000000100000111000000001000000,000000010000011010000111100000001000,000000100001000101000000011000110001,66,11919ms
011010100010000010000000101000010000,000000000000101101110010000100100000,000100011101000000000001000010000011,100001000000010000001100010001001100,84,11109ms
000100110110001001000010001000000000,101000000000000100001000010100100110,000000000000100010110101000010010001,010011001001010000000000100001001000,52,57753ms
000011100110110000000000010000000100,000100010000000000011101000100110000,001000000000000011100010101010001000,110000001001001100000000000001000011,50,97849ms
001111100000000001000001001010000000,000000011010001010110000100000000100,010000000101110000000100010000100010,100000000000000100001010000101011001,97,10438ms
001000110100000000000000100111100000,010100001000101001110000010000000000,100010000011000000000110001000000110,000001000000010110001001000000011001,126,11679ms
011001010101000100000000000010001000,000010100000011001100000000101100000,000000001000000000011101010000010011,100100000010100010000010101000000100,84,24705ms
100011111000000000000000100001000100,010000000101010110000100000000010010,001000000010000001111000011010000000,000100000000101000000011000100101001,157,2827ms
001000010100000011000010100000100001,010000000001111000100100000011000000,000101001010000000011000000100011000,100010100000000100000001011000000110,64,564ms
111001111001000000000000000000001000,000110000000000011001111100000000000,000000000100001100110000010000110010,000000000010110000000000001111000101,157,32842ms
100110001001010000000000001001100000,011000010000100010001000000100000101,000001000000001100000000110010011010,000000100110000001110111000000000000,74,21032ms
010110101010100000010000000100000000,000001000101000000101011010010000000,000000010000001110000000100001110010,101000000000010001000100001000001101,81,3814ms
000100100000000100101101010000001000,000000000100111001000000100100100010,100011011001000000010000000000010001,011000000010000010000010001011000100,119,9355ms
110111010000000011000000000000010000,001000101101000000000000011100000100,000000000000111000001111000000000011,000000000010000100110000100011101000,118,56784ms
100111100000101000000001000000001000,000000000101010000011000010000100101,001000010010000000100010001110010000,010000001000000111000100100001000010,177,1040ms
010111101000100000000100000000000100,100000000010010010000010001101000001,000000010100000001100000000010111010,001000000001001100011001110000000000,119,22365ms
100101100000000000000100100100100010,000000001000001001001001010011000100,001010010000100110110000000000001000,010000000111010000000010001000010001,157,399ms
111100010001000001000001000000010000,000000000110100100010100001000000110,000001101000011000101000000010001000,000010000000000010000010110101100001,146,2657ms
000001011001110000000000000110010000,011100000010000001001000100000100001,100000000100000100100010011001000010,000010100000001010010101000000001100,129,3499ms
100100000100010000001001001001000100,011000001011000000010000010010010000,000000010000001111000100000000001011,000011100000100000100010100100100000,48,1753ms
001100000000000000101100100010100100,010001010000010010000010001100000001,100000001000101101000000000001010010,000010100111000000010001010000001000,103,19020ms
