001000111010000101000000010100000000,100011000000010000010001100000000011,010000000001100010001010000000101100,000100000100001000100100001011010000,58,9699ms
111101001000000000000100000001010000,000000010100011000000000000010001111,000000000011100100010000011100100000,000010100000000011101011100000000000,144,70981ms
111110011000000000000000010000010000,000000100000011000001010000011100010,000001000011000001000001100100000101,000000000100100110110100001000001000,177,322ms
010011111001010000000000000000001000,101000000010000000000101011001000001,000000000000001101101010000000010110,000100000100100010010000100110100000,64,17070ms
001101100100001001000000000000000110,000000000011110000000101000010001001,010000001000000100100000111000110000,100010010000000010011010000101000000,79,10255ms
111000110000000001001001001000000000,000111000001000100000000000011000101,000000001000110000010100010100010010,000000000110001010100010100000101000,126,131774ms
011110001000001001001100000000000000,100001000011010010010000000100000100,000000110100000100000011000010110000,000000000000100000100000111001001011,105,23553ms
001011101001001000000001000000010000,100000010000010000001000111100000001,000100000110000100000100000011100010,010000000000100011110010000000001100,66,5971ms
101011000000000000110010000001100000,000000100100100000001000011100000110,000100000010001100000101100000001001,010000011001010011000000000010010000,90,23157ms
001011001000010000100000000010100001,010000000101000000010100100101001000,000100100000001010001001011000010000,100000010010100101000010000000000110,62,5854ms
100100100000010001010000001010000001,010010001000000010000001100100101000,001001010010001000101000010000010000,000000000101100100000110000001000110,106,11828ms
011110011000000000101000010000000000,000001100100010100010001000001000100,100000000010100000000000000110011011,000000000001001011000110101000100000,177,4608ms
001110000001100000000001001011000000,000001110000000110100000000000110100,110000000100010001010010010100000000,000000001010001000001100100000001011,171,235ms
001000110000010000100000000100011010,110001000010101010000010000010000000,000100001100000000001000111000100100,000010000001000101010101000001000001,83,3191ms
101111110000000000000001000000000010,000000001000000011100000101010001001,010000000111001000010010000001010000,000000000000110100001100010100100100,177,2021ms
011101011000000000001001000000000001,000000100000010110010000100001010010,100010000100000000000010011110000100,000000000011101001100100000000101000,157,79ms
010101111010000000000000000101000000,001010000000101110000010000010010000,100000000101000001101100100000100000,000000000000010000010001011000001111,157,1853ms
100011101000000001100100000000000001,000000000010011000000010010011001010,001100010100000000000000101100110000,010000000001100110011001000000000100,151,621ms
101111000000000000000011100000000010,000000100000001010001100000011010001,010000010010100100000000010100001100,000000001101010001110000001000100000,177,1880ms
100011100000100000010000100001010000,001000010110000000001100000110000100,000000000001010011100010010000100010,010100001000001100000001001000001001,87,3520ms
110001011100100001000000000000000001,001000000011000000011000000011101000,000100000000011110000100001000010010,000010100000000000100011110100000100,131,13304ms
101100101000000000100000000101001000,000000010010010010001000101000000011,000001000100001001000111010000000100,010010000001100100010000000010110000,143,808ms
101001000000011001000001000010000001,000010001000000000100010001100011010,000100010001000110011100100000000000,010000100110100000000000010001100100,91,62565ms
110010100000000000101010000000001001,000001001000011100000100000111000000,000000010011100001010000101000010000,001100000100000010000001010000100110,140,1680ms
101001011000000100000100000001000010,000110000000010000011010011000010000,000000000011001000100001000100101100,010000100100100011000000100010000001,125,39932ms
110111100000000010000000000000010010,001000000001011100010100000101000000,000000001010000001100000011010100001,000000010100100000001011100000001100,166,992ms
000110110001000101000100001000000000,100001001000100000000000010110000011,001000000100010000001001100001110000,010000000010001010110010000000001100,62,11777ms
000100100011001010000110000100000000,101001001000100001000001000000010010,010010000000010100000000111000000101,000000010100000000111000000011101000,30,1709ms
110100111000000001000000100000000010,000000000000110010001010010110100000,000010000101000100000101001000010001,001001000010001000110000000001001100,129,5184ms
010000110100000100000110010100000000,001001000010100000100001000000011010,000010000001001001011000000011000001,100100001000010010000000101000100100,82,1083ms
100001111000000100000000000000001110,000100000100010000100000100100110001,011000000000100000001100011011000000,000010000011001011010011000000000000,126,19717ms
010010101001000000000001000001100010,000001010000010100110000011000000001,000100000110001001001100000010001000,101000000000100010000010100100010100,60,12582ms
101011010010000000010000000100100000,000000100001001000101000011001001000,010100001000100111000000100000000010,000000000100010000000111000010010101,157,469ms
000010001000010000001001001001100100,001001010001101001100000000000001000,010100000010000100000000100110000011,100000100100000010010110010000010000,38,9777ms
110011000000110000000001000100010000,000000010001000010001000001001001011,001000000110001100010100010010000000,000100101000000001100010100000100100,157,1058ms
101111001010000000000000001000000010,000000010001100001010000110010001000,010000000100011100001110000000100000,000000100000000010100001000101010101,163,2017ms
011001111000100000000001001000000000,000000000000011010000010110011100000,000110000000000100101100000100001001,100000000111000001010000000000010110,121,38070ms
010110011100010000010000000000000010,001000100011000000001011000010100000,000001000000000110000000111001010100,100000000000101001100100000100001001,67,9100ms
111000010000000000101010000000011000,000000001111000001000000110100000001,000101000000011000000001000010100110,000010100000100110010100001001000000,144,2640ms
010110100000000000110000101100000000,000000001001100010000011010001001000,001001000000011001000100000010110000,100000010110000100001000000000000111,137,6684ms
001011100100010010000000101000000000,010000001000100001000100010001010100,100100000001001100010001000000001001,000000010010000000101010000110100010,130,3238ms
011100000100100000001000000011000010,100000100000000001000001011000101100,000001010001001100100100000000010001,000010001010010010010010100100000000,101,3030ms
010011110011000001000001000000000000,100100000100101000010000101000010000,000000000000010100001000000110101110,001000001000000010100110010001000001,54,132188ms
010011000001001000001010100100000000,000100010110000000000101001001001000,001000001000110010100000000010010010,100000100000000101010000010000100101,94,1820ms
100000011000000011001001001000010000,000000000011100000000010100110001010,001111000000001100100000000001100000,010000100100010000010100010000000101,126,1871ms
011101101000000000001000000000100010,000010000000010000010101101000001001,000000000011000001100000000111010100,100000010100101110000010010000000000,123,55732ms
111110000000000000010001000100000100,000000010100101111000100000000010000,000001100001000000001000010000101011,000000001010010000100010101011000000,150,2244ms
111011101000000000000000001001000000,000000000101101001111000000000000010,000100000010010100000001100100010100,000000010000000010000110010010101001,150,1978ms
000010111000000000100000101010000100,010001000010001010010011000000000001,000000000101000100000100010100110010,101100000000110001001000000001001000,54,37410ms
010111000011000011000000100000000000,100000100000010100010110000100000001,000000000000101000101000001000011110,001000011100000000000001010011100000,91,24061ms
001010110001010000000000000001000101,100000001010100110000010001000100000,000001000000000000111000100010011010,010100000100001001000101010100000000,64,125195ms
111101011001000000010000000000000000,000000100000000110100100110000010100,000010000010011000001000000111001000,000000000100100001000011001000100011,157,512ms
001010101010000000010010000100000100,100100000000000101101000001010001000,000001010001000000000100010001110010,010000000100111010000001100000000001,45,3012ms
110111001001001000000010000000000000,000000100110000011000100000101000010,000000000000000100110000110000111100,001000010000110000001001001010000001,163,15375ms
111101100000000000000010100100000000,000010010000110100001000000010100100,000000000111001001000100000000001011,000000001000000010110001011001010000,119,4444ms
000101001101000100010001000000000100,110000000000000010001000011001010001,001000000010000001000110000110100010,000010110000111000100000100000001000,67,12751ms
110011011100000000000000001010000000,000000000011010001000001100000101100,001100000000000100110000000100010011,000000100000101010001110010001000000,157,22ms
011010111000011001000000000000000000,100000000110000000000001100110100100,000001000001000010100100000001010011,000100000000100100011010011000001000,92,6372ms
011100111000100100000000000000000010,100011000011010000010000010000000001,000000000000001000001100101110011000,000000000100000011100011000001100100,85,123879ms
100110101000001000000000000110010000,001000000011110100001001010000000000,000001010000000000110000001000101011,010000000100000011000110100001000100,177,8241ms
011011011000100000000000000110000000,100100000001000001011000100001000001,000000100110010000100000011000101000,000000000000001110000111000000010110,116,3749ms
010111100001000000000000010001000010,100000001000001110000111000100000000,001000010110010000100000000010100001,000000000000100001011000101000011100,127,15700ms
111110101000000000000000001001000000,000000000000001000110110100010011000,000001000101100010000001000100100010,000000010010010101001000010000000101,177,75ms
000111101010000000000011000100000000,000000010100000000111000101000001100,011000000000000101000100010011000010,100000000001111010000000000000110001,81,4618ms
101101001011000000000000000001000100,000010100100010010001000000000011001,010000000000100101000111010010000000,000000010000001000110000101100100010,125,9971ms
111100111001000000010000000000000000,000000000100100010100000101001001001,000000000010001001001010000100010110,000011000000010100000101010010100000,133,9795ms
001010100111000000100100100000000000,010001010000011001010001000000010000,100100000000000100000010011001001010,000000001000100010001000000110100101,128,5368ms
110110011000001000000011000000000000,000000100000010001000000010001110101,000000000111100100000000001010001010,001001000000000010111100100100000000,177,13193ms
110101000000000000010011000000100001,001000010010000011000000110100000100,000010000001110100101000001010000000,000000101100001000000100000001011010,131,10906ms
100011011010010001000000000000100000,001000000000000100000010000101001111,000000100001000010000101011010010000,010100000100101000111000100000000000,92,123985ms
111111100000100000000000000001000000,000000000001001001000000000110101011,000000000110010010110010001000000100,000000011000000100001101110000010000,177,1877ms
110011100000000010000000100010010000,000100000000100101000101000101100000,001000010010010000100010001000000110,000000001101001000011000010000001001,136,1098ms
001111000000111000000001010000000000,000000001010000000001010100101001001,110000000001000110010100000010000100,000000110100000001100000001000110010,146,7497ms
111100101000000000000000010110000000,000011000000000001001110000001100100,000000000001111100010000001000010001,000000010110000010100001100000001010,136,375ms
010110111010000100000000000000000100,000000000101100010000001010110000001,100001000000001000111000101000000010,001000000000010001000110000001111000,177,1352ms
100001011100000000100000000001000101,011000000000000011000110001100100000,000110100010001000010001010000001000,000000000001110100001000100010010010,138,2043ms
000110100000000011100001000010000100,000001001100010100010000000000001011,001000000001001000000110011101000000,110000010010100000001000100000110000,74,1251ms
011000000001011000100100001000000001,000111010100000000000001100101000000,100000100000100100011000010000001010,000000001010000011000010000010110100,101,3325ms
010110001000100000000000010101000100,101000010000010011000010000000010001,000001000110001000001001001000001010,000000100001000100110100100010100000,109,13021ms
101110100000000000010101010000000000,010001001000011001001010001000000000,000000010001100000100000100010001101,000000000110000110000000000101110010,149,86133ms
110000101100001000010000000000010010,001000010000010010000001001110000100,000001000011100100000000100001100001,000110000000000001101110010000001000,136,5400ms
011001100011000000000000000010001100,000000000000000010100100110101010010,100110010000001100011001000000000000,000000001100110001000010001000100001,163,11582ms
010110000100100000110001000000001000,101000100000000100001100010100100000,000001011001000001000000001010000110,000000000010011010000010100001010001,97,9266ms
111100000000010000100000100000110000,000000110100100000001011010010000000,000000001000000110000100001101000011,000011000011001001010000000000001100,157,499ms
010011001000010001000011000000000010,001100100000000000101000101001001000,100000010111000110000000010010000000,000000000000101000010100000100110101,99,132187ms
000010110000000001000001101100001000,100001001000011000000100000010010100,000100000101000110011010000000100000,011000000010100000100000010001000011,38,4696ms
100100001100101000000001000000100001,000000010011010000100100001000001100,010010100000000110010000000111000000,001001000000000001001010110000010010,148,384ms
101100000000010000001001010011000000,000000000100101001010100000100001010,000010110001000110000000100000010100,010001001010000000100010001000100001,91,2492ms
001100100000101010010000010100000000,000010000100000001001000001010010101,000001011011000100000101000001000000,110000000000010000100010100000101010,61,6963ms
011011010000001000010000110000000000,100000000000100101000011001000011000,000100100110010000001000000001100001,000000001001000010100100000110000110,97,15493ms
010010110100000100001000010000000001,100001000000110000000000000101011010,000100001000001000110100101010000000,001000000011000011000011000000100100,95,20008ms
111000000000000100001000000011001001,000000010100010000000110111000100000,000110100011000001100000000100000010,000001001000101010010001000000010100,177,999ms
100110011000010000000010000000000011,000000000100100100101100000010100100,001000000001001001000001110101000000,010001100010000010010000001000011000,114,6513ms
000011101000001100001000000000001001,001000010000010011100000011000000100,110000000110000000000110100001000010,000100000001100000010001000110110000,121,2320ms
110010101000000100100000010000000010,000100000000010011001000001000100101,001000000010000000010001100101011000,000001010101101000000110000010000000,157,522ms
010001010000000110001011000000100000,100100001001000000010000111000010000,001000100010101000100000000111000000,000010000100010001000100000000001111,89,2934ms
011010100000000000010100001110000000,100001000010000011001000000000101100,000000000101001000000011010001000011,000100011000110100100000100000010000,92,40367ms
111001100000000000001000001000100100,000010000000011001110000100000001010,000000010100100100000001010001010001,000100001011000010000110000110000000,117,4494ms
101101100010000000000000000000011100,000000000000000001100100011111100000,000010010001010010000011100000000010,010000001100101100011000000000000001,112,14195ms
010011010000001000001101000000100000,100000100000000110010000100110000001,000100000111100001100000000001010000,001000001000010000000010011000001110,93,8688ms
100001100000000010000101110001000000,001100000011011000000000001000100010,010000001100100100000000000110010001,000010010000000001111010000000001100,157,3143ms
110001010000000010001001000000001001,001000000101001001000000101001000010,000010001010100000100100010110000000,000100100000010100010010000000110100,140,202ms
010010111010010010001000000000000000,100001000000000001100000000011011100,001100000101000000000100110000000011,000000000000101100010011001100100000,98,35495ms
110110001100010000001010000000000000,000000000000100001000000010101111010,001001010001000000100000101000000101,000000100010001110010101000010000000,177,542ms
111000101000000001100000000100000100,000011000000000000000110101000001011,000000000001011010011000010010100000,000100010110100100000001000001010000,157,3540ms
000001110000001000010000111001000000,010100000001110110100000000000000001,100000001100000001001011000000100010,001010000010000000000100000110011100,99,49554ms
100010100000101000000100001100100000,000000010110000010001001000011000100,001100001001010100110000100000000000,010001000000000001000010010000011011,136,5717ms
001001010010000001000000000110011000,100000100000100010010110000001000010,010000000101001000100000010000100101,000110001000010100001001101000000000,104,23203ms
011111101000000000001000000000100000,000000000010010001010001001101000010,000000010101000100000100100000011001,100000000000101010100010010010000100,112,66254ms
011001000010000000001000010110000010,000000010000000110010001100000011001,000000100100001000100010001001100100,100110001001110001000100000000000000,93,9062ms
000110001000000100101000000101100000,000000000111000010000001011010000100,100001000000101000010010000000001011,011000110000010001000100100000010000,116,8154ms
000101111000010000110000000100000000,010010000100000001001010011000000001,001000000001000100000101000011011000,100000000010101010000000100000100110,64,23614ms
010111110010000000100000000000000100,001000000000111101000000100000101000,100000001000000000000110001011010010,000000000101000010011001010100000001,177,802ms
101111111000000001000000000000000000,010000000010000100010010000010010110,000000000100010010000101110101000000,000000000001101000101000001000101001,177,517ms
110010000010010100000000110000000100,001001000101100000010000000101000010,000000101000001000001101000010110000,000100010000000011100010001000001001,96,7513ms
101110111000000000000001000000100000,000001000100000101100010000011010000,000000000011101010001100000000000011,010000000000010000010000111100001100,139,2696ms
000111001100001000000000010000001010,000000010010100001000100000011100100,101000000000000010100011100100000001,010000100001010100011000001000010000,159,5190ms
111001001000000010001000100001000000,000010100001000001010001000100000011,000000000000001100000010011010110100,000100010110110000100100000000001000,112,17326ms
111111001000000000000000100000100000,000000000010111000011100010000000010,000000000101000011000010001010010100,000000110000000100100001000101001001,157,7147ms
011110100000100000010000100000000001,000000010011001101000000001000010010,000001000100000000101100000011001100,100000001000010010000011010100100000,126,6918ms
010101110000000000010001000100010000,000000000011001000000010010010100110,100010001000000010101000101001000000,001000000100110101000100000000001001,157,914ms
001110101000000000000100001000100001,100001010000000011010011000000000100,010000000000111000001000100010011000,000000000111000100100000010101000010,71,18438ms
111101000000001000000000100010001000,000010110100000100010010000001000100,000000000010010010100101000000010011,000000001001100001001000011100100000,143,4861ms
000010011000101000101100100000000000,100100100101000011000000000000001001,010000000010000000010011010011000010,001001000000010100000000001100110100,28,73567ms
011011000000001100000000000010010001,100000010100010000011000011100000000,000000101011000010000000100000001110,000100000000100001100111000001100000,88,7201ms
001001001000110001001000000000001001,110100000100000010000000001100100100,000010110000001100000100000011000010,000000000011000000110011110000010000,19,4822ms
100111111000001000001000000000000000,001000000101010000100010000000110100,010000000010000111010000010100000010,000000000000100000000101101011001001,164,952ms
001100000000000011001100000010100010,100011011000100000000000110001000000,010000000011001100000010000000011001,000000100100010000110001001100000100,18,1082ms
110110110000100000010000000000100000,000000001100001000100010110100001000,001001000001000000001001001001000110,000000000010010111000100000010010001,154,1833ms
011000100000010000010110000000010010,100010001011000001000000100001000001,000001000100001100001001011000000100,000100010000100010100000000110101000,44,12539ms
011100100000001000010001000000011000,000001011011010000000000101000100000,000010000100000010001110010100000001,100000000000100101100000000011000110,95,4301ms
101110110000101000000100000000000000,000000001000000010011011000010101000,000001000100000100100000000001010111,010000000011010001000000111100000000,173,568ms
110000010000000001100000010010010100,000000101000010110000000100001001010,001001000000101000010010001100000001,000110000111000000001101000000100000,149,1685ms
000011111110000000000000001000001000,000000000000001110001000000101110001,001100000001100000100001010010000010,110000000000010001010110100000000100,84,4008ms
001011000100010000000000100101000001,010100000000001100110100000000011000,100000111000000001001000000010000110,000000000011100010000011011000100000,123,7461ms
001011111000000000100100000000100000,000000000000000001011000111101001000,100000000110100010000000000010010101,010100000001011100000011000000000010,132,14407ms
111001101100100000000000000001000000,000100000000000111110010000100000100,000000010001000000001000011010011001,000010000010011000000101100000100010,143,1174ms
100001000000111001001000000000010010,000010010011000010100010000101000000,010000101000000100000000011010100001,001100000100000000010101100000001100,96,1676ms
001110110000000001000000000011010000,110000000011000010110000010000000100,000001001000010000000010100000101011,000000000100101100001101001100000000,89,41054ms
001010001001000000000011100000001010,100001100100100100010000001000010000,010100010000000000101100010010000100,000000000010011011000000000101100001,75,84302ms
001001111000100000000011000010000000,010110000000001000000000111100000100,000000000100010110101000000001100001,100000000011000001010100000000011010,49,17593ms
100100101001000000110001100000000000,000001000010011001000100001110000000,001010000100100100000010010000101000,010000010000000010001000000001010111,157,3076ms
101001010010000001100000000100001000,000010100000001100000010001001010001,000100000000110010000001000010100110,010000001101000000011100110000000000,136,11531ms
010100110000000100101000010010000000,000000001000011001010000000000010111,001011000000000000000111001101000000,100000000111100010000000100000101000,117,9744ms
000001101001000000010001000000100101,000000010110000101000100000101010000,111100000000001000000010011000000010,000010000000110010101000100010001000,122,3815ms
001010000001111001010000000000000001,110001000100000000000000010010011010,000100100010000000100110100100100000,000000011000000110001001001001000100,53,11242ms
101010011000100000000010000010010000,010101000110000000010100000000000110,000000000000001101001000011000101001,000000100001010010100001100101000000,61,25189ms
000011010000100010010011000010000000,000000100010010100100100001000000011,000100000100001000000000110100111000,111000001001000001001000000001000100,38,4506ms
010011011000100000000010000010001000,000100100011010010010000100000000001,001000000100000100001100011001010000,100000000000001001100001000100100110,61,13897ms
100100010000000100010100110000010000,000000100000001010000011000011000101,001011000010010001001000001000100000,010000001101100000100000000100001010,99,14514ms
101100110000101001000000010000000000,000000000101000000110001000100011100,010001001000000110001000001010100000,000010000010010000000110100001000011,123,7503ms
100101000000010001000001110100000000,001010100001001010000000001001010000,000000010100100000100110000010100010,010000001010000100011000000000001101,126,445ms
101010110010100000000000000100100000,000101001000001001001000010001001000,010000000100010010010110000000000110,000000000001000100100001101010010001,157,424ms
000010010100000011010000001000001010,100101001010000100101010000000000000,011000000001000000000100000100110101,000000100000111000000001110011000000,46,17658ms
000110010001110001000000000001000100,100000000000001110001101000000100010,010000101100000000110010000100001000,001001000010000000000000111010010001,129,25027ms
011010000000101100001000001010000000,000000101100000000100010010101000010,100001010011010001010000100000000000,000100000000000010000101000000111101,157,7082ms
000100010001110000000010000011100000,011001001010000001000000010000000110,000000000100001010010101000100010001,100010100000000100101000101000001000,15,7730ms
011101110000000000100001000000010000,000010001011100000000000011000001010,000000000000010111000010100111000000,100000000100001000011100000000100101,120,2128ms
010010011100010001001000000000000010,000000100010101100100000110100000000,000001000001000000000111001001001001,101100000000000010010000000010110100,51,14395ms
010001000100011010100000000100000010,101100011000100001000000011000000000,000000000011000000010000100001110101,000010100000000100001111000010001000,50,16150ms
001101000001000010000000100001101000,000010110000010001001100000010010000,010000001100001000100001001000000110,100000000010100100010010010100000001,74,2804ms
011001101000000000000010000110000010,100100010101110000001000000000001000,000010000000001100100001111000000001,000000000010000011010100000001110100,105,39531ms
110010011011010000010000000000000000,001001000000000010100000001110100010,000000000000001101001111100001000000,000100100100100000000000010000011101,117,18168ms
011111111000000000000010000000000000,000000000000100011100001001000101001,100000000110001100001000100110000000,000000000001010000010100010001010110,177,421ms
011010101000000010000100010000000010,000100000000011000001001001000110100,100000000000100100110000100100001001,000001010111000001000010000011000000,157,1079ms
011010110000000000010000100010000010,000000000010010100100101010100100000,100101000101000011001000001000000000,000000001000101000000010000001011101,157,2127ms
111111010010000000000000000100000000,000000000001000000100110011000110010,000000000100110010001001100000001100,000000101000001101010000000011000001,177,111ms
111111110000000000100000000000000000,000000000001010110011000100000000110,000000001100101000000101000010100001,000000000010000001000010011101011000,177,42ms
110101110110000000000010000000000000,000000001000001000000100001111101000,000010000001100110001000010000000110,001000000000010001110001100000010001,134,471ms
010001111010000010100000000001000000,000000000000100000001001101110010100,001000000001010000000110010000101001,100110000100001101010000000000000010,78,14431ms
001101111000000100100000010000000000,000000000001010010011001000011000100,000010000010000001000010000100111001,110000000100101000000100101000000010,75,25493ms
101000001010000100001010000000011000,000011100001000000100101101000000000,010100000000011001010000000110000100,000000010100100010000000010001100011,116,67820ms
100001001010010100000010100000100000,000000100000001011110000001010000001,000000010101000000001001010001000110,011110000000100000000100000100011000,66,4455ms
001000000010000010010001100010110000,010100111100010000000000000000000101,100001000000101100100000010100001000,000010000001000001001110001001000010,99,3732ms
011111001000000000000101000000100000,000000010000100100000010001010001101,000000100101010001100000110000010000,100000000010001010011000000101000010,130,10413ms
011110111001000000000001000000000000,100000000000010010111000000010100001,000000000110101100000010100100000100,000001000000000001000100011001011010,136,35662ms
011001011010010010010000000000000000,000000100000000001000110001100110010,000110000001001000100000010010000101,100000000100100100001001100001001000,118,15430ms
010111101000000011000000000100000000,001000010010010000100010000010000011,100000000001000100011100101001000000,000000000100101000000001010000111100,150,13535ms
001101101110000010000000001000000000,110010000000100000000000010011100100,000000010001000100111000100000001010,000000000000011001000111000100010001,80,26332ms
010010100000001100011000000100000001,100100010011010000000000010010000010,000000001100100011000010100000110000,001001000000000000100101001001001100,38,8306ms
101101111000000100000000000100000000,010000000010010010110000100010000010,000000000000000000000101011001011101,000010000101101001001010000000100000,136,2813ms
101010001000000000010001100000001010,010100000000010000100010010101000100,000001100111001001001000000000100000,000000010000100110000100001010010001,115,21242ms
010010010011000000001001000010100000,000000000100001110000010000101001100,101000001000010000100100001000010010,000101100000100001010000110000000001,129,9840ms
101110101100000000000100000000100000,010000000000100100100010011000001001,000000010010011010001001000011000000,000001000001000001010000100100010110,144,419ms
101110000010000000100000000001100100,010000010001100101000001010000001000,000001101000001000001000100010010010,000000000100010010010110001100000001,133,10479ms
101000101000000001100000001001001000,000010000010010010000100110010000010,000000000100101000011010000100000101,010101010001000100000001000000110000,128,6286ms
000100110100100000000001101100000000,001000000000011010010010010010000100,110000001001000001100100000000000011,000011000010000100001000000001111000,157,239ms
100000000100100100010100001010000010,011010001000000001001000010001000100,000001000010011010100000100100001000,000100110001000000000011000000110001,108,3016ms
111011010001000100000010000000000000,000100000010100000001001001100010100,000000100100010000010100110010001000,000000001000001011100000000001100011,157,421ms
110101010000000000100001010000001000,000000000000100001010110000011100100,001010001110010010000000000000010001,000000100001001100001000101100000010,157,2736ms
010100000000001001010001010100001000,000000101000100100000000000011000111,101010010100010000000100100000100000,000001000011000010101010001000010000,140,16625ms
100101110000000000001000001000100001,010000001000101010000010000010001010,001010000101000101100000100001000000,000000000010010000010101010100010100,134,18005ms
010001100010000000000110001100100000,001000001000000100001001100010000110,100110010000010010010000010000000001,000000000101101001100000000001011000,148,6758ms
110100010110000000010100000000010000,000010001000101001100001000000100001,001000100000000110000000011001000110,000001000001010000001010100110001000,118,589ms
011111110000000010000000001000000000,000000000110000001001100010001100100,000000001000010100010001100010010001,100000000001101000100010000100001010,114,62070ms
000101100000001101100010100000000000,001000000100100010010000000000011110,000010010000010000000100001111000001,110000001011000000001001010000100000,50,21138ms
010101010100000110000000000100000010,001000100001010001100000001010100000,100000001000101000000101110001000000,000010000010000000011010000000011101,139,5563ms
010010000001001000111000100000001000,100101011000000100000010010001000000,001000100100100001000101000000110000,000000000010010010000000001110000111,69,15897ms
010101001001101000001000000000000100,001010000000010001010001100010000001,100000110010000100000110000101000000,000000000100000010100000011000111010,136,1924ms
101101101000000000001100010000000000,000000000110000011100000001010100100,000000000000001100010001100101010001,010010010001110000000010000000001010,107,113538ms
010000111000000110000010001010000000,100011000001001001100000000100100000,000100000010100000011000010000010011,001000000100010000000101100001001100,38,1833ms
100111000000000000000010010100000110,000000010000000111010001100010001000,011000001011000000100100000001100000,000000100100111000001000001000010001,177,95ms
011101010001000100001000000010000000,100000000010100001010000000000010111,000010000100001010000100010001101000,000000101000010000100011101100000000,76,20218ms
000000100110010001100101000000000010,000111011000000000011000010000000001,000000000001101010000010100100100100,111000000000000100000000001011011000,14,18344ms
110011001000001000000000000101001000,000100100010000001010000101010000001,001000000100100000000111010000010010,000000010001010110101000000000100100,157,169ms
101111101000000000000000000100010000,010000000000100101000010001010001001,000000010101000010100000010001000110,000000000010011000011101100000100000,161,383ms
000111000001000000110010000001100000,010000001010000101000000010110000100,000000110100110010000100001000010000,101000000000001000001001100000001011,74,8436ms
100010110001100100000000001000010000,011100000000010001010000010100000001,000001001110000010001000000000100110,000000000000001000100111100011001000,79,13041ms
111010111000000001000000000001000000,000100000000100010000011010010110000,000001000011000000100000101100000101,000000000100011100011100000000001010,157,5254ms
001011110000000000000000001000011010,000100000000001010100100000100100101,000000001001100100001010100011000000,110000000110010001010001010000000000,60,14564ms
100000101000001010010011000100000000,010110010000000000101100010010000000,000000000101110001000000100000110100,001001000010000100000000001001001011,80,45160ms
100001010001111010000000100000000000,011000000000000100111010000001010000,000100000000000000000001001110001111,000010101110000001000100010000100000,87,109519ms
100110000000000110100000010000010001,000000101100100000001001100101000000,000001000001011000010010000000101010,011000010010000001000100001010000100,102,186ms
111101110000000000110000000000000000,000010000011110000000000101000000101,000000000000001111000011000000111000,000000001100000000001100010111000010,157,68ms
111110100000100000000001000010000000,000000000011001000101000000000001111,000001001100000001010100001001100000,000000010000010110000010110100010000,163,1054ms
001010111110000000000000000001000100,000000000000100001110011100100000001,100101000001000110000100001000001000,010000000000011000001000010010110010,143,2687ms
011010011000000101001000000000100000,100100000101000000110001001000000100,000000000000101000000010110010001011,000001100010010010000100000101010000,53,45987ms
001011011000000000100000010011000000,100000000000001010001101100000101000,010000100100000101000010000100000101,000100000011110000010000001000010010,116,1788ms
010000000100000001000100001011000110,000000011010010000100000000100011001,101001100001100000011000010000000000,000110000000001110000011100000100000,157,7125ms
110111111000000000000000100000000000,000000000011001100011000000000001110,000000000100110001100000010100110000,001000000000000010000111001011000001,177,397ms
111010110001000000010001000000000000,000000000000100110000010001010101010,000001000110010000101000000100000101,000100001000001001000100110001010000,157,196ms
101101000101100000000000000100100000,010000000000000110110100001000001010,000000001000011001000000110010010100,000010110010000000001011000001000001,157,313ms
110101100000000000100000100100000010,000000010110011000010100000000001001,000000001001100100000011010010100000,001010000000000011001000001001010100,153,411ms
010111001000000000010000100000101000,000000000100000000100110010111010000,000000010000110111000001001000000001,101000100011001000001000000000000110,79,10483ms
000100000001000010011011100000010000,000001101000010100000000011010000100,001010000100001001100100000000001001,110000010010100000000000000101100010,22,8040ms
011111011000000000100000000100000000,000000000111010100001100001000000001,100000100000001000010001000011110000,000000000000100011000010110000001110,177,43ms
110001001000000001000100001011000000,001010010000100110000000000100001001,000100000101001000000011100000110000,000000100010010000111000010000000110,110,5887ms
100000001010001000000101000010010001,001011000100100100000000010001001000,010000010000010001111000100000100000,000100100001000010000010001100000110,93,10938ms
110111010001000000000000000000000011,000000001010010000110000010000101100,000000000100101000000110100111000000,001000100000000111001001001000010000,177,327ms
011000111000100100010000000000001000,100000000000001011100000010011000100,000010000100010000000101101000000011,000101000011000000001010000100110000,70,6047ms
100110001010000000011000010000000010,011000000001010101000000000010110000,000001000100101010000010001001001000,000000110000000000100101100100000101,119,59104ms
000111011110000001000000000000100000,001000000001100010000011000100011000,010000000000010000010100101000000111,100000100000001100101000010011000000,112,7187ms
100100110000000011000001100001000000,010000001100000000001100000010011001,000000000011111000010000001000100100,001011000000000100100010010100000010,53,12812ms
111100110000011000000000000000000100,000000001100000110101000010010001000,000011000000100000010101001100000010,000000000011000001000010100001110001,157,636ms
110010001000000001000011000000010010,000001100001101000100100000100000100,001100000000000010010000001011001001,000000010110010100001000110000100000,129,4786ms
111100010000010000100011000000000000,000010000001000000001000100100111010,000001000110001000010100000011000100,000000101000100111000000011000000001,157,265ms
110110100000000000000000010001100001,001000010001101000010000100100000100,000000001000000111000010000010011010,000001000110010000101101001000000000,139,50260ms
111010101100000000100000000000000100,000001010000001100001100001000110000,000000000001110010000010010100001010,000100000010000001010001100011000001,157,144ms
100101010000000100000010001000010001,001000000111000001011000010100000000,010010100000010000000100000001101100,000000001000101010100001100010000010,113,5689ms
101111011000000000000000000000110000,010000000000011000000101001011000001,000000100000000101010000010100001110,000000000111100010101010100000000000,162,1331ms
000000000000100001000110011011001000,010100101000001000010000100000010010,100001010110010110000001000000000000,001010000001000000101000000100100101,75,58548ms
010000010000100101000000100000101010,000000000110010000011001000011000100,100010000001001010100010000100010000,001101101000000000000100011000000001,92,7437ms
100100000010001000101010100000100000,010001110001000000000001010101000000,000000000100110100010100001000000101,001010001000000011000000000010011010,55,45126ms
100101011100000001001100000000000000,000000000010010010000001101100010100,001010000000101000100000010010100010,010000100001000100010010000001001001,141,1325ms
101011110000000000000000010010001000,000100000010001010000010101001100000,010000001000000100100001000100010101,000000000101110001011100000000000010,157,209ms
011001010000010100100010000010000000,000000101000000010001001010001010010,100100000101100000010100101000000000,000010000010001001000000000100101101,157,20355ms
000000001010100101000001101000100000,001010000000011000011000000001001001,100101100100000000000000010110000010,010000010001000010100110000000010100,132,422ms
010000011001000000000100110100000010,100110000110000001100010000000000100,001001100000000100000001001010001001,000000000000111010011000000001110000,62,9497ms
111011110000000000000000100000000001,000000001010100010000000011110010000,000100000001010100100100000001001010,000000000100001001011011000000100100,151,1588ms
101011111000000000000000001000001000,000000000001001100110100000100010010,000100000110010000001010010010100000,010000000000100011000001100001000101,130,850ms
000110011000000000100001010100000001,010000000111100011000000001010000000,000000100000010100000110100000101010,101001000000001000011000000001010100,83,15480ms
011101000010000000001000100000100010,000000000101010100000010001001011000,000010110000000011010000000110000001,100000001000101000100101010000000100,76,11893ms
111100100010000000100000001000001000,000000001000010100000010100010100110,000011000101100010001100000000010000,000000010000001001010001010101000001,157,345ms
000000110100000110101100000000000001,011111000000100000000000011000001000,000000001001001000010001000001110010,100000000010010001000010100110000100,15,2429ms
110011101000100000000100000100000000,001100000001001110010000000001010000,000000010010000001000010010000100111,000000000100010000101001101010001000,124,5648ms
001001100000000010010001010000010100,010000001100000101100010100010000000,100100000011110000001100000000001000,000010010000001000000000001101100011,100,19778ms
101010111000000000010001000000001000,000000000010100110000010010100100001,010101000000010001001100000001010000,000000000101001000100000101010000110,142,2984ms
101000111000100000000100000010010000,000011000001010000010010001100100000,000100000000001100100000010001000111,010000000110000011001001100000001000,117,2851ms
010000001001000000011000100100010100,000100000110010001100001001001000000,000001100000000110000100010010000011,101010010000101000000010000000101000,35,3471ms
110000110000001010010000000100010000,000000000001000100000111110001100000,001100001010000000001000000010001110,000011000100110001100000001000000001,157,1814ms
110010010000000011000000000010000110,000000000010110000000110011000110000,001100000001000100010001000101000001,000001101100001000101000100000001000,132,11236ms
001001011100000010000010100100000000,000110000010010001110000000010000010,000000100000100000000100001001111100,110000000001001100001001010000000001,60,1608ms
111001110100000000000000000100000100,000010000010010010000000101001001010,000000000001001000111001000000110001,000100001000100101000110010010000000,150,1237ms
110100100000011010000000000010001000,000010011000000001101000000100000101,000000000011100100010010001000010010,001001000100000000000101110001100000,126,3568ms
011111100010000010000000000010000000,000000000000001001000011101001000011,000000011000100000101100000100010100,100000000101010100010000010000101000,124,6662ms
010100101001000001000000100010001000,000000000010001010001100011000000110,101001000000110000010011000000010000,000010010100000100100000000101100001,123,16872ms
000001100100000011011010000000000100,000000011001000000000101000011110000,000000000000101100100000010100001011,111110000010010000000000101000000000,50,12097ms
000101011100011000000010000000000010,100000000001000001010000001000111001,011000100010000010001000100001000100,000010000000100100100101010110000000,78,8866ms
111101101000100000010000000000000000,000000000010001010100100001000101001,000010010001000100000011000100000110,000000000100010001001000110011010000,143,1852ms
101100100000000101010000000010100000,000000010001100010001000010101000001,010010000010010000100010001000010010,000001001100001000000101100000001100,139,323ms
010001101000000111000001000100000000,100110000000110000000010101000000010,001000000000000000111100000011100100,000000010111001000000000010000011001,94,6367ms
010111011000000000010000001010000000,000000000011001010001100000000111000,001000000100110000000011000101000001,100000100000000101100000110000000110,125,12938ms
101001111000010100000001000000000000,010100000111000000000000000001010101,000010000000001000001110011000101000,000000000000100011110000100110000010,105,49042ms
001100011000011010000100000000100000,000011000011000000101000010000000011,010000000100000100000010100001011100,100000100000100001010001001110000000,73,3661ms
010100001000000000001001010100000101,001000010001000000010010000010111000,100010000100100100000000101001000010,000001100010011011100100000000000000,124,73298ms
100111011000010001100000000000000000,001000000100100000011010001010000001,010000000000000010000000110101101010,000000100011001100000101000000010100,165,456ms
100011111000000001000100000000000001,010100000100010010100010000010100000,000000000001000100000001110001001110,001000000010101000011000001100010000,87,6955ms
000101101001001000000000001011000000,000010000000000101111010100000000010,111000010000100000000101000000100001,000000000110010010000000010100011100,130,12125ms
101001110000001000010000000001010000,000000000001000101001010110000100100,010010001100000000000101000110001000,000100000010110010100000001000000011,157,30ms
001110010010000000001010000001000010,100000100001010000110100011000000000,000001000000001000000001100110101100,010000001100100111000000000000010001,59,47968ms
100010111000000000000010100000001100,000000000000101101100101000000100010,011101000000000010011000000011000000,000000000111010000000000011100010001,142,2904ms
000001001110000000110001010010000000,100110110001000010000000000000001010,011000000000111100001100000100000000,000000000000000001000010101001110101,69,12240ms
001000001110001100000000001000100100,010001100001000010100001000100010000,100010010000100001000110000010000010,000100000000010000011000110001001001,118,3086ms
110001000100000000100010000000100101,001000000000000010010100001011001010,000110001010011000000000100100010000,000000110001100101001001010000000000,177,5961ms
000111010000010000100010000000101000,001000001010000011010100100000000001,110000100001001000000000010111000000,000000000100100100001001001000010110,177,670ms
001111010100000000010000000010100000,010000000010011010100010000001000100,000000001000100100000101110100001000,100000100001000001001000001000010011,104,838ms
001101001000000000110010000000010100,010000000101000001000100100011000010,100000000010110010001000001100001000,000010110000001100000001010000100001,151,1339ms
100000111010010010001000000000100000,010110000000000100110110000000000010,001001000101100000000000000110011000,000000000000001001000001111001000101,130,36558ms
000000011010000010000010101101000000,000001000001000001010001010010010100,100110000000101100101000000000001000,011000100100010000000100000000100011,120,1566ms
101000110000000100100000110000000010,000010000010001001001111000000000001,010000000100010010000000000110111000,000101001001100000010000001001000100,157,7666ms
101000100001000000000010010001000101,000000000010001100111100000010000010,000001001100110001000001101000000000,010110010000000010000000000100111000,99,38461ms
101000011101010100000000100000000000,000011000000100010000100010000001110,010100000000000001110001000101100000,000000100010001000001010001010010001,157,387ms
111010000000010100001000001010000000,000000010010000001010001010100100001,000001101101100010000100000000001000,000100000000001000100010100001010110,157,3423ms
010100100000000111100000000000100001,101000001010100000011100000100000000,000000010001011000000001110001001000,000011000100000000000010001010010110,28,794ms
111111000000000011000000000000000100,000000011000100100001010001000010001,000000100000000000010101100111001000,000000000111011000100000010000100010,177,628ms
000100011100000010000110000100000100,000000000011101100110000000000011000,100011100000010001001001000000100000,011000000000000000000000111011000011,109,8200ms
101101011010010000000000010000000000,010000000101000000101111000010000000,000000100000000010010000000100101111,000010000000101101000000101001010000,116,4827ms
100000110110000000010100010000000010,000010001001110010001000100010000000,001001000000000101000010001100010100,010100000000001000100001000001101001,116,5201ms
010110101000001000000010000000001010,101000010100000000001100000101000100,000000000001110010100000011010000001,000001000010000101010001100000110000,93,7805ms
011101100000000100000000100000000101,100000011001010010001000000010001000,000010000010100001000100010100110000,000000000100001000110011001001000010,80,18007ms
000010000110000000001000000000111011,000001111000101000000110000000000100,001000000001010111000001001010000000,110100000000000000110000110101000000,0,4556ms
110111000001000000010100000010000000,000000011000010110100000100000000011,001000100000101001000000001100100100,000000000110000000001011010001011000,177,287ms
111111011000000001000000000000000000,000000000000000110000011101001100010,000000000100101000010100010010010100,000000100011010000101000000100001001,177,420ms
111100011100100000000000000001000000,000010000000000010011101000000100110,000001000001010000100010000100011001,000000100010001101000000111010000000,157,402ms
111111111000000000000000000000000000,000000000001000100001001100110000110,000000000110110001000100001000110000,000000000000001010110010010001001001,177,72ms
011100110000000000010001001000000100,000000000010111001001000000010100010,100000001001000000100100110100010000,000011000100000110000010000001001001,157,1449ms
011100011000000000000000011011000000,000010000100110010011100000000000100,000001000011000101100011000000010000,100000100000001000000000100100101011,90,28473ms
001010011000000000100000000001101100,100001000001100010000010010000000011,000000100010010101011000001010000000,010100000100001000000101100100010000,66,4220ms
011011101000100000000000000000000101,000000000100001110010000100101001000,000000000001010001001101000000110010,100100010010000000100010011010000000,68,93315ms
011110010000000000001000010001010000,100000001000011101000011000000000100,000001100000100000100000101110100000,000000000111000010010100000000001011,139,4341ms
010011101000000001000000000011100000,100000000010001000000101101100001000,001100000100000010001000010000010110,000000010001110100110010000000000001,98,16291ms
110000001000000000000101000010011001,000010010111100011000010000000000000,001100100000000100011000000101000010,000001000000011000100000111000100100,157,23537ms
110100011000000001000000001100100000,001000000010011000100001110000010000,000001000100100110011110000000000000,000010100001000000000000000011001111,157,36328ms
100100011010000000001010000010001000,001001000100100100110100010000000000,000010100001010011000000000100000101,010000000000001000000001101001110010,114,43650ms
100111110000000000000010010000100000,000000000101000101000100001100000110,000000000000010010101001000011001001,011000001010101000010000100000010000,121,72403ms
011111000001001000000100001000000000,000000011000100000000010110010000101,000000100010010011000001000100011000,100000000100000100111000000001100010,98,9637ms
001001110000010000000000000011110000,010000000000100000101001101100000001,000100000110000101010000010000001010,100010001001001010000110000000000100,72,14620ms
000010101000100001000000000001011100,010000010000011000101101000000100000,100000000111000000000010100100000011,001101000000000110010000011010000000,111,23712ms
100000010101000000000100110100000010,000101001000001011001000000000010100,010010000010000100100010001000101000,001000100000110000010001000011000001,125,1244ms
011100101000000000000010100001100000,000000000010000001100101000000011011,100011010000011000010000000110000000,000000000101100110001000011000000100,157,189ms
000110000001100001000000100000100101,001000000100000000011001010010001010,010000111010000010100100000100000000,100001000000011100000010001001010000,102,2433ms
001000011000001010000000001100110000,110010100100100101000000000010000000,000101000001000000100001010000000111,000000000010010000011110100001001000,35,8630ms
011010010000001000001001001000000100,000000100010000100000100100100100011,000100001000010000010010010011001000,100001000101100011100000000000010000,65,22593ms
110100110000000001000010010000000010,000001000001010000100101001010010000,000000001010101100000000000101101000,001010000100000010011000100000000101,157,11249ms
100011000001010100010000000000100100,000000001000100010101010000100000011,001100100000001000000100001011010000,010000010110000001000001110000001000,109,4732ms
101001101001000000000000010010001000,010100000000100110010100100000000010,000010000110011000100011000000000001,000000010000000001001000001101110100,132,12135ms
100100111000000001001000000010010000,000000000101010000110000100001001010,010000000010100110000010011100000000,001011000000001000000101000000100101,116,3780ms
000111111001010000001000000000000000,101000000110100010010001000000001000,010000000000000101100000101000100101,000000000000001000000110010111010010,80,27282ms
110010111010000000100000000000000010,000001000100001010000001001100100001,001100000000100100000100110001010000,000000000001010001011010000010001100,131,1822ms
010000100001010000001000110100001000,000000010000101000010101000001000101,100100000010000010100000001010100010,001011001100000101000010000000010000,119,2716ms
101000000100000001010010010000001001,000000100000110000000001101100100100,010000010011000010001100000011000000,000111001000001100100000000000010010,110,540ms
110110000100000000000000011000100010,000001000001100011000010000000011100,001000001010010100001101000010000000,000000110000001000110000100101000001,144,5049ms
011001001000101000000010000000110000,000010100100000101100100000110000000,100000010010010000001001100001001000,000100000001000010010000011000000111,117,1802ms
100010001000000100000001101001010000,000000100000100010101110000010100000,011000000011011001010000000000000001,000101010100000000000000010100001110,97,8948ms
001100111000010000000101000000000100,000000000001100110100000000110110000,100011000110000000010000001000000011,010000000000001001001010110001001000,136,587ms
101111010000000001000001100000000000,000000000101010100001100000000001110,010000000010101010000010000011100000,000000101000000000110000011100010001,143,14736ms
111001011000100000000000001000010000,000000000101001100010000010010000101,000110000010010011101000000100000000,000000100000000000000111100001101010,177,1371ms
110110010000100000000100010000000001,000000100010010001010010000000011100,000001000100000110000001000011100010,001000001001001000101000101100000000,143,4425ms
010111010000000000010000001000110000,000000000100000001000011000111000110,001000000011110100100000100000001000,100000101000001010001100010000000001,117,17073ms
000001000000001011000001001001100100,100000001000010100000000100010011010,001100100011100000001010000000000001,010010010100000000110100010100000000,9,2333ms
011000101000000100000000010000010110,000000010010000010010001000110100001,000000000001011000001010101001001000,100111000100100001100100000000000000,47,36956ms
101011101000000110000010000000000000,010000000001100001001100101000000100,000000000000011000100000010001111010,000100010110000000010001000110000001,137,9847ms
110000100100010000000000001100000101,000010010001000000011000010011000010,000101001000100100100001100000100000,001000000010001011000110000000011000,157,493ms
110100101000110000000000001000100000,001010000000001100100001010110000000,000001010011000010001000000001000011,000000000100000001010110100000011100,103,10276ms
010101000000000001000011101000010000,000010010000100100010100000110000010,101000101010000000000000010001101000,000000000101011010101000000000000101,133,4159ms
001111001000010000000010001010000000,100000000010000100101000000101101000,000000110000001001000100010000010101,010000000101100010010001100000000010,57,3347ms
101011001000000010010000000001000100,000000000011110000000000001110101000,000000000100000001101101010000010010,010100110000001100000010100000000001,128,15229ms
110111011000000010000000000000100000,000000100000010001001110001011000000,000000000001001000110000010100001101,001000000110100100000001100000010010,177,1577ms
101011011001000000000001000000000100,000000000010001000011100000011010010,000100100100110000000000011000101000,010000000000000111100010100100000001,157,973ms
001101011000000000100100100000010000,110000000100000010001001000101001000,000000100000110101000010001000000011,000010000011001000010000010010100100,68,3171ms
100101111000010000000000010001000000,000000000011100010100000001100001010,011010000100000001001000000010100100,000000000000001100010111100000010001,150,1908ms
000011001001010000000011000100000100,010000010000001000111100001000100000,000100000100100110000000110010010000,101000100010000001000000000001001011,31,22478ms
000101110000000010010001100000100000,100000000111000000001000010000000111,001000000000000101100010000110011000,010010001000111000000100001001000000,72,8653ms
011000011000000000010010100000000110,000100000100000100000001010011100001,000001100010010010101100000000001000,100010000001101001000000001100010000,107,8066ms
111000111000000000001000011000000000,000011000100100100100100000010000001,000100000000010001010000100100011100,000000000011001010000011000001100010,142,5783ms
100111001000001000010001000001000000,010000000100000100000010110100010001,001000110011000001100000000000100100,000000000000110010001100001010001010,139,1541ms
000011100100010000001000001000010001,010100000001000011100100010100000000,100000011010100000000000100010000110,001000000000001100010011000001101000,107,2073ms
001001101000100000000010000001010010,010110010000000001100001001000000100,000000000111011010010000000010000001,100000000000000100001100110100101000,35,99419ms
111010010100001100000000000000001000,000000000011010000101010000110000010,000001100000000010000001111001000001,000100001000100001010100000000110100,132,3716ms
110110101000000000000100000010000100,000000010100001001001000100100101000,001000000000010110010010011000000001,000001000011100000100001000001010010,153,2796ms
100010000100000100100001100000011000,000000110000001010000110010000100001,011000001000000001011000001000000110,000101000011110000000000000111000000,153,2948ms
101101010001100000000010100000000000,000000000000011010011100000101000100,000010001010000000100000001010110010,010000100100000101000001010000001001,132,4367ms
100011010000011110000100000000000000,000000100001100001000001100000110010,001100000010000000111010001010000000,010000001100000000000000010101001101,139,3171ms
011110110000000000000100010000100000,000000001011100000001000100000001011,000001000100011001010001000000010100,100000000000000110100010001111000000,108,19965ms
100111010100001100000000000000100000,000000000001100000010001111010000010,000000100010000001001010000100011001,011000001000010010100100000001000100,156,4026ms
000101000000000000010010100011001001,000010110001101010000001000000100000,111000001100010000001000000100000100,000000000010000101100100011000010010,157,3887ms
101100011000000000010010000001100000,010001100001000000101100010000000010,000010000000111011000000101100000000,000000000110000100000001000010011101,96,16914ms
001110011001000000001000010000001000,000000100010000001000100101000000111,100000000100010010010001000111000000,010001000000101100100010000000110000,161,1121ms
010011100010010001100000000001000000,000000001000000100001000101010110010,000000010001101000010100010100000100,101100000100000010000011000000001001,87,6741ms
100110010001000100001000000000010001,010001100000100011000000001000100100,000000001000010000010110110101000000,001000000110001000100001000010001010,99,8519ms
101010000000001101001000001000000010,010000001100010000000000010011101000,000100100000000010100001100100000101,000001010011100000010110000000010000,114,17169ms
111000011000101000000000100100000000,000011000101000100000001010000100100,000100100010000000100000001001011001,000000000000010011011110000010000010,157,163ms
010010001001100000000100100010000010,100100010110000010100000000000001100,000001100000011001000001011001000000,001000000000000100011010000100110001,29,3910ms
010100011000000010010000001100000010,000001000001010101100000100000001100,101000000100000000001101000001100001,000010100010101000000010010010010000,157,55ms
111011111000000000000000000000000100,000000000100100110011100110000000000,000100000001011001000000000000110011,000000000010000000100011001111001000,142,1142ms
110101011101000000000000000000000010,000000000010000001110100001101100000,000000000000000110001001100010001101,001010100000111000000010010000010000,105,49807ms
001111011000100000001000000100000000,000000100001000100000000011000110110,100000000100001000100010100011001000,010000000010010011010101000000000001,177,262ms
100011001000101000000000000000110010,000000110111000001000000111000000000,011000000000000010111001000010001000,000100000000010100000110000101000101,154,17825ms
010101100000000010010000001000001010,000000000000011001000110110001000100,000010010111000000000001000010110000,101000001000100100101000000100000001,87,4200ms
100000100100000010000000111100001000,011010001001010100000000000001000001,000100000000001001110111000000010000,000001010010100000001000000010100110,84,31959ms
011110000000100000100100000100000010,000000010000001001000010110011100000,100000001111010010011000000000000000,000001100000000100000001001000011101,177,198ms
011011111000000000000000000000011000,000100000010101000100100000000100101,000000000000010100010010010111000010,100000000101000011001001101000000000,122,20715ms
101010101000010000100000000001001000,000000010000000011010001010000110001,010100000011101100000000001000000010,000001000100000000001110100110000100,157,297ms
101100111000100000000000100000000010,010001000000001111001000000001000001,000010000101010000010101010000000100,000000000010000000100010001110111000,132,27984ms
111110110000100000000000000100000000,000000001100000001001011000001010100,000000000001001110000100001000101001,000001000010010000110000110010000010,154,659ms
001000010000010010000010000110000101,000000101011100001101100000000000000,010001000000001100000001111000001000,100110000100000000010000000001110010,36,53113ms
000010100000011000000000010100010101,001000001100000101010000000000101010,100101010011000000100000101000000000,010000000000100010001111000011000000,122,7624ms
011011110000000010000000000010010000,000100001110000000000100110000100100,100000000000000100000011000101001011,000000000001111001111000001000000000,157,2092ms
101100010000000001011000010000100000,000001000010100010000010000110010001,000000100100001000000101100001001010,010010001001010100100000001000000100,98,22418ms
111101010000000010000000000010001000,000000001110010000001001001101000000,000000100001001000000110110000010010,000010000000100101110000000000100101,128,6742ms
111110001000000000000011100000000000,000001110000100111100000000000000010,000000000111010000001100000011001000,000000000000001000010000011100110101,155,5426ms
000111100000100001100010000000000100,001000000000011000001001010001110000,010000011001000110010000000110000000,100000000110000000000100101000001011,111,1378ms
101101110100000000000000000100100000,000000000000101001010010001000010101,000010001011000110001000100000000010,010000000000010000100101010011001000,157,266ms
110101111000000000000000100000000010,000010000000000011000100011010100100,000000000110110100000001000101000001,001000000001001000111010000000011000,157,509ms
001110001000000000010001010000100001,000000010000001100000100001111000010,110001000000110010000010100000001000,000000100111000001101000000000010100,156,6562ms
111001000000001000100100000001010000,000000001000010000001001110010001001,000000000110100001000000001100100110,000110110001000110010010000000000000,143,37247ms
011011001000110000000010000001000000,000100100000000101010000010000010011,000000010101000000000101001000101100,100000000010001010101000100110000000,66,10821ms
101110010000000000001000101010000000,010001100000010001010000000100100010,000000000111101010000100010000000100,000000001000000100100011000001011001,112,47077ms
001110111000000000010010000000010000,000001000001011000000100001010000110,000000000100100010100000110100100001,110000000010000101001001000001001000,112,3267ms
100010101000000001111000000010000000,001000000000100110000110100001000010,000101010101011000000000010000000100,010000000010000000000001001100111001,157,1218ms
110010110000000100000000000111000000,000100001010010001000000010000100011,000001000001100010011011001000000000,001000000100001000100100100000011100,157,1294ms
000101010000000010100000010100010100,110000001100100000010000000011100000,000010100001000101001001000000001010,001000000010011000000110101000000001,34,2128ms
110001100010010000000000000001101000,000000001100000000001010001010000111,001110000001100001100000010100000000,000000010000001110010101100000010000,177,976ms
001101010010100000000000010000100100,000010000100000000010111001001000010,010000001001010010000000000110010001,100000100000001101101000100000001000,112,19988ms
000001011000000100001000100001000110,000100100110001000000010011000100000,001010000000100011010001000000010001,110000000001010000100100000110001000,22,881ms
000100001011001001010000010000010000,000010100000010100000001000011000011,001001000100100010101000101000000000,110000010000000000000110000100101100,44,162371ms
001100001000000001100000100001100001,110010000000000110000100011000000100,000001110001000000001011000010010000,000000000110111000010000000100001010,54,9991ms
010111111001000000010000000000000000,001000000000110000000000111000101100,100000000010000000101111000100010000,000000000100001111000000000011000011,177,640ms
111010011000100000000100000000100000,000100000001000010001010001110000001,000001100010001001100001100000000100,000000000100010100010000010001011010,142,6654ms
001100101000000000101000001100100000,100000000100110100010000000010000101,000001010000001010000101110000001000,010010000011000001000010000001010010,72,36096ms
110001101100000000100000100010000000,000010010001000010010000001001100100,000100000000000101001000010100011010,001000000010111000000111000000000001,157,379ms
100101001000100000000000001100000011,010000010101000001000000010001010100,000010000010001010110100100000001000,001000100000010100001011000010100000,109,19282ms
110111110000000001000000000000000100,000000000010110000010001000001101010,000000001101001100100100100000000001,001000000000000010001010011110010000,177,789ms
011011100000000100000000000001010100,100000001010000001100100100100000010,000000000000011000001010010010101001,000100010101100010010001001000000000,86,216061ms
111101111000000000000000000001000000,000010000000000000100010111000100011,000000000101100101010100000100001000,000000000010011010001001000010010100,157,203ms
011110101000101000000010000000000000,000001010010000000011001010001001000,100000000000010110100100101000000001,000000000101000001000000000110110110,163,30954ms
110101001001000000000101000010000000,001000000010000000110000111100010000,000000010000101101000000000000101110,000010100100010010001010000001000001,107,31108ms
000011000010101000000100000001001001,111000100001000001000000010100100000,000000011000010010000000101010010100,000100000100000100111011000000000010,0,513ms
001000100000010000110100001001001000,100101010000000000000010010010100001,010000001011001010000000100100000010,000010000100100101001001000000010100,73,17655ms
001000101000101000010101000000000100,000010000011000011000000000011001010,000000000100010100100010001100010001,110101010000000000001000110000100000,53,177140ms
011101001010000100000000001000010000,100000010000000001000011000101000110,000000100101110000010000110010000000,000010000000001010101100000000101001,82,18687ms
010100111000010001001000000000000001,000001000111001100000100110000000000,101000000000100010000000001010001110,000010000000000000110011000101110000,116,60346ms
011000110000000100001000001001000010,000001000010001000010111000000110000,000110000001000010100000110000001001,100000001100110001000000000110000100,85,5166ms
110011110011000000000000000000001000,000100001000101000010001010100000001,001000000100000110001110001010000000,000000000000010001100000100001110110,157,791ms
110000011000101000000100000001000100,000110000010000010100000001010000011,001000100001000101010000110000100000,000001000100010000001011000100011000,112,6009ms
100001110000000000000110010000010100,000000000101001100010000100110100000,001100000000110010001000000001000011,010010001010000001100001001000001000,85,12352ms
000011110000000000101100100001000000,001000000000110110000001000010100010,000000001010001001010010010000010100,110100000101000000000000001100001001,61,18979ms
111011001001000000000000000001000100,000100000000000100010011100100100001,000000000010111001100100010000001000,000000110100000010001000001010010010,120,25641ms
001100010101000000101000001001000000,000010000010100111000110010000000000,100000101000011000000000000110011000,010001000000000000010001100000100111,140,35501ms
010001011001000001000010010000000010,101100000000010000011000000101000100,000010100110100010100000000000001001,000000000000001100000101101010110000,90,10108ms
011010001100010000000000100001001000,100001010000001100000101001000000100,000000000000000010110000010100110011,000100100011100001001010000010000000,119,9435ms
110111101000000010000000100000000000,000000000101000000101000001010010101,000000000010101100000101010001001000,001000010000010001010010000100100010,135,12895ms
010001001100000010000100000110100000,101000100001000000101000000000000111,000010000000101101010011000001000000,000100010010010000000000111000011000,78,3115ms
111011011000001000000001000000000000,000100100000110100100000000100010100,000000000011000000011000101000101010,000000000100000011000110010011000001,121,19920ms
010101101001010000000000000000001100,101000000010000000011000001000010011,000010010000000101000111100001000000,000000000100101010100000010110100000,56,18544ms
110110111100000000100000000000000000,000000000011001010000000100100101001,001000000000110000000111010001010000,000001000000000101011000001010000110,177,36ms
110001111000000000000100001010000000,001000000000011001100001100001000010,000110000000100100010010000000011100,000000000111000010001000010100100001,153,1811ms
001101110100010010000000000000100000,100010000010000001011000011001000000,010000001001000100100110000000011000,000000000000101000000001100110000111,109,27608ms
111011100000000000000000010000000110,000000000001000001100000000011111001,000100000000010110010111100000000000,000000011110101000001000001100000000,157,2691ms
010001110001000000011000000010010000,100100001100000011000001101000000000,001000000010001000000010010101100100,000010000000110100100100000000001011,71,9325ms
111001010000011001100000000000000000,000100101000000100010000101010000001,000000000100000010001010010101101000,000010000011100000000101000000010110,153,3174ms
001100110100010000010000010000001000,110000000001100000000001100110010000,000000000000000010101110001001100001,000011001010001101000000000000000110,60,24523ms
100010010100000100001101000000000001,001000100011010001000010000001010000,000100001000101000010000101000100100,010001000000000010100000010110001010,84,10772ms
111110010000000001000010000001000000,000000001000100010100100100010011000,000001000001011000000000011100100001,000000100110000100011001000000000110,168,638ms
011100010100001100100000000000000100,100010000001110001010100000000010000,000000101010000000000011000110001001,000001000000000010001000111001100010,123,8548ms
001111100010100000000000000000001001,000000010000010010110000001000110100,110000001000000001001010100101000000,000000000101001100000101010010000010,164,3175ms
011000010000011010001000010000000010,000100101011000000000000101001100000,000010000100000101010001000110010000,100001000000100000100110000000001101,90,2617ms
100101101000000001000000100100000100,000000000100111000000110001000011000,000000000011000100010001000011100001,011010010000000010101000010000000010,81,78564ms
000111110000000010010001000000100000,100000000001011001000010100000001010,011000001010100100000100000010000100,000000000100000000101000011101010001,85,11075ms
110000000101101000010010000000000010,000010000010000000001100000011110001,001100010000010001100001001100000000,000001101000000110000000110000001100,157,307ms
101001001000000100100100001000000001,000000000000101010010001010010110000,000010010111010001001000000001000000,010100100000000000000010100100001110,124,73676ms
000011011010100100000100010000000000,000100000100010010000000000111110000,010000000000001000110010001000001110,101000100001000001001001100000000001,63,86145ms
100001101000111000000000100000001000,000000010010000000101011010011000000,010110000001000010000100001000110000,001000000100000101010000000100000111,141,5320ms
100111101000000000010010000000100000,001000000010100001000100101000001100,010000000101011010000000010010000001,000000010000000100101001000101010010,164,970ms
110011010000100000001001000001000000,001000000001001010000000110100001010,000000001010000100100110001010000001,000100100100010001010000000000110100,157,1648ms
011111010000000000001000000101000000,000000000000001011110011100000010000,000000001010010100000000011010000011,100000100101100000000100000000101100,120,11807ms
110011111000000000000000000000100001,000100000000001011000010001011000100,001000000110110100110000000000001000,000000000001000000001101110100010010,157,506ms
101010010000100010001000000010000010,010100001001001000100101000000001000,000001000100010000000000111100110000,000000100010000101010010000001000101,101,8732ms
101000010000011000001000000011010000,010110000100000010000010000000100110,000001101001000100010000001000001001,000000000010100001100101110100000000,84,5863ms
001001000100000000001101001100001000,100000001000111001110000000000000100,000100010000000010000000110010100011,010010100011000100000010000001010000,29,2012ms
000000111101000100100000000000000011,001000000010010011010100001010000000,010001000000001000001011000001110000,100110000000100000000000110100001100,52,6609ms
000001111000000011000000000000110010,001000000000010100100010101101000000,010110000001100000000101000010000100,100000000110001000011000010000001001,89,6573ms
010110110000000000000000010100100001,100001001000000000000010101011010000,000000000100101111011000000000000100,001000000011010000100101000000001010,85,40152ms
111010001000000010000000011000010000,000000000011001000100001100110000100,000101100100110100001000000000000001,000000010000000001010110000001101010,157,4070ms
110000111001000000010010000100000000,000100000010000110000100010000100101,000001000000100001101001000010011000,001010000100011000000000101001000010,157,82ms
111111101000000000000001000000000000,000000010100010111000000000011001000,000000000001000000100100011100010110,000000000010101000011010100000100001,177,1113ms
101110011000100000000000100010000000,000000000001001111111000001000000000,010000000110000000000000010101011100,000001100000010000000111000000100011,177,259ms
010000101000010000000110010000001100,001001010010000000101000000100110000,000110000100101111000001000000000000,100000000001000000010000101011000011,63,35377ms
011101111000000000000001000010000000,000000000001000011101010101000001000,100010000100000000010000010001000111,000000000010111100000100000100110000,157,158ms
100111100000000000000001000001100100,000000000101001100001110000010000010,001000001010110001000000000000011001,010000010000000010110000111100000000,149,21157ms
000000101001000000010010011001010000,000011000110100000000000000000100111,011100000000001011100001100000000000,100000010000010100001100000110001000,69,88670ms
100110100000100000010010000100000001,000001001000000001100101001001100000,001000010010010100001000000010010100,010000000101001010000000110000001010,150,1485ms
001111101000000000000001000001010000,010000000000011000001010001010001010,000000000011000110110000110100000000,100000010100100001000100000000100101,113,11619ms
010110010000000000011000001100000100,001000000100011000100100010000010010,100000100001000111000010100010000000,000001001010100000000001000001101001,177,1540ms
110001110100000000100100000000001000,001100000001010001010000100100100000,000000000000000110000001011010010011,000010001010101000001010000001000100,127,2198ms
001010010100000101000000100010010000,100000101000011000101000001100000000,000101000000100000010010010001001010,010000000011000010000101000000100101,55,7003ms
101011100000100110000000000000001000,000000010010000001000000010011100011,000100001000001000100011000100010100,010000000101010000011100101000000000,142,13490ms
100010011010000000000001101001000000,001000000000100110101000000010000011,000001100100011000000110000000110000,010100000001000001010000010100001100,92,695ms
001111111000000001000000000010000000,000000000010111100010000001000010001,010000000100000000101110100100001000,100000000001000010000001010001100110,133,20147ms
101110001000000000010001000000011000,000000000001100001001110101010000000,010000110010001110000000010001000000,000001000100010000100000000100100111,165,9002ms
111011000000100000000001000001010000,000000101010000000000100110100001100,000100010001001010010000001010000001,000000000100010101101010000000100010,116,2976ms
111110111000000000000000000000010000,000000000110100001001000000001101100,000001000000011100000011000110000010,000000000001000010110100111000000001,177,73ms
011001110000100000101000000000100000,100000001001001010000000001000011001,000100000110010100010000000001000110,000010000000000001000111110110000000,107,11906ms
111000100001100000000010000000001100,000001001100001010100000001110000000,000010010010000001001000110000100001,000100000000010100010101000001010010,95,2237ms
100110111000001000000000000100000010,000000000000110010101010010000001100,000001000011000100000100101001100000,011000000100000001010001000010010001,125,4591ms
101010100000000000000001011000100010,000000011100000001100010100010000001,000100000001001010011100000100001000,010001000010110100000000000001010100,124,8560ms
111000001000000000011011000000000010,000001000100111100100000010000000100,000100000010000011000000101010101000,000010110001000000000100000101010001,127,19913ms
100011110101000000000000100000000001,001000000000011011000000000011000110,010000000000000000011011011100001000,000100001010100100100100000000110000,143,8735ms
101100001000000001010010000110000000,000000110001100000001100101000100000,010011000100000010000001010001010000,000000000010011100100000000000001111,157,381ms
000110111000000110000000000000010010,000001000000010000000101001111100000,011000000011101001000000000000001100,100000000100000000111010110000000001,79,6618ms
000110101000000100001000000101000010,100000010110010000110000000010010000,001000000000101010000001001000100101,010001000001000001000110110000001000,54,4319ms
011000001000010000001011100000000100,000000000101000001000000011001010011,100111010000000000010100000110000000,000000100010101110100000000000101000,177,74ms
101001100000000100000000010010000101,010110001100010000001000000101000000,000000010010000001100011001000100010,000000000001101010010100100000011000,93,18123ms
110101101100000000000000000000010010,001000010000000110010101000000100100,000000000011000001100010010101001000,000010000000111000001000101010000001,157,526ms
001111110000010100000100000000000000,000000000001100011000000110100011000,110000000110000000100000001010000011,000000001000001000011011000001100100,177,219ms
111010100000000000001001100000000010,000000010000100100100000011011001000,000000000010000011010100000100100101,000101001101011000000010000000010000,134,30779ms
100101100000000101010000000000100001,000000000010100000001000111110010000,010000001100011000000110000001001000,001010010001000010100001000000000110,115,1527ms
101111100000000010000100010000000000,000000001110110000100011000010000000,000000010000000100011000101001010100,010000000001001001000000000100101011,141,12595ms
100110110100000010100000000000001000,010001001001000000010000111000100000,001000000000000001000000000111010111,000000000010111100001111000000000000,142,126281ms
000100101000000100000101000001000110,000011010011100001000000010000010000,001000000100001000101010100000001001,110000000000010010010000001110100000,37,4294ms
010101011000001000001000000011000000,000000100101000100110100000000001010,101000000010000001000010110000010100,000010000000110010000001001100100001,143,1119ms
001011010101000100000101000000000000,010100000000000011001010100100000010,000000001000000000110000001010110101,100000100010111000000000010001001000,80,30222ms
001110100010000100011001000000000000,010000001000010000100010000111000100,000000000101101001000000100000101001,100001010000000010000100011000010010,90,38592ms
011100001000100010010000000000100010,000001100110000000001010010010001000,100000000000010001000100100001010101,000010010001001100100001001100000000,117,6451ms
111100001001000000000100000101000000,000001100010001000001000101000000011,000010010000100010110010000010000100,000000000100010101000001010000111000,157,18ms
000100111100010100000001000000010000,010010000000000010100100101010000100,000001000000101001010010010100001000,101000000011000000001000000001100011,51,18817ms
010100010000000000100000010001000111,100000100000000011010000101010001000,001011000000011100000100000100100000,000000001111100000001011000000010000,115,9380ms
110100000011000001000000000101100000,000000010000000100110110010000010010,000010000000110010001000001010000101,001001101100001000000001100000001000,94,5881ms
000001010101000100000000011011000000,110010000000011000101000100000000100,000000101000100010010010000100011000,001100000010000001000101000000100011,46,1320ms
111001111000000000001000000100000000,000010000000100110000000011011100000,000000000010010001100000100000010111,000100000101001000010111000000001000,157,79ms
000000010000000100011010000100010110,001011001000000010000001001011000000,010100100000110000100100010000100000,100000000111001001000000100000001001,67,8788ms
110100001001000001000100000100001000,000000100010101000101010000001000100,000011010100010100000000101000100000,001000000000000010010001010010010011,149,1807ms
