001100110000001100000000000001011000,010010000000110010000000001100000110,000001000110000000100000110010100001,100000001001000001011111000000000000,68,62247ms
110001101000000000101000010000100000,000110000010000100000001100000001110,001000010100101001010000000010000001,000000000001010010000110001101010000,157,271ms
100111100011100001000000000000000000,000000000100000100000000011110011100,011000001000010000000111000000000011,000000010000001010111000100001100000,177,1989ms
010111100000001010000100000000000001,100000011001000100011000101000000000,000000000010110000100010010100101000,001000000100000001000001000011010110,104,104136ms
000001110000000100101000000001000011,001000000111010000000000001010001100,100010000000101001010100010000010000,010100001000000010000011100100100000,85,4257ms
000010000001100001001100010010000100,000000010010010110100000000100101000,010000101100000000000010001001010010,101101000000001000010001100000000001,29,4185ms
001110011100000000000000100100010000,110000100000000000010010001010000110,000000000000001111000001010001001001,000001000011110000101100000000100000,60,22498ms
110101011000100000000100000001000000,001000000000001010010001000000111100,000000000101010000000000101110000011,000010100010000101101010010000000000,157,16191ms
111101100000000001100000000000000010,000010000011011000010100011000000000,000000000000000010001010000111110100,000000011100100100000001100000001001,157,4850ms
010011010010000000100100100010000000,001100101001000000000001000100100100,100000000100000000011010000001011010,000000000000111111000000011000000001,130,23944ms
111011011000000100000000000000100000,000100100111000000001000011000000010,000000000000101010110110000101000000,000000000000010001000001100010011101,157,5331ms
100111001000001000001010000100000000,011000000000010010010101000001000001,000000110101100001000000100010000010,000000000010000100100000011000111100,143,2614ms
001010100010001000000000010001011000,000101010100000000110110001000000000,000000000001110110000001100000100100,110000001000000001001000000110000011,14,12079ms
111100110000000001000000000000110000,000001000010010010001001010101000000,000010000101000000110000001010001001,000000001000101100000110100000000110,157,156ms
110001110001000010100000000010000000,000100001010010101000000000000101010,001010000000100000011100000101000001,000000000100001000000011111000010100,157,949ms
010101001000010100000010000010100000,000000100001000000000101000000011111,101000000000101010110000100001000000,000010010110000001001000011100000000,144,1585ms
000010101000001000001110001001000000,000000010110010001000000010000101010,011001000000000110100000100100010000,100100000001100000010001000010000101,91,5745ms
111110001000000000000001000001000001,000000000000001001010100010100110100,000001100011000010001010001010000000,000000010100110100100000100000001010,162,876ms
000110000100000000101010001000000110,100000001010000100000100010010010001,011000010001011001000001000100000000,000001100000100010010000100001101000,137,1254ms
101010000100000000100000100000110100,010000010000000101000001010110001000,000101000000111000010110001000000000,000000101011000010001000000001000011,140,1503ms
001000110000110100010000000000001001,000000001000001000100101110010100000,100100000000000000001010001101000110,010011000111000011000000000000010000,98,110852ms
100011111000000110000100000000000000,001100000001101000000000010001100001,000000000100000001000001101010011010,010000000010010000111010000100000100,115,16218ms
001110110001101100000000000000000000,000000000000010000011011110000010001,100000001010000001000100000010101010,010001000100000010100000001101000100,132,31904ms
100100111000001000000110000000000010,000010000000100010111000000100001100,010001000100010001000000001010100001,001000000011000100000001110001010000,140,1491ms
000001010000100100010100010100000001,100010001100001001000001100001000000,011100000011000000100000001010000100,000000100000010010001010000000111010,92,878ms
000011101001010000000100000010000010,010000010010000000100010001101100000,100100000000101000001001100000010001,001000000100000111010000010000001100,78,1611ms
011100011000000000000100010011000000,000000100100011100110010000000000100,000011000001000010000000100000011011,100000000010100001001001001100100000,82,15784ms
011111110100000001000000000000000000,000000000000010010001101001001011000,100000001001100000000010010110000010,000000000010001100110000100000100101,177,192ms
101111001000000000010000000100000100,000000110000110100001000001000101000,000000000000000011000011100011010001,010000000111001000100100010000000010,177,1059ms
010111001001000010001000000010000000,000000100000000000010000111001001011,001000010100001000100111000000100000,100000000010110101000000000100010100,119,72511ms
010011011001000000100000001000000100,001100000010010010000001000010000011,100000100100001000001000110001100000,000000000000100101010110000100011000,138,4465ms
110011111000000000100000010000000000,000000000100011001000000100001111000,000100000000000010010111001100000100,001000000011100100001000000010000011,157,153ms
010101100100000100000100100000100000,000000001000100001001000011010000110,001000000010011000110010000100010000,100010010001000010000001000001001001,122,2320ms
100010010100010100000000000010100001,001101001001100000000101000100000000,010000100000001001010010001001000010,000000000010000010101000110000011100,88,25716ms
110001111000001010100000000000000000,000010000010100001001000000101001100,001100000000010000000001011010110000,000000000101000100010110100000000011,144,1082ms
110111010000000000000000000001101000,000000100000001010101000001010000011,001000001010110000000010110100000000,000000000101000101010101000000010100,177,116ms
001000010100001000100001001100010000,000000101011010001000010100000000100,110001000000000000011100000011001000,000110000000100110000000010000100011,157,375ms
100110111000000000000000000000101001,011000000010101000000101000100000100,000001000001000001110010110000010000,000000000100010110001000001011000010,118,15256ms
110100000010001001000000001000101000,000000000100010110001011000001000001,001001101000100000100000110000010000,000010010001000000010100000110000110,134,18203ms
101000010000100000110100000110000000,010011100011000100000001010000000000,000100001000010001000000001000101011,000000000100001010001010100001010100,97,17512ms
001010111001100000000000100000100000,000000000000010111001001000100010100,100100000100000000110010001001000001,010001000010001000000100010010001010,132,3347ms
110111011000000000000000000001000010,001000100000100001100010000010001001,000000000110010110001000001000010100,000000000001001000010101110100100000,155,21376ms
111010011001000000000000100001000000,000000100100000110001100010100010000,000000000010000001100001001010101001,000101000000111000010010000000000110,143,4191ms
001111101010000000001000000000000001,000000010100100011000110010000001000,100000000000010100010000101011000100,010000000001001000100001000100110010,144,7987ms
100000110100000000001000001001100100,001110001000000011100000010000000010,000001000000110000010110000110010000,010000000011001100000001100000001001,96,451ms
111110111000000000000000000100000000,000001000000000000011000001010101011,000000000010110011000011010001000000,000000000101001100100100100000010100,177,95ms
100110010100000000011000001000000001,000000000000110001000001010010101010,011001000010001010000000100000010100,000000101001000100100110000101000000,177,486ms
100011011000000000000011100010000000,010000000110000001101000000100000011,000100000001001010010100001000010100,001000100000110100000000010001101000,100,3424ms
100100011110000010000010000000000100,001001000000001001000101100001010000,000010100000010000000000001100101011,010000000001100100111000010010000000,132,2549ms
101101010010000001000000100000000010,010000100000000010110101001000010000,000010000101101100000010000110000000,000000001000010000001000010001101101,140,7860ms
101011100010000000000110000000000010,000000000100011110001000000101010000,010100000001100001110000001000001000,000000011000000000000001110010100101,157,2405ms
100100110000100010001001000000000010,000011000101010001000000110001000000,000000001010001000110000001110000100,011000000000000100000110000000111001,125,6500ms
111000001100000000000000000100101001,000000110001100100100011010000000000,000101000000001011010000001001000100,000010000010010000001100100010010010,157,7169ms
100101010000110000001000000000010001,000000001011001100000100100010100000,010000000100000001000011010001001010,001010100000000010110000001100000100,105,1857ms
000001001000001100000010110100100000,000100010100000011000100001010001000,101010000010110000111000000000000000,010000100001000000000001000001010111,118,7612ms
111010101000001000000000010000000001,000101010000000101000010100010001000,000000000011110010001101000100000000,000000000100000000110000001001110110,142,8299ms
100100000000100000000000101011010010,000000001110010000000111010000000001,011001010000001000110000000000001100,000010100001000111001000000100100000,157,3087ms
000110100001000000010011001100000000,001001000100010001101000000000000101,000000010010100000000100010011101000,110000001000001110000000100000010010,47,4876ms
110101101000000000000000100100000010,000010000010001001100100000010000101,001000010000010100001011010001000000,000000000101100010010000001000111000,146,2292ms
101011001010001000010000000001000000,000100000000010000101010010000001101,000000000101100011000100100010100000,010000110000000100000001001100010010,128,13949ms
010001101000010100000101000000000001,000000000110001000000010101011000100,100100000001100010010000000000111000,001010010000000001101000010100000010,90,18142ms
111100011010000100000100000000000000,000010000000110010000010000010010011,000000000001000001011001110100000100,000001100100001000100000001001101000,137,11435ms
001101010011000001000100000000000001,010000000000010000100000101100011100,100010001000000010001001000001100010,000000100100101100010010010010000000,110,16539ms
011000010010000000111000001010000000,100101000000000010000000010000110110,000000001001011100000001100101000000,000010100100100001000110000000001001,88,5851ms
100000011000100100100100000001000001,000010000100011000011010000010010000,000100100000000011000001100100000110,011001000011000000000000011000101000,75,1075ms
011010000000001010110000000010000100,000101000001000000001100100000101010,100000011100000100000010011100000000,000000100010110001000001000001010001,157,36ms
011101100000100010000101000000000000,000010000000011000011000010100001010,100000010001000001100000001000010101,000000001110000100000010100011100000,139,4373ms
010110110000000000010100001000010000,000000000000000011100011010011100000,100001000100110000000000100100000110,001000001011001100001000000000001001,177,1153ms
100111010000001000000100000011000000,000000001000000011100000010100000111,001000100001000000001001101000110000,010000000110110100010010000000001000,124,2752ms
000101001001000000100100000000101010,110000000000001001011000001010000001,001000010110000100000010100001000100,000010100000110010000001010100010000,67,521ms
011110000010000010100001000100000000,100000000101011001000000000011000010,000001101000100000010010001000000101,000000010000000100001100110000111000,123,9738ms
101101101000001000000000000010010000,000010010011110000000100001000100000,000000000100000001100010100100001011,010000000000000110011001010001000100,157,1415ms
010101010000000000010100001000001001,101000100010001100000000100011000000,000000001100010011000001000100010010,000010000001100000101010010000100100,75,14419ms
110010100010000001000100000100001000,000000011101000000100000011010000010,001100000000110100001000100000000101,000001000000001010010011000001110000,124,823ms
010011100000000000110100000001010000,000100000000010000001001011110000001,101000001110000000000000100000001110,000000010001101111000010000000100000,157,642ms
010100011000000001001100001001000000,101010100000100000010000010000000101,000001000100011110000000000000111000,000000000011000000100011100110000010,64,47626ms
110011001010000000001000000110000000,001000100000110000010100010000010001,000100010001000111000010000000001100,000000000100001000100001101001100010,118,566ms
000101101000000001000100000000011001,010010000011000100000000001110100000,100000000100001000011001100000000110,001000010000110010100010010001000000,87,25296ms
011011011000000010000000000010010000,100000000100100001100000100000100101,000100100000000100001101001001000010,000000000011011000010010010100001000,76,44959ms
111100101000000000000100010000000010,000000010010000010001001000011001100,000000000000101101110010000000010001,000011000101010000000000101100100000,157,734ms
000000011000010000110000001001001010,001011000010100010001000000000010001,000100000101000001000011110000100000,110000100000001100000100000110000100,32,9199ms
010010110100000000000001001010000010,001100001000010101000000000101010000,100001000011000010100000100000001100,000000000000101000011110010000100001,136,11964ms
001111000010000000001100001000000010,000000100000100101010011000000110000,010000001100010000000000010110001100,100000010001001010100000100001000001,120,4853ms
110000100000000001101001000000000011,000001010000000100000010010111010000,000010001010001010000100101000001000,001100000101110000010000000000100100,120,7730ms
010000101000110001000000100010001000,000000000001000100001010010100100110,000101000010001010100100000001010000,101010010100000000010001001000000001,50,9697ms
110110011001000000010000000001000000,000000000100001110000010111100000000,000001100000110000100100000000101010,001000000010000001001001000010010101,159,1310ms
111111001001000000000000001000000000,000000000100110011000101100000000010,000000110010000000100010010010000101,000000000000001100011000000101111000,177,197ms
000111110001000000000000000101000100,011000000110010001001001001000000000,000000001000101010000010100000110001,100000000000000100110100010010001010,70,70671ms
010110001000110110000000100000000000,100000000100000001000100011010010010,001000100010001000011010000100100000,000001010001000000100001000001001101,113,85602ms
001101000000010111000010001000000000,100000001101100000010000000110010000,010010100010000000101100000001000001,000000010000001000000001110000101110,109,16518ms
101110111100000000000000000000000001,000001000000010010100111010000001000,000000000001101100001000001100100010,010000000010000001010000100011010100,177,341ms
011010010000101000001000000000001001,000101000000000111000100011010000000,100000101111010000000010000100000000,000000000000000000110001100001110110,157,2579ms
011101110000000100100000000000100000,000000001001100000001010000011001001,000000000010011001010101000100000010,100010000100000010000000111000010100,103,24230ms
010111000000001010001000000000100100,101000100110000000000000011000000011,000000001000010001110101100010000000,000000010001100100000010000101011000,75,7884ms
011010101000000000000100010000000011,100100000010100000001010000101000100,000001010000000101010001101010000000,000000000101011010100000000000111000,69,14282ms
101100011000000000101001000000000100,000001100000011010010100010000000010,010010000000100001000010101100100000,000000000111000100000000000011011001,149,8051ms
101110010100000000000000100100010000,000000101000001000001011010010100000,010000000001110001010100001000000100,000001000010000110100000000001001011,177,117ms
110111111000000100000000000000000000,000000000011001001000010100000011100,000000000100100010001000001011000011,001000000000010000110101010100100000,177,434ms
000110010001000100000011000001100000,001001001000001010010100010000001000,100000000100010000101000100010010100,010000100010100001000000001100000011,113,14635ms
111000000001100110010001000000000000,000010000100000000000010000101111100,000100101010000000101000001010000001,000001010000011001000100110000000010,157,5196ms
111011100000000100010000000000000010,000000000010001000100001001011001100,000100000001000011000010010100010001,000000011100110000001100100000100000,142,3017ms
111110011000000000000000100010000000,000000100101100000000010000001100110,000000000000011110110000001000010001,000001000010000001001101010100001000,177,267ms
010000110010000000010010010001001000,000010001100010100001000000010000101,001101000000000001100000101100010000,100000000001101010000101000000100010,94,16336ms
101001111000101000000000000100000000,000000000010000011100001001001001100,010110000100000100011000000010000001,000000000001010000000110110000110010,177,41ms
110000000100001010000001100000000101,000100000001010100100000010010010010,001010010010000001010100000001001000,000001101000100000001010001100100000,122,1742ms
101000100000001110000000000100100100,000001010010000001000011000011010000,010010000101000000110000101000001000,000100001000110000001100010000000011,157,782ms
010010100000000000100100100000100110,001100001100000100001001001100000000,100001000001100011000010000001000001,000000010010011000010000010010011000,110,14656ms
100101011100010110000000000000000000,001000000011000000001000000111100100,010010100000000001000101101000010000,000000000000101000110010010000001011,157,2554ms
001101101000100010100000010000000000,000000010011010101000000101000000010,100010000100000000000111000110000001,010000000000001000011000000001111100,157,568ms
010100000001001100000110010000001000,000001111000010000011000000000000011,001000000000000011000001001110010100,100010000110100000100000100001100000,45,756ms
110011000000111000000000000000001010,000000010000000001001000001101110100,001100101010000100000101100000000000,000000000101000010110010010010000001,154,12297ms
001110111010000000000000100000001000,000001000100010001010000000110010010,010000000000100110101001000000000101,100000000001001000000110011001100000,101,6399ms
010111010001010000000001000000100000,000000100100000010100000111001000010,101000001010100100011000000100000000,000000000000001001000110000010011101,177,561ms
111011000000000000010000001100010000,000100110100010100000010100001000000,000000000010000000001101010010001101,000000001001101011100000000000100010,157,6391ms
111110100100000000101000000000000000,000000000010110000000010000110100011,000000010000001101000001011001001000,000001001001000010010100100000010100,160,225ms
011001111101000000000000000010000000,000000000000100100001001011100001100,000110000000001010000000100001110010,100000000010010001110110000000000001,129,6480ms
000101011001100000000000000000001110,010000000100001000100000001011010001,101010100010010110000100000000000000,000000000000000001011011110100100000,138,15387ms
010000000101000001010000010010100100,001100001010100000100010100000000010,100001010000001110001100000000001000,000010100000010000000001001101010001,103,12525ms
111111110000000010000000000000000000,000000000011001100001000000011001010,000000000100100001100010010000100101,000000001000010000010101101100010000,177,140ms
011011010100000101000000000000100000,000000000010010010011001100000001100,000000100001001000100100001001010001,100100001000100000000010010110000010,86,42575ms
100000000000111100100000001100000100,000010110001000000001000100011000010,000001001110000010010100010000010000,011100000000000001000011000000101001,123,4236ms
100001110001010011000000000010000000,000110001010001000000000000001101100,000000000000000100001111001000010011,011000000100100000110000110100000000,61,65323ms
000011011000000001001000101000010000,100000000010010000100100000010000111,001100100001000000000000010101101000,010000000100101110010011000000000000,56,41762ms
000011110000000010100010000000001001,001000000010000100001001000101010100,010000000001010001010000011000100010,100100001100101000000100100010000000,51,4706ms
000110110001010010000000000001000010,110000000000000000101001110010010000,000001001100100000010110000000000101,001000000010001101000000001100101000,78,58471ms
010001010100110000000011000000001000,001100000010000000011000011001100000,100000000000001101100000100000010101,000010101001000010000100000110000010,116,6570ms
110010010000010011000000000001100000,000100100001000100010100111000000000,001001001000000000000000000110011110,000000000110101000101011000000000001,157,28348ms
001111010001010000001000000010000000,100000100010100000010001001000010001,010000000100000011000100110001001000,000000001000001100100010000100100110,100,3955ms
110110001000100001010000000100000000,000001000000010100101100001000101000,001000010100001010000001010010010000,000000100011000000000010100001000111,177,65ms
100010000010100000101000000100011000,010001000000001100010001100000000011,000100011100010010000000000011000100,001000100001000001000110011000100000,140,1552ms
001100010000000000000011001101100000,000010001010111000010000000000010100,110001100001000000001000010010000001,000000000100000111100100100000001010,142,2224ms
001011010000001010000010000000101000,100000000010010101100000001011000000,010100001100000000010101000100000010,000000100001100000001000110000010101,98,4497ms
000011001100010010000000001000000011,100000110000000000101101100010000000,010100000011000001000010000001101000,001000000000101100010000010100010100,54,44185ms
000010011000101000010000110010000000,000000000011010110001000001001010000,010001000000000000000110000100001111,101100100100000001100001000000100000,46,24966ms
010000111000101100010100000000000000,000001000110000000001000001010101001,101110000000000000100001110000010000,000000000001010011000010000101000110,177,1705ms
111110010000000010010000000100000000,000001101000000001001001000001100001,000000000110011100000000001000011100,000000000001100000100110110010000010,177,414ms
010110011011000100000001000000000000,000000000100101000010000101101100000,101001100000000011000100000000011000,000000000000010000101010010010000111,156,11552ms
001111111000000100000000000010000000,100000000111100000000110000001000001,010000000000000010101000101000100110,000000000000011001010001010100011000,94,116845ms
110001001000100001000000100100000100,001010000000000000101001000010101010,000100010010001000010010001001010000,000000100101010110000100010000000001,123,24083ms
110100101000000000001100000001000010,000011000001110000000001001010000100,000000000110001100110000100100001000,001000010000000011000010010000110001,157,481ms
101000110000000011010000000000010100,010110001001011000000000000010100000,000000000010100000001101010100001010,000001000100000100100010101001000001,76,29999ms
100110100000000000000101101000000010,010000001001010110000000000010100100,000000000010100000101010000101001001,001001010100001001010000010000010000,127,75682ms
100000101001100100010000010000000100,011001000100011001000000100000001000,000110000010000010000000001111010000,000000010000000000101111000000100011,108,56499ms
010110000000000010010010000001000110,001000100100101000000101101000000000,100001010001000100100000010000101000,000000001010010001001000000110010001,138,28318ms
110000101000101000000000000011000010,000010000000000101110110000000110000,001100010000000010001001010100000001,000001000111010000000000101000001100,157,308ms
010001000000011100100000001000010010,001010001001000001011001000000100000,000000110010100010000000000010001101,100100000100000000000110110101000000,36,4853ms
011101000001000000000000001100011000,100000001000000000010010010010100110,000000100010001000001101100001000001,000010010100110111100000000000000000,69,112995ms
111101010000000000010001000001000000,000000001000101000001100011000100100,000010000111000001100000100010000001,000000100000010110000010000100011010,157,171ms
011011000000000001000010100011000000,100000010010100000000100001000001011,000100101100000000100001000100010100,000000000001011110011000010000100000,116,1131ms
110010101101010000000000000000000001,001001010000100010001000000010001010,000100000010000001010000111000110000,000000000000001100100111000101000100,123,12791ms
000110111100100000000000001000000001,100000000001010101000000010101001000,000000000010001000111001100010010000,011001000000000010000110000000100110,71,21764ms
011101011011001000000000000000000000,000000000000000000100000110110110110,100010000000010110010010001001000000,000000100100100001001101000000001001,143,7208ms
101101000000000000000000100100110010,000010000110000011001010000000001001,000000100001101000100101000001000100,010000011000010100010000011010000000,132,3701ms
010100001000110000100000000000100011,000011110010001110000000001000000000,100000000000000000001011000111011000,001000000101000001010100110000000100,118,178570ms
101000011100000100010000100000000100,000100000001100001100000000101100001,000010000000011010001100011000010000,010001100010000000000011000010001010,87,19769ms
100001000001000001100001000010000011,001100111000001000000000101000001000,010000000010100100001110000001010000,000010000100010010010000010100100100,96,1712ms
011100101100000100000101000000000000,100011000000001010001000100001010000,000000010000110000110000010000101100,000000000011000001000010001110000011,115,18788ms
011101001000011000000100000000100000,000010010001000001000010000100010101,100000000110100010001001010010000000,000000100000000100110000101001001010,157,5024ms
101010100001100010000000000010000010,010001010100010100000010001000000100,000100000000001000011001010001101000,000000001010000001100100100100010001,87,28666ms
110110100000010000000010000000011000,000000001001100001001000010010100001,000001010010001000100001001001000100,001000000100000110010100100100000010,148,1535ms
000110101001010000000100000000100001,001000000000000010101000000110001110,110001000100001001010010100000000000,000000010010100100000001011001010000,177,3125ms
000001111000010110010000000010000000,000000000111100001000000001100000110,100110000000000000101110000000100001,011000000000001000000001110001011000,149,7533ms
011111111000000000010000000000000000,000000000101100010000001001011000010,000000000000000101101100110100001000,100000000010011000000010000000110101,135,18794ms
001011001000000000010100000010101000,000000000100001011001000010000010110,100000000001000100000010101101000001,010100110010110000100001000000000000,95,192253ms
111000110000000101000010000001000000,000001000000010000101001100010100100,000110001010001000010100001000010000,000000000101100010000000010100001011,140,23987ms
100101111000010000001000000000010000,000010000100000011110000000001101000,010000000001000000000001110100000111,001000000010101100000110001010000000,129,2283ms
110111110000100000000000000010000000,001000001100000000110000000000101011,000000000001001111001110100000000000,000000000010010000000001011101010100,137,9504ms
000000100010000000001110001010001100,100111000100000100000000110000000010,010000010001010000010001000101100000,001000001000101011100000000000010001,37,2141ms
000101111000000010000010000000101000,011010000010001100001001000000010000,000000000101100001000100001110000001,100000000000010000110000110001000110,52,47161ms
010001110000001000000000100100001100,001000000001100000110001000011000010,100110000010000001001100001000100000,000000001100010110000010010000010001,163,2218ms
110110101000000000000010010000000001,001000000011100110010001000000100000,000001010000001001000100100100001100,000000000100010000101000001011010010,162,4280ms
011001100000000101000010000000001010,100110011000010000010000000001100000,000000000001100010001100011000010100,000000000110001000100001100110000001,30,5299ms
001011100010000000000101011000000000,000000000100101100010000100000101100,100100011000010000000000000110010001,010000000001000011101010000001000010,157,2746ms
001000001001010010010000100001001000,110001000010001000100011000000100000,000100100000000101001000011100000010,000010010100100000000100000010010101,16,1386ms
010000010000100101110000100001000000,100011001000010010000011000000001000,001000100000001000000100001000110110,000100000111000000001000010110000001,51,7741ms
001010101100000000000001000100001100,100000000001110101100000100000100000,000001000000001010010110000010000011,010100010010000000001000011001010000,62,15036ms
110011011000000000000000001000100001,001000000000100001010000100101000110,000100000111000100001000010010010000,000000100000011010100111000000001000,136,2457ms
101001000001001000010000100000100010,000110001000010011000000000011010000,000000010000100100000011010100000101,010000100110000000101100001000001000,80,6422ms
001011110100000001000000100000000100,010000000000000000001111001011010000,100000000010010100010000010100100001,000100001001101010100000000000001010,151,1471ms
001101001001010000000000010010000010,100010100100001001001000000001001000,010000010000000110010010100100000100,000000000010100000100101001000110001,70,7171ms
010111111000000000000000100000000001,000000000011101001010010000001000010,100000000100000100001000011010001100,001000000000010010100101000100110000,177,1024ms
111000010000100100001010010000000000,000000101011010001000000000010100010,000111000000001000110000100000001100,000000000100000010000101001101010001,175,15414ms
100001001110000000000001100100000010,000000000000100001111000010011010000,001110100000000100000110001000000001,010000010001011010000000000000101100,147,6414ms
101101111000000100000000000000100000,010000000110000010011000010100000100,000000000001100001100100000011010001,000010000000011000000011101000001010,123,7193ms
000100110100000000000011110000010000,010011000000000010101000000001001001,101000000010101000010000000110100000,000000001001010101000100001000000110,122,822ms
100001011000000000011000011000010000,010010000110000101000000000000101001,001100100000110000100000100010000100,000000000001001010000111000101000010,132,73572ms
101100001000110100000000000000110000,010000010010000000000110100110000100,000010000000000001111000000001001011,000001100101001010000001011000000000,95,35434ms
111111101000100000000000000000000000,000000000100000000011010001000111001,000000000001011001100100000101000100,000000010010000110000001110010000010,160,986ms
100101101000001000000000000000011100,001000000101100101000010101000000000,010000010000000010100101000100100001,000010000010010000011000010011000010,150,6220ms
101100000000110010000001000000110000,000001001010001100100010001000000001,000010010000000001011000110000001100,010000100101000000000100000111000010,85,10313ms
011011110110000000000001000000000000,000100000000001100100010110100100000,000000000000110011010100000000001011,100000001001000000001000001011010100,100,36165ms
011111000100000011000000001000000000,100000111010001000100000000000110000,000000000001110000010110000000001011,000000000000000100001001110111000100,107,64563ms
001001000100110001001000000100000001,110000100000001000010000011001001000,000100001010000110100000000000110100,000010010001000000000111100010000010,53,3149ms
110010011000100010000000001000100000,000001000000010100001010000101010100,000100100100000001100100110000001000,001000000011001000010001000010000011,157,1588ms
010010011000001001000000000100110000,000001100001000010010010000011000010,101000000000010100001101001000000001,000100000110100000100000110000001100,138,3108ms
011101010000000010000000000100101000,000010001000101000100110100000000001,000000000110000000011000001011010100,100000100001010101000001010000000010,121,8881ms
001110010001000000001100000001100000,000000100010101011000000000000001110,110001000100000000110000010010010000,000000001000010100000011101100000001,177,144ms
011000011100000010001001000010000000,100000000011000001100100100100000010,000110000000101000000000011001010100,000001100000010100010010000000101001,83,2342ms
011111101000100000000000000100000000,000000000000000000000001111001110110,000000010011000111110010000000000000,100000000100011000001100000010001001,131,49443ms
110111001010000000010000000001000000,000000010100000100000001010010001101,001000100001000000101100001000010010,000000000000111011000010100100100000,177,110ms
000010001100010001101000000000000101,011000110000001000000001001001010000,000100000000000110000100110110000010,100001000011100000010010000000101000,48,1057ms
000011000000000110100000000010011100,011000010000011000010100000100000010,100100100001000000001010010001000001,000000001110100001000001101000100000,95,6044ms
011011111000000000000100001000000000,000000000011110110000001000010000100,100100000000000001010010010101000010,000000000100001000101000100000111001,157,329ms
001001011000001000000100100010001000,000110000000000100100010010100010100,110000000100010000000001001000100011,000000100011100011011000000001000000,142,2211ms
001011011010100000010000010000000000,010000000101000000000100001000110110,100000000000010110001010100110000000,000100100000001001100001000001001001,141,1782ms
011011001000001100000000000001001000,000000000000100011001000011100010001,000000100110010000100001000000100110,100100010001000000010110100010000000,92,27574ms
101010101000000011010000000000100000,000000000000000000101011100100010101,000001000001101100000000010010001010,010100010110010000000100001001000000,75,32500ms
110000011100000111010000000000000000,000000100001011000000000011001100001,001001000000100000001110000000011010,000110000010000000100001100110000100,134,8365ms
110001010000001000001100000000110000,000000100000100010000010101010000110,001110001001000101000001010000000000,000000000110010000110000000101001001,148,12429ms
101101100000000010000000000000011001,000010000000101000000011000101100010,000000000110010100101000011000000100,010000011001000001010100100010000000,132,29303ms
111100001000001000000000000100011000,000011000001100000001010011000000001,000000100110010110000100100000000010,000000010000000001110001000011100100,157,7555ms
101111111010000000000000000000000000,000000000000000101100010100010101001,010000000100111010000100000100000010,000000000001000000011001011001010100,177,57ms
001101111000100100000001000000000000,010000000000000001111110000010100000,100000000000000010000000011100001111,000010000111011000000000100001010000,135,6798ms
100011000100000000000000001100011100,010000001000110100000010000010000011,001000010011001000110000010001000000,000100100000000011001101100000100000,136,7985ms
110101111000000010000000000000000001,001010000011010001101000000000010000,000000000100101000010001001101100000,000000000000000100000110110010001110,157,6179ms
011011100000010010000000000001001000,000000000010100001100110101000000010,000000001101001100010001000010010000,100100010000000000001000010100100101,81,124557ms
110111100000100000000010000001000000,001000010000010110000100101000100000,000000000011000001111000010000000011,000000001100001000000001000110011100,177,9658ms
010010001010000000000101001010100000,000001000101100010100000000100001001,101000000000010000010000100001010110,000100110000001101001010010000000000,108,16443ms
101110110000000000000010000000110000,000000000011101000001001011010000000,000001000000010100010100000001001110,010000001100000011100000100100000001,107,13060ms
100010111010000000000010000010000010,000100000000001000101100011000000101,010000000001010101000000100001110000,001001000100100010010001000100001000,107,4779ms
001000000010110100000100010010001000,010111010000001010001000000000100000,100000000000000001100010101000010011,000000101101000000010001000101000100,61,3026ms
111100100010000000101000000010000000,000000001100001000010010001100010010,000010000001100000000101010001101000,000001010000010111000000100000000101,133,389ms
111111000000100001000000000000001000,000000001000001000101010001100100010,000000000011010010010000110000010001,000000110100000100000101000011000100,163,2771ms
001100101000001101000000000011000000,000001000001000010001011000100010001,110010010000100000100000101000100000,000000000110010000010100010000001110,141,4761ms
100000001001001000100011000000100100,010000010000000001001100001001010001,000000100110000100000000100110001010,001111000000110010010000010000000000,83,33745ms
010000001010011000010001000100001000,000001010000100011000000000010100011,000010100100000000001000111001010000,101100000001000100100110000000000100,69,25945ms
011100000001000000100100110000100000,000000001000000011000010001000011101,000011100010010000010001000101000000,100000010100101100001000000010000010,105,5595ms
111010001000001000000010001000001000,000000000100100000001100000100110110,000001010001000101100001010000000001,000100100010010010010000100011000000,136,6428ms
101000111001010000000000100001000000,000000000100100011100001000000000111,010111000010000000000100001100001000,000000000000001100011010010010110000,167,1245ms
111101011000000101000000000000000000,000000000100010000011001100110000010,000000100010001010000100001001001100,000010000001100000100010010000110001,143,401ms
111000111000001000001000000000000100,000000000000010010010110100001101000,000001000110000001000001001100010001,000110000001100100100000010010000010,157,1068ms
100110110001000000000010100001000000,001000001100000000010100010100110000,000001000000111000000000001010001101,010000000010000111101001000000000010,104,7887ms
011111100000000000000000011000100000,000000010000000100100010100001000111,000000001100100011000101000110000000,100000000011011000011000000000011000,118,2357ms
101011111000000100000000000000000001,000000000010011001000000100100110100,000100000001000000011001001001001010,010000000100100010100110010010000000,118,3186ms
111011001000000100000000000100001000,000000010000000000010110100011000101,000100000010111001000000001000010010,000000100101000010101001010000100000,138,6602ms
101010110100000000100010000010000000,010000001000100010011000100000001100,000100000010001100000100011001000010,000001000001010001000001000100110001,108,1281ms
111001010000100000011000100000000000,000010000101000100100000011000100010,000000000000011001000011000011010100,000100101010000010000100000100001001,122,36637ms
001010110000100010000001000110000000,000001000100001000010100010001011000,010100000001010000100000100000100011,100000001010000101001010001000000100,89,5262ms
101001110100100000000000001100000000,000100000001010010000101010010000010,010000001000000000110000000001111100,000010000010001101001010100000000001,157,96ms
000101010000010100100000000100100100,000000100000101011010010001010000000,011000001001000000001000110000010001,100010000110000000000101000001001010,96,5627ms
010110100010100000001000100100000000,000000010001010010100011010000001000,100001001000001100010000001000010010,001000000100000001000100000011100101,159,5743ms
000111001001010010000000000000000110,111000010100100001000110000000000000,000000100000001000010001101100101000,000000000010000100101000010011010001,46,51609ms
110000110000010000000000001001100010,000010000100101010010001000100001000,001000000010000100101110010000010000,000101001001000001000000100010000101,114,23068ms
111011010000000100000010000000001000,000000000011001000001001100011000010,000000001000110001010000001100100100,000100100100000010100100010000010001,141,6052ms
010111101000000000000000001010000100,100000000010101000001000000000111010,001000010001000011010010010001000000,000000000100010100100101100100000001,100,67092ms
011011101000000000111000000000000000,100000000101000011000100000110000010,000100000010110000000010010000100101,000000010000001100000001101001011000,117,1075ms
001110101000000000100000000011010000,010001000010001010001000101000001000,100000010100100000010010010100000010,000000000001010101000101000000100101,177,406ms
111001001000010000000000011000000001,000000010100000010000110100001101000,000100000000101001100000000110000110,000010100011000100011001000000010000,157,766ms
100011100000001100100000100000000100,010100000001010001001010000000000011,001000001110000000010001010010001000,000000010000100010000100001101110000,143,643ms
010100010000000000010001001110001000,000001001101010001000000000001000110,000010100000100110000110010000010000,101000000010001000101000100000100001,72,29747ms
000001101000000100100000000110010010,000000000011111010001010100000000000,101000010000000001010100001000100001,010110000100000000000001010001001100,133,3690ms
010000100100110101000010000000010000,001001001010001000010000000110100000,000110010000000010001101010001000000,100000000001000000100000101000001111,65,36976ms
010001111000001010001000010000000000,000000000001010000110101000001010010,000010000100100101000010100000100100,101100000010000000000000001110001001,49,24673ms
001100000100011000010001000000000110,110010100011000100000100000010000000,000001001000000001001000100001111000,000000010000100010100010011100000001,21,2161ms
100000111000000110000000111000000000,010000000010011001001000000001110000,001110000000000000100100000110000110,000001000101100000010011000000001001,177,2684ms
001011101000000011100000000000000100,000100000010100000010001000100110001,000000000001010000001110001011001000,110000010100001100000000110000000010,48,24015ms
001010010100000100100000101000000100,100100000010001000000101000001010010,010001100001010010000000010000100001,000000001000100001011010000110001000,89,7004ms
010100110000011010100000000000100000,100000000000100001000110100010010010,001001000011000100010001010000001000,000010001100000000001000001101000101,87,21928ms
100001100001000011100000000000010001,001110000000000100010001000001100100,000000010110000000001010110100001000,010000001000111000000100001010000010,117,605ms
111101111000100000000000000000000000,000000000001010010000010010101110000,000000000000001000101101001000001101,000010000110000101010000100010000010,134,1210ms
011010001000010000000000000001101010,100100010110000100000010101000000000,000001100000001010111001000000000100,000000000001100001000100010110010001,62,130021ms
011001101010000100010000000001000000,000110010000000001000010100000001101,000000000001011010000101000110000010,100000000100100000101000011000110000,80,43727ms
010000011010000100100000000000011100,001101000001000001010001000001100000,100000100100111010000100001000000000,000010000000000000001010110110000011,123,9422ms
100110001100001000000000010001001000,000000110001000100010010001000010001,000001000000000011001100100110000010,011000000010110000100001000000100100,142,616ms
101111010000000000000000000000000111,010000000100101010000100011100000000,000000001001010001101010000010100000,000000100010000100010001100001011000,154,2093ms
000000110000000010000100101000100101,110000000010001001100000000011000010,000100001101010000001010010000010000,001011000000100100010001000100001000,11,1446ms
101011011000000000010001001000000000,000000000110000100001010000001001011,010000000001111010100000100000000100,000100100000000001000100010110110000,157,777ms
101101001000010000000000100010000100,010000010000100111100001000000000001,000000100110000000001100010000111000,000010000001001000010010001101000010,120,4451ms
110010001000011000001000010000000010,000000100000000010000000001111010101,001100000101000000110100000000101000,000001010010100101000011100000000000,157,10585ms
001000111100000000100000100000010100,010100000001001001000100001100001000,000001000010010000010010010011100000,100010000000100110001001000000000011,69,1410ms
011111011000000000000100000000000010,000000100100010000110010001000011000,000000000001101101000000010011000100,100000000010000010001001100100100001,99,38581ms
101100100001100100000000000100000010,000000001010011001000001100000101000,000010000100000000001010010011010001,010001010000000010110100001000000100,133,11723ms
010101101010000000000010100001000000,000000000001010100110001001010100000,101000010100001011000100000000001000,000010000000100000001000010100010111,157,1688ms
101111100000000000101000000100000000,000000001011000011000010000000110010,010000000000100100010100010010000101,000000010100011000000001101001001000,177,35ms
001110000000010000001000010110100000,010000100001000001000100000001010101,100000001000100000010001101000001010,000001010110001110100010000000000000,125,51870ms
010110010001000100001100000000000100,000000101000010001010001100000101000,101000000100000000100010001010010001,000001000010101010000000010101000010,177,147ms
011000111000000100000010001000100000,000000000000100011010000110000011001,100100000100010000100100000101000100,000011000011001000001001000010000010,157,119ms
100111101000000100000000001000000100,000000010001110000110010100100000000,010000000010000000000101010011110000,001000000100001011001000000000001011,177,134ms
010001100101010100001000001000000000,000100000000001011100010000100110000,101000010010000000010100100011000000,000010001000100000000001010000001111,157,740ms
101001011000000000110000001000000010,010010000001000000000101100010001100,000000100010100011000000010100100001,000100000100011100001010000001010000,139,2816ms
111101000000000000001001000001000010,000010001000100110000010100000010001,000000010001010001110000000100001100,000000100110001000000100011010100000,157,118ms
011010110000001000000000000010100010,000101000010000100001100100001010000,000000000100000001110010011100000001,100000001001110010000001000000001100,116,8172ms
110000010000010000001010001001100000,000001000101000001100001010010000010,000100000010001110010000100100001000,001010101000100000000100000000010101,97,3763ms
100110101000100001000110000000000000,000000010101001100100000000001000011,001001000010010000000000101100100100,010000000000000010011001010010011000,139,4999ms
011110101000000000000001100000010000,100000000001000000011110010000100100,000000010000011111000000000110000010,000001000110100000100000001001001001,136,10265ms
110101110000000000101010000000000000,001010000100011000010000001100000100,000000001000100100000001110010101000,000000000011000011000100000001010011,148,1421ms
110110110000000000010100000100000000,001000001111100000001001100000000000,000000000000011110000010000010101100,000001000000000001100000011001010011,157,21273ms
100011101100000001000000000000000101,010100000001000100011000000101001000,001000000000101010100111010000000000,000000010010010000000000101010110010,139,13416ms
100010101000000000010000010101000100,000000010010101011000010001000010000,011000000101000100101000000010100000,000101000000010000000101100000001011,157,107ms
001000100001000001000000100101000110,010100001000000000000110000010101001,100001000000101110000001001000010000,000010010110010000111000010000000000,55,92817ms
001100011000010010000000001000011000,000000000011000100010101100100000100,010010000100100000101010000011000000,100001100000001001000000010000100011,100,18483ms
110111000000001000000001001000000001,000000010011000010011000010000010010,000000100100110100000010000101100000,001000001000000001100100100010001100,169,1570ms
001111001000000000000001011000000010,000000110000101010001100100001000000,100000000110010001010000000010011000,010000000001000100100010000100100101,158,10062ms
011101111000000000010000000000000010,000000000100100010101000100000001101,000010000001000101000000011011010000,100000000010011000000111000100100000,77,34825ms
101001001000000000010010010010010000,000010010000011000000100001100001001,010100000101000010001000100001000100,000000100010100101100001000000100010,141,1333ms
001001111000000010000111000000000000,000000000000111001110000000011100000,100110000011000000001000101000010000,010000000100000100000000010100001111,135,14715ms
011001110000100110100000000000000000,100110001000001000000000011100000010,000000000010000000001110000010111001,000000000101010001010001100001000100,65,116782ms
010100100010100000000000101010000001,000000011000000001100110000000110010,101011000001010100000000000001000100,000000000100001010011001010100001000,136,5512ms
000101000100000110000000000001001101,100000000010110000001100000100110000,010000000001000000110001011010000010,001010111000001001000010100000000000,46,32455ms
100001111010000000000100100000010000,000000000100001000011010001100101000,011000000000000111100000000000000111,000110000001110000000001010011000000,120,919ms
101000101000101000001000000100000001,010010000000000010010110100000010010,000000010100000001100001000011001100,000101000011010100000000011000100000,139,3000ms
100110000011000100000100000000010010,000001110000000000100001101001000100,001000000100000000011000010100101001,010000001000111011000010000010000000,124,25071ms
100000010000101000010000010001010001,001000000010000010100011000100001010,000011100001000001000100100010100000,010100001100010100001000001000000100,53,3827ms
111001101000000000000001101000000000,000100010001010110000000000001001100,000000000110001001100100010000100010,000010000000100000011010000110010001,157,16119ms
101110001000001000000000000100001001,010000000010010011100101000000010000,000001100000100000010000110001100010,000000010101000100001010001010000100,162,5178ms
001111100000000000001000000100000011,000000001001100001010010001000010100,010000000110011100100100000010000000,100000010000000010000001110001101000,139,4351ms
001010001000010010100000010000100001,000101000000000000001110101100001000,110000100011101000000001000000000010,000000010100000101010000000011010100,133,35535ms
010101111000000000000001010000000001,101000000010000010000000001011110000,000000000101101100010100000100000100,000010000000010001101010100000001010,89,21169ms
111010110100000000000100000100000000,000001000001000000011001100011000001,000000000000011010100000001000110110,000100001010100101000010010000001000,157,152ms
010011101010000000011000000000100000,001000010000100000100001010000010101,100100000100010010000100000110001000,000000000001001101000010101001000010,157,246ms
100011010001010110000001000000000000,000100001110000000011000010000000011,000000100000101000000110001100011000,011000000000000001100000100011100100,98,7603ms
011000110000001100000000011000100000,000000001000000001011101000100000101,100001000010100000100000000011011000,000110000101010010000010100000000010,144,3044ms
011100110001000000000000000100000110,100010001100010010000011000000000001,000001000010000000111100010001010000,000000000000101101000000101010101000,83,48802ms
100101001000100000100101000000001000,000000000001000001000010101000100111,000010010100010100001000010001010000,011000100010001010010000000110000000,113,8041ms
001010000000101100100001000001001000,100000010010000010011000001010000100,010100001001010000000110000100000010,000001100100000001000000110000110001,77,1308ms
111110110000000000000010000000001000,000000000100010010000101101000100010,000000000001100100011000000101010001,000001001010001001100000010010000100,177,1550ms
111000101000000000010100000110000000,000110010001100000001001000001000010,000001000000000111000000111000011000,000000000110011000100010000000100101,127,683ms
000111010000000100001001000110000000,000000101101010011000000000000010001,100000000010001000010000010000101110,011000000000100000100110101001000000,126,56432ms
001100001001000000000010111001000000,010001100000011100000000000110000010,100000000100100010100100000000011001,000010010010000001011001000000100100,105,37306ms
000000101001010000010010001000000101,100010000010001010000000100110100000,000001000000100100000101000001011010,011100010100000001101000010000000000,0,1229ms
110100110000000000000000000110001010,001000000011101101000000110000000000,000010001100010000000110000000110001,000001000000000010111001001001000100,157,5741ms
000101100111000001000000000000110000,001000000000110010100001011010000000,010010000000001100001100100001001000,100000011000000000010010000100000111,56,31345ms
110001011000000010000000011000000001,001100000010100000110010000100001000,000010000100010101000100000011000100,000000100001001000001001100000110010,126,3308ms
111111100000100000100000000000000000,000000001010011011000000001001001000,000000000100000100000111110000100100,000000010001000000011000000110010011,177,79ms
010110101000001000110000000000000100,000001000000000101000100101011100000,000000000001110010001001000000010011,101000010110000000000010010100001000,97,7428ms
011110001000100000000000000010001001,000000100010000010000101110001000010,100000010000011001001010000000100100,000001000101000100110000001100010000,162,6614ms
001100111100000000010000010000010000,010000000011100000100100000000001101,100000000000000000000011101011100010,000011000000011111001000000100000000,113,4802ms
100100001001000100000000001010001010,001000000010000001001110010100000001,010010100000101000110000100000100000,000001010100010010000001000001010100,136,7302ms
110011010001000000000010000110000000,001000000000110001000100110001000010,000100001010001100011000000000100001,000000100100000010100001001000011100,133,150ms
000101110010111000000010000000000000,001010000000000100101001010000010001,010000000001000011010000100100001010,100000001100000000000100001011100100,71,28485ms
111001111000000001000000001000000000,000010000010010100010000000011001100,000100000101000000000011100000100011,000000000000101010101100010100010000,157,577ms
000110001001101100100000000010000000,100001010000000000000010010100010101,011000100110010010000001000001000000,000000000000000001011100101000101010,120,94417ms
111001000000011000000001000000001001,000000010100100110010100000010000010,000000000011000001001010011100000100,000110101000000000100000100001110000,105,45227ms
011010100000010100000010000000100100,100000001001000001101001010010000000,000100000100100000000100100100011010,000001010010001010010000001001000001,85,7415ms
001101110100000000000000001000010010,100000001010000100001001010010100000,010010000000101010000010000101000100,000000000001010001110100100000001001,102,7578ms
000000000000000101000100110110110000,111000000100000000011000000001001010,000011110000111010100000000000000000,000100001011000000000011001000000101,64,9301ms
111011110001000000100000000000000000,000100000010000000000110011100100010,000000000100110111010000100000001000,000000001000001000001001000011010101,157,169ms
111100010000010000001001010000000000,000010000100000100010000001001110100,000000000000101011100100000010001010,000001101011000000000010100100000001,137,2883ms
011000100000000001100000001010011000,100001010100000100001000000001000101,000110000010011010000001100000000010,000000001001100000010110010100100000,89,4021ms
101010001010000000000100001000000011,000101000000010001011011000001000000,010000110001000100000000000010101100,000000000100101010100000110100010000,145,43922ms
100100101000000000001100100000010001,000000000100100001000010011010100010,000001000010010000110001000100001100,011010010001001110000000000001000000,97,41457ms
100100010010010010110000100000000000,000000000001101000001010010010000101,000000101100000101000100000000111000,011011000000000000000001001101000010,86,29522ms
100111111000000000100000000010000000,011000000010101000000010010000010100,000000000000010111011100000000100001,000000000101000000000001101101001010,127,12782ms
001000101100010001000000001000010010,100110000010101100010000100000000000,000000000000000010000101010101001101,010001010001000000101010000010100000,25,21608ms
100111110000001100000000000000000010,000000000001110000110001100000000101,011000001010000010000100001000011000,000000000100000001001010010111100000,156,2099ms
001001100010001000000110001000100000,000000011000100110010000000010011000,110010000100000000100000100100000110,000100000001010001001001010001000001,157,191ms
110100010000100000010000100001100000,001010000001011000100100000000001010,000000001100000110000010011000010100,000001100010000001001001000110000001,117,1989ms
010011000000110110001000000000000100,101100000100000000000100010111000000,000000100010000001000011100000011001,000000011001001000110000001000100010,28,1015ms
110010000010010000000000001000110100,000000000100101001011011000000000001,001001100001000000100000000111000010,000100011000000110000100110000001000,157,6498ms
110111101000000100000000000000000100,001000000001100001001010001000010001,000000010100001010000001110100000010,000000000010010000110100000011101000,177,126ms
111111011000000000000000000000000100,000000100001100000000100100010110001,000000000010001110100010000101000010,000000000100010001011001011000001000,177,217ms
010010111000000011000000100100000000,001000000000000100110000011000100101,100100000111101000000000000001000010,000001000000010000001111000010011000,157,1262ms
010010010101000100010001000000001000,100000100000000010101000011010000010,000100000010100001000000100100110001,001001001000011000000110000001000100,67,11970ms
111010100110000001000000000000001000,000100000001101110000000001000100010,000001010000000000100001110001010100,000000001000010000011110000110000001,157,2358ms
100111000100100000101000000010000000,001000000001011000010000010000100011,000000110000000110000110001000001100,010000001010000001000001100101010000,125,528ms
100101100001001000000010000010001000,000000000000000111100101001000010010,011000010110110000000000010000000100,000010001000000000011000100101100001,157,10124ms
001001110000000001000000011000010001,100000001011000000100000100001100100,000110000100011100010001000000000010,010000000000100010001110000110001000,85,2730ms
011001011000000010000000001000000011,000000100010000100000001010101001100,100000000000011000111110000000100000,000110000101100001000000100010010000,157,2875ms
010101110000000000000011000010000010,101000001000010000011000000100001100,000000000010100001000000101001110001,000010000101001110100100010000000000,51,52375ms
000100001100001100110000100000000100,101001000000000000001000000101011010,000000010011100001000100011000100000,010010100000010010000011000010000001,0,14238ms
011110100100000000010000000010000010,000001010000011010000100001000100001,100000001000000000101000110100010100,000000000011100101000011000001001000,177,71ms
011100111001000000000100010000000000,000000000000100010011011000000010110,000011000010011001000000001101000000,100000000100000100100000100010101001,87,17304ms
110010111000000000000011000001000000,000101000001000110100100011000000000,000000000010111000011000000000000111,001000000100000001000000100110111000,116,42017ms
101100111110100000000000000000000000,000000000000000100010000100101111010,000001000001010001101010001000000100,010010000000001010000101010010000001,157,486ms
010010101000000000101000010100000001,100001000010101000010000000001010010,000100000001000101000110000010001100,001000010100010010000001101000100000,98,11030ms
011100100000000000010100010000000110,000000010000001001001001000101001001,000000001111100000100000001010100000,100011000000010110000010100000010000,86,5596ms
101000001101010000000000110000001000,000001000000000010000100001111100001,010000000010001000100011000000010110,000110110000100101011000000000000000,138,8336ms
010011111000000000000000001000000011,000000000011100001100000110101000000,101000000100011010001110000000000000,000100000000000100010001000010111100,157,2544ms
100001101000011000100000000001001000,001000000101000110001000001000110000,000010000000000001010001100110000011,010100010010100000000110010000000100,108,3535ms
111001100100000000000010000010010000,000010000010010000000001100100101001,000000011001100111000000000001000010,000100000000001000111100011000000100,136,3550ms
001111011000000000000000100001100000,100000100001100000001000011000010010,010000000110001000100010000110000100,000000000000010111010101000000001001,133,4703ms
111101110000000000000000001000001000,000000001100000011101000110010000000,000000000010001100000101000100110100,000010000001110000010010000001000011,143,5189ms
001001010000011100000000000000001101,010110100010000000001000001101000000,100000001100000001100001000010110000,000000000001100010010110110000000010,110,9043ms
000111101001000000010000101000000000,011000000100010000000100000001011001,000000000010100101000011010000100010,100000010000001010101000000110000100,61,29269ms
101011110000000000010000000100000010,010000000001100011001001000000101000,000100001100001000100000011001000001,000000000010010100000110100010010100,157,91ms
111010010001000001001000000010000000,000000100010000000100001000000101111,000100000000011110010100000001010000,000001001100100000000010111100000000,120,2257ms
000011010000000000010100010001100001,001100000011110001000000000100010000,000000101000001000101011000010000100,110000000100000110000000101000001010,51,34832ms
101101110100000000000000000000011000,010000000011100001100100000000000110,000000001000011000000011011100100000,000010000000000110011000100011000001,153,255ms
001101011000000000010000000100101000,010010100001010000100011000001000000,100000000110001001000000010000010101,000000000000100110001100101010000010,147,30363ms
110000001000010010100000100001000100,000000010100100000011000001100100001,001010100000000101000001010010001000,000101000011001000000110000000010010,116,1542ms
101010011010000000000100010000100000,000100000000100000110010001100000011,010000100000010101001000000010001100,000001000101001010000001100001010000,134,2211ms
000011100100000110000000111000000000,100100010001100000000000000010101100,001000000010001001100001000001010010,010000001000010000011110000100000001,42,42325ms
110101000000000000010010000101010000,000000111000011000000100001000000110,001010000000100011001000000010100001,000000000111000100100001110000001000,157,282ms
101100101101000000010000000010000000,010010010000011010101000010000000000,000000000010100001000010001000110110,000001000000000100000101100101001001,116,32439ms
000111111010010000000000000000000010,000000000101000111000100000100100001,000000000000100000110001110001010100,111000000000001000001010001010001000,59,31166ms
101110000000100000000000000110100010,010000000100010000010111010000000001,000001010000001100101000100000010100,000000101011000011000000001001001000,162,11323ms
100001010000110001000010000001000100,000000000010001010010100000100011010,011010000100000000001000010010100001,000100101001000100100001101000000000,117,34602ms
000111011000000110100000000000000100,000000100100100001000100000100001011,100000000000010000010011010011100000,011000000011001000001000101000010000,125,16884ms
000100010000011001000010000000110100,000010101001000000110000001000001001,000000000110000100001100110110000000,111001000000100010000001000001000010,21,9734ms
010100101000000010000100001000010001,100010000000101000001000010000001110,001001000101010001010000000110000000,000000010010000100100011100001100000,107,2822ms
111100000000000010010000101010000000,000000101000100101000000010001001001,000001000010011000101001000000100100,000010010101000000000110000100010010,144,819ms
101011010000000000000100010000010001,000000100000110001001010001001000100,000000000111001110000001100000001000,010100001000000000110000000110100010,68,23927ms
110011110000000000100000000010001000,001100000011110100000000010001000000,000000000000000000011111101000010001,000000001100001011000000000100100110,133,45931ms
101111011010000000000001000000000000,010000000100011010100000100100100000,000000000001000101010010010011000010,000000100000100000001100001000011101,146,4862ms
011100010100000000001000010000001010,100000001001100100000000000101100001,000001100010001000100100001000010100,000010000000010011010011100010000000,78,15886ms
100010110001000100001000010000100000,000100000100110010010010000100000001,001001001010001000100100001000010000,010000000000000001000001100011001110,139,4757ms
110010110000000100010000100000000100,000000000011010010101100000010100000,001000001100000000000011010001000011,000101000000101001000000001100011000,131,1502ms
001001101000001010000001000000100100,010010010010000100100010000001000001,100000000001010000010100100110010000,000100000100100001001000011000001010,108,3412ms
101000000000000000110000011000111000,010000101110010000001000100000000001,000110010001000000000100000111000100,000001000000101111000011000000000010,156,16079ms
000100011000000010110000001110000000,011000100010011000000000000001011000,100010000101100100000001010000100000,000001000000000001001110100000000111,129,6022ms
011010011000000000000001100010001000,000100000100100111000000000101010000,000000000000011000001100010000100111,100001100011000000110010001000000000,58,134617ms
100010001010000000110100010010000000,000000000001010010000001101000100011,010100000100001100000010000101001000,001001110000100001001000000000010100,147,1213ms
110100001000001000100000001010000001,000001000000010110001000010101010000,000000110001000000010110000000100110,001010000110100001000001100000001000,135,2115ms
111001110010001100000000000000000000,000000001000000000101000110001110010,000110000000010001010110000100000001,000000000101100010000001001010001100,164,3558ms
010001001100000000000001001100010100,100000000001011001010000010010100000,001110110000000110001000000000000001,000000000010100000100110100001001010,125,2847ms
010111110000001000000000110000000000,000000001101000010010010000011000100,000000000000100101001001000100100011,101000000010010000100100001000011000,83,38329ms
011000101100001001010000000000000100,000010000010100010000000000111100001,100100000001000100001100110000010000,000001010000010000100011001000001010,138,38918ms
111010111000000000000000001010000000,000000000100100100001010000101000011,000100000000000001000101100000111100,000001000011011010110000010000000000,118,6253ms
011110011000000000000001100000100000,000000000001110000001110010100000100,000001000010001001000000000001011011,100000100100000110110000001010000000,104,66869ms
111011101000001000000000100000000000,000100000000010001001010001000011001,000000010000000010000100010111000110,000000000111100100110001000000100000,127,2777ms
101111110000000100000000000001000000,000000001000010011000100100110000100,000000000111100000101000001000100001,010000000000001000010011010000011010,177,326ms
101001101000000010000000000001110000,000000010000000000110100101000001011,000100000111100000000011000010000100,010010000000011101001000010100000000,139,12637ms
010001011010000000100000000010010010,101000100001010001000001000000000101,000100000000101010010010011100000000,000010000100000100001100100001101000,72,13197ms
001100100000101000100000001000011000,110000000000000100000010110010000110,000001010110000000010001000100100001,000010001001010011001100000001000000,92,1633ms
001110001010000000000010010100000010,100000000100000001101001001000011000,000001110000100010000000000011100001,010000000001011100010100100000000100,93,26601ms
001111110000000100000000000100000100,000000001000101000001011011000100000,110000000000010011100000000010010010,000000000111000000010100100001001001,177,120ms
000111000000000001000001100010100010,001000100011110000010000001000001000,000000011000001010000010000101000101,110000000100000100101100010000010000,53,7380ms
110100100000010100000100000000011000,000000010010000001000010011110000100,000000001001101010011000100001000000,001011000100000000100001000000100011,81,4620ms
010011110000000000001000000000100110,000000000100100100110000000111000001,001000001001001010000110010000010000,100100000010010001000001101000001000,72,20674ms
000100111000000001011100000000001000,000011000000010100000010110000100010,000000000001101000000001001011010100,111000000110000010100000000100000001,26,3228ms
000000111000010000100011001000000100,111000000000000000010100010000001011,000110000111100100000000000100010000,000001000000001011001000100011100000,93,28712ms
000001000110000000110001100001000010,110000110000100000001010000010010000,000000000000011101000000011100000101,001110001001000010000100000000101000,44,4714ms
010111011000101000000000000000001000,000000100010000000000000111100010101,101000000001010100001110000000000010,000000000100000011110001000011100000,162,4048ms
111100111000000010000000010000000000,000000000100111101000000101000100000,000011000001000000010100000001010011,000000000010000000101011000110001100,144,1591ms
101001100110000000001100100000000000,000000000000110011010001010000011000,010100011000000100000010000001000110,000010000001001000100000001110100001,157,1391ms
101101011000010000010000000100000000,010000000001101101100000000000000101,000010000010000000001100011011000010,000000100100000010000011100000111000,108,994ms
101110101000100000100001000000000000,000000000110000000001010111000011000,010001000000001100010000000010100101,000000010001010011000100000101000010,177,413ms
011101101100000001000100000000000000,000000010000111000010011101000000000,100000000000000110101000000101000011,000010000011000000000000010010111100,157,3026ms
110110010000100000000100000001100000,000000001001001010010000100100001100,001001000010010100000011000000010001,000000100100000001101000011010000010,140,1872ms
110011101110000000000000000000100000,000000000001100100101101010010000000,001000010000000001000000001100011011,000100000000011010010010100001000100,157,140ms
111110000000100000011000000000001000,000001001000000010000001001010000111,000000010011010100100010100100000000,000000100100001001000100010001110000,177,59ms
000110011000000010010000110000100000,010000000010101000001100001000001100,001000000100010001100001000111000000,100001100001000100000010000000010011,107,1164ms
110011100110000000000000010000010000,001000010001000000000100101010001100,000000000000101001010011000001100010,000100001000010110101000000100000001,119,7552ms
001011000000010000000000000011010011,000000100101000101100010100100000000,000100001000101000000100001000101100,110000010010000010011001010000000000,18,9846ms
101110100000000001001000010001000000,000000000100010100010001100010010001,000000001011000010100000001100101000,010001010000101000000110000000000110,149,5693ms
101110011000000001000010000000100000,010000000010000100010100101000000110,000001100100010010000001010100000001,000000000001101000101000000011011000,168,1286ms
110101001001000000001000010000000001,001000010110000110010010000010000000,000000100000100000000100101100011100,000010000000011001100001000001100010,111,17753ms
000010010011000010000100000000101010,100000100100101001000010100010000000,001100001000000100010000010000010101,010001000000010000101001001101000000,20,6170ms
100011110001001000000100001000000000,000000000000000011011001110100001000,000100000000110100000000000010100111,011000001110000000100010000001010000,94,58928ms
100000100101000000000110000100001010,011001010000001001011000000000010000,000100000010010100000001110000000101,000010001000100010100000001011100000,87,989ms
000111100000001001100011000000000000,101000001100000010001100000000001010,000000010000010100010000111010010000,010000000011100000000000000101100101,70,32893ms
000001011000100001001010000010000010,100000000110010000100101001001000000,010010000001001010010000010000101000,001100100000000100000000100100010101,25,6939ms
011010111100000000000010000100000000,100000000001001100100000010010100100,000001000010000000011101001000001010,000100000000110011000000100001010001,91,1581ms
101100010000100100000100000101000000,010000000100011001110000001000000001,000001101010000000000011100000110000,000010000001000010001000010010001110,123,2658ms
000000001000001110000101000100001001,000011100101000000110010001000000000,001000010000110000000000000011010110,110100000010000001001000110000100000,0,9088ms
001011111000000000000000010000101000,000100000000000010001111101000000010,010000000010110001010000000110000100,100000000101001100100000000001010001,94,23883ms
011001001000000011000100000001001000,100000000010001000001001011010010000,000010100101010000000010100100000001,000100010000100100110000000000100110,103,3585ms
011000000100100000000001010010010010,000100010010001110100100000000100000,000010101000010000000000001100001101,100001000001000001011010100001000000,98,9969ms
001010011000000010000101000000100001,110000000011100000000000000110010100,000001100000011000010010111000000000,000100000100000101101000000001001010,51,18982ms
100101000000100010000000000011010001,000010010000001100010011010000001000,010000100111000001000100100000000010,001000001000010000101000001100100100,146,10700ms
000001100011001000000010110000000100,100100000100000000000100000101110001,001000001000100000110001001000001010,010010010000010111001000000010000000,0,6065ms
001101100000100000010100101000000000,000000001100000000100011000111000001,100000010001000001001000000000111100,010010000010011110000000010000000010,116,34506ms
101011000000010000000000000110100100,000000101000100000001001010000011001,010000000101000110100100001001000000,000100010010001001010010100000000010,157,648ms
101010111000000000000000000001110000,010101000100101001000010001000000000,000000000000010100011001100110001000,000000000011000010100100010000000111,124,177865ms
000000010011010010000000010001011000,010000100000000001000101100010100010,101010000000001100111010000000000000,000101001100100000000000001100000101,114,17644ms
100111011000001000000000000000010001,000000000100000100011011100100000100,000000000010110010000100001011100000,011000100001000001100000010000001010,115,49267ms
111111111000000000000000000000000000,000000000001010100100011000001001010,000000000110100000000100110110000100,000000000000001011011000001000110001,177,80ms
101111000000000000000000011100010000,000000001011110010001000100000100000,010000010100001101010001000000000100,000000100000000000100110000011001011,164,7629ms
000010100111000000001000001000100010,001100000000001101010001000000010001,000001000000010010100010000101001100,110000011000100000000100110010000000,51,1314ms
001110100000101000001000010010000000,100000011010000001100001001000000100,000000000100010010000010100101001001,010001000001000100010100000000110010,86,14945ms
011110110000010100000000010000000000,000000001100001000001000100110000011,100001000000000001100010001001001100,000000000011100010010101000000110000,177,1058ms
011111001000010001000000000000000010,100000100000000100100011100000011000,000000000100100010010000001101100100,000000010011001000001100010010000001,143,22903ms
001000011000100000000000100001110010,000000100001010000100000011110000001,010101000110000011001010000000000000,100010000000001100010101000000001100,107,21578ms
011001010000011001000001000000100000,000110000010100100000000100000001011,100000101000000010011010000100000100,000000000101000000100100011011010000,140,8152ms
110101010000001000100010000000100000,000000001100000011001000100001010100,000010000011000100000101010100001000,001000100000110000010000001010000011,136,1736ms
110100111011000000000000100000000000,000010000000010110010000010000010110,001000000100101000100011001000001000,000001000000000001001100000111100001,157,340ms
110110000010000000011010001000000000,000000010000010000100100000001111010,000000000100101001000001010010000101,001001101001000110000000100100000000,128,15604ms
000100100010000000010001000101101000,000001000000010001001010010010010001,101000010100000100000100001000000110,010010001001101010100000100000000000,97,17777ms
000010111000100000010100001000000100,011000000100011000001010000001000001,000001000010000010000001010010101010,100100000001000101100000100100010000,17,2693ms
101010010000000000011101000000000001,000100000000010010000000011011100010,000001001110100100100010000000001000,010000100001001001000000100100010100,157,3189ms
110001100010000000000011100000000001,000000010001001101101000000000010100,001000001100000010000000011010101000,000110000000110000010100000101000010,142,1154ms
000011111000000011000000000000100001,111000000001001100000000010101000000,000000000010110000110010100000010100,000100000100000000001101001010001010,36,570ms
011110111000000000000101000000000000,000000000011011001101000000001000010,100000000000000010000010001110111000,000001000100100100010000110000000101,177,1247ms
100010011100000100011100000000000000,000001000000011001000001001010011000,011000000010100010000010000000100011,000100100001000000100000110101000100,157,1007ms
110000111010010001000000000000000010,000100000001000010001000010111000100,001000000100001000010100100000111000,000011000000100100100011001000000001,146,3569ms
000100000000111001000010000000010101,001001111000000000100000010010100000,100010000101000010000001001001001000,010000000010000100011100100100000010,47,6444ms
111010000000000110000100000110000000,000000101001000001011010010000000100,000100000110001000100000001000011001,000001010000110000000001100001100010,157,72ms
110110111000000100000000000001000000,001000000100001010011001000010000100,000001000010000000000100111000110010,000000000001110001100010000100001001,144,3316ms
100100100000010000100000001000101001,000000001001000101010010000100000110,000011000110001000000100110001000000,011000010000100010001001000010010000,115,1750ms
110101100100100001100000000000000000,000000000001010100010001000010011001,000010000010001010000010010100100100,001000011000000000001100101001000010,136,25733ms
010110111001010000000000001000000000,000000000100101000001110000000100011,100000000010000111010000000101000100,001001000000000000100001110010011000,156,57533ms
011001000001101000010000000000010001,000010010000000011000000000011101100,000100100110000100101000100100000000,100000001000010000000111011000000010,110,86775ms
111101001011000100000000000000000000,000000100000000001000001101110100010,000010010100011000101010000000001000,000000000000100010010100010001010101,157,307ms
010010000110000000000001000101010100,101100100000000000110100001000100000,000001001001000010001000010010001001,000000010000111101000010100000000010,41,8899ms
111110101000000000100000001000000000,000001000000010000000001000110011011,000000000000100111001110010000000100,000000010111001000010000100001100000,173,615ms
101111101000000000100100000000000000,000000000011110110000010010000000010,000000000100001000010001100100001101,010000010000000001001000001011110000,153,3476ms
111011111000000100000000000000000000,000000000100011001010001011000000010,000000000011100010001100000010000101,000100000000000000100010100101111000,135,7856ms
011110010000000001000110000010000000,000000000011000000001000011000110110,000001001000111000110000000001000001,100000100100000110000001100100001000,104,3346ms
111101101000000000000010000000001000,000010010000010100000000000001110110,000000000000100001101101011000000001,000000000111001010010000100110000000,143,28155ms
110100011000000101000001100000000000,001000100100100010100100010000000001,000000000010000000011010001101010010,000011000001011000000000000010101100,113,255637ms
110001000010011010000000000000100010,000000001100100001000100110001001000,001100100001000100001001000100010000,000010010000000000110010001010000101,135,21205ms
111000011000000110100100000000000000,000000000000000000000001100010111111,000100000000111001010010010100000000,000011100111000000001000001001000000,157,529ms
010101000000001000010000000011100001,000000101000000000001101110000010010,001000010101110011000000000000001000,100010000010000100100010001100000100,92,103537ms
101011101001000100000000000000001000,000100000000000000101001110011000001,010000010000000011000110001100000100,000000000110111000010000000000110010,142,16124ms
000100101000000000100110101000010000,101010000010001000000001000110100000,000000000101010011001000000000001110,010001010000100100010000010001000001,29,31483ms
111000100000000110100000000001001000,000011001000010000010000011100010000,000100000101000001000110000010000011,000000010010101000001001100000100100,144,448ms
000010110000111000100001000001000000,000101000000000101001100000000100101,001000001101000010000000110100010000,110000000010000000010010001010001010,86,1668ms
010011001000000000100001100000100100,000100100001100000001000010010001010,000000010100001110000110001001000000,101000000010010001010000000100010001,72,9315ms
100010100101000000001000100110000000,000000010000001010000010001000010111,010001001010000001110001000000001000,001100000000110100000100010001100000,157,15ms
111111010100000000000000000000010000,000000001010000100010000000111001100,000000000000101011101100100000000001,000000100001010000000011011000100010,154,1057ms
011111010000010000010000000000100000,100000001000101110000000001001010000,000000000100000001101101100000001001,000000100011000000000010010110000110,120,26232ms
111001011000000100000010000000010000,000000100001100010000001010001100100,000100000110000000011100000000001011,000010000000011001100000101110000000,157,174ms
101001010011000000001000000110000000,000000000000111001100101000001010000,010100001000000110010000110000000010,000010100100000000000010001000101101,133,765ms
010101011000000000101000000000100010,000000100101000000000011101011000000,001010000010011000010100000000000101,100000000000100111000000010100011000,92,7253ms
101100110010000010000010000000000001,000000001100000101010000000100101010,000000000000111000001000001011010100,010011000001000000100101110000000000,86,177619ms
100011001010000100001000001100000000,010000100000110000100000000011101000,000100000001000001010011000000010011,001000010100001010000100110000000100,110,6430ms
001001001000010000000000011001101000,100100100000101001001000100000000100,000000010011000000110100000010000011,010010000100000110000011000100010000,42,2943ms
100110011000000000010001000000010100,001000000101000000001110110000100000,000000100010000010100000000111001001,010001000000111101000000001000000010,156,2966ms
100101110000000000000101000100001000,010000000111000000100000101000100010,000010001000100010010000010001000101,001000000000011101001010000010010000,130,1075ms
010100111100000001001000010000000000,000010000001010100000001000000110110,100000000000001010000010001111000001,001001000010100000110100100000001000,157,9403ms
011100001000001000000100010000011000,000000000101000001010011001010000010,100010000010000110001000000101000001,000001110000110000100000100000100100,157,665ms
011000001001100010001000000000100100,000000110010000000000011010010001010,100110000000010101100100000000010000,000001000100001000010000101101000001,148,1755ms
