build/simulation
110100000010010000000000001100010010,000001100001100100000001110010000000,000010000100000010010110000000100101,001000011000001001101000000001001000,138,933ms
001101100000001000000000010101001000,100000001000100101101001000000010000,000010000001000010010000101000100110,010000010110010000000110000010000001,58,6237ms
100110010000001100000010000000110000,000000000110100000001000010100001110,010001001001000001100000001001000001,001000100000010010010101100010000000,130,10040ms
101111010000000010011000000000000000,010000000110000000000010101000001110,000000000001100101100101000010010000,000000101000011000000000010101100001,177,933ms
000110000110100010000000000100010001,011000000000001000010101100000101000,000000111000010001001010010000000010,100001000001000100100000001011000100,66,35877ms
011000101111000000000001001000000000,000101000000100001011100000000001010,100000000000001110100010110000100000,000010010000010000000000000111010101,157,19627ms
011111001000100000000100000000001000,000000000010011001000010100010010100,100000010001000010010001001001100000,000000100100000100101000010100000011,154,7644ms
000101011000100000000010000001000011,010000100000001000001100001100001100,001010000000010011110000000010100000,100000000111000100000001110000010000,63,10624ms
001111100000100100000000110000000000,100000010000000000000001000111100101,000000001011010000100110001000000010,010000000100001011011000000000011000,98,30120ms
001111110000000000000000100100001000,110000001100000010100100001010000000,000000000010101001010010010001000100,000000000001010100001001000000110011,92,85599ms
000100011011000000100000100101000000,100011000100110000001000000010010000,001000100000001110000010000000001011,010000000000000001010101011000100100,62,2626ms
011100111000000000000000100001100000,100000000010001110010010010000000001,000010000100100000101100000000011100,000001000001010001000001001110000010,105,12409ms
111101101000100000000000000000000001,000000000010010011110010000000010100,000010010101001000001100000100000010,000000000000000100000001111011101000,157,46ms
110110110000000000001000000010000001,000001000010100100000000000101110100,001000001001000011000110001000001000,000000000100011000110001110000000010,149,31637ms
110011010000000000000010000001000011,000000000100000101100000110100001100,001000000011110010001000000010100000,000100101000001000010101001000010000,113,27974ms
011001111000010000001100000000000000,100100000000000010100010101010000100,000010000110001100000000010001011000,000000000001100001010001000100100011,90,13799ms
000110011100001000000110001000000000,000000100010110100010001000000001001,001001000000000001001000010101100010,110000000001000010100000100010010100,92,5624ms
101001101000000000100101000000000010,000010010001000011000000001110100000,010000000100100000001000110000001101,000100000010011100010010000001010000,157,546ms
110111110000100000000000000100000000,000000001000000100100100100011011000,000000000100001000011001010000100101,001000000011010011000010001000000010,177,209ms
001010001100011000010100000000001000,100100000010100101001000010100000000,000000000001000010100000101001100110,010001110000000000000011000010010001,32,32838ms
101000011000110100000000001000100000,000110100101000010101001000000000000,000000000000000000000110110011001011,010001000010001001010000000100010100,65,83390ms
100110001000111000010100000000000000,000000100000000010100000011101100001,000000010111000001001000100000000110,011001000000000100000011000010011000,121,11316ms
111110000000100000000101000001000000,000000110010000000101000000100110100,000001000101000100010010010000000011,000000001000011011000000101010001000,166,620ms
011100001000001000000001000000001011,100010000000100001011100011000000000,000001000110010110000010000001100000,000000110001000000100000100110010100,71,24151ms
101000001000000000000101100000001011,010001000101000110100000000101000000,000000110000111000000010010010000100,000110000010000001011000001000110000,75,2396ms
100110111000000000000001000000100001,000000000001111000000000010110001100,011000000100000011000010001000010010,000001000010000100111100100001000000,155,3999ms
011010000000000000011010101000000010,000100110011100000000000000001000101,000001000000010110100101000100100000,100000001100001001000000010010011000,81,64308ms
111110101000000001000000000010000000,000001000001010100001000000001011010,000000010110000000110101001000100000,000000000000101010000010110100000101,177,148ms
100001110000101000000100100000100000,010000000001000000010001010010011010,001100001000000101101000001100000000,000010000110010010000010000001000101,131,8883ms
111110010000000010000000000010000010,000001000000100000001101100100011000,000000001111010000110000000000100001,000000100000001101000010011001000100,177,120ms
100011111000000000100000010000000010,000100000110000010000001001100010100,010000000001000001000110000010101001,001000000000111100011000100001000000,143,1766ms
100011011000000000100100000000100100,000100100011000000000011010001001000,010000000000010011001000101000000011,001000000100101100010000000110010000,135,977ms
111111111000000000000000000000000000,000000000001001101001000011000011000,000000000100100000010111100000000011,000000000010010010100000000111100100,177,80ms
010100110000000101000000011001000000,000011000100100010000100000110000001,001000001011010000101001000000001000,100000000000001000010010100000110110,68,53286ms
101100010000001001010010000000001000,010001000001000000100000110001000011,000000001110100100001000000110000100,000010100000010010000101001000110000,136,1157ms
010001110001101000010000000100000000,001010000000000101001001000001100100,000000000100010010100100110000001001,100100001010000000000010001010010010,105,4446ms
001111001100000000100000000001100000,010000100001000010000001001100001001,000000010000110000001110010000000110,100000000010001101010000100010010000,89,3306ms
111001100000000000000000000100011001,000000000000001001110100110010100000,000100010010110110000010000001000000,000010001101000000001001001000000110,157,827ms
100111000100001001000100000010000000,010000000010010110100000000000001011,001000011000000000011001100001100000,000000100001100000000010011100010100,145,4295ms
011110100000100000001000100000010000,000000010000010011000000000011001011,000000000111001100110000001000100000,100001001000000000000111010100000100,115,248800ms
000110111001010000000000000000010001,100000000110101010000000100000101000,000001000000000101101001001100000010,011000000000000000010110010011000100,62,35333ms
101111001000000100000001000000000100,010000100010110000000000001000001011,000000000101001000001110110010000000,000000010000000011110000000101110000,150,9210ms
100100100000010000001010001000100010,010010000100100010110000000010010000,001000011000000000000100110101000100,000001000011001101000001000000001001,122,4678ms
010111110000000000000000000010110000,000000001010011000100100101100000000,100000000000000011011010010000000101,001000000101100100000001000001001010,177,1194ms
000001111001000010100001000000100000,110010000010001001010000000010000001,000000000000100100000110101101000100,001100000100010000001000010000011010,45,2838ms
001010111000000010000011001000000000,000000000101100000010000100011100010,100101000010011001000000000000001001,010000000000000100101100010100010100,146,25502ms
110011011000010000000000000110000000,000100100001101000000000011000001010,000000000100000001011100100000110100,001000000010000110100011000001000001,157,75ms
001100101000000110000010000000101000,100000000001011001000000101100000001,000000010110000000011001000010000110,010011000000100000100100010001010000,39,6347ms
010000010000000001011001001000100010,100000001110101000000100010000001000,000010100001010110000000100000010100,001101000000000000100010000111000001,0,9681ms
100110011000000000000001010010001000,011001000010000001001000001001010000,000000100101001100010100000000100001,000000000000110010100010100100000110,104,14595ms
100001000100000110000000001011000100,010010000000000000110000010100001011,000000011001110001000101000000100000,001100100010001000001010100000010000,50,33587ms
111001101010000101000000000000000000,000100000000100010101001000000011010,000010000100001000010100010001000101,000000010001010000000010101110100000,157,209ms
100100011000000100011001000000100000,000010000100000010000000100010011110,011000100010011000100000010100000000,000001000001100001000110001001000001,144,1549ms
101010100000010110000010000001000000,010000000011001000000101010000100100,000100001000000000101000101010001001,000001010100100001010000000100010010,141,5033ms
000101100000000001000001000110011000,001000000010000100010100100001100100,010010001100011010001000010000000000,100000010001100000100010001000000011,112,11370ms
100101010100000110000000010100000000,010000000000101001001100001000000101,000000101001000000000011100000101010,001010000010010000110000000011010000,130,725ms
011110011000100000000000000100001000,000000100100010010000011000010100100,100000000011000101100100001000000001,000001000000001000011000110001010010,177,1171ms
001110111000001011000000000000000000,000000000100110000010001000110100100,110000000011000100001000011001000000,000001000000000000100110100000011011,177,8027ms
101011101000000000110000010000000000,000000000011000000001001000110110001,010100010100010011000000001000001000,000000000000101100000110100001000110,157,324ms
010111011010100000000000000001000000,000000000000010100110101000000011100,100000100101000001001000010000000011,001000000000001010000010101110100000,177,245ms
110000011010010000000010000100000100,001000000000100101000000111001100000,000111100000000010010000000000010011,000000000101001000101101000010001000,170,1169ms
111111000000100000010000000000000010,000000000010000000100101111010100000,000000010000011000001010000001001101,000000101101000111000000000100010000,131,20144ms
010101111100100000000000000100000000,101000000000000000101100100001000101,000000000001001100000010010010101010,000010000010010011010001001000010000,91,14575ms
001001000001010001000100000100001010,010010010010100100001010010000000000,100000101100000000000001001010010001,000100000000001010110000100001100100,102,18979ms
000110010000000100100101100100000000,001001000011000010000000010000011010,110000100100101000000000000011100000,000000001000010001011010001000000101,177,897ms
101110101001000100000000000000000001,000001000100001000000000110011100010,000000000010000011111010000000010100,010000010000110000000101001100001000,129,6263ms
011000111011000010000000000000001000,000100000000111000101011100000000000,100011000000000101000000001001000110,000000000100000000010100010110110001,142,27637ms
000010011000100001000001001000011000,000100000010010000011000110101000000,001001000001001000000110000000100011,110000100100000110100000000010000100,5,94ms
100001111001000101010000000000000000,010010000100000000001010010010000110,000100000000010000100001001101011000,001000000010101010000100100000100001,116,4880ms
010001011001000000100010000000001100,100100100010100000000100000111000000,001000000100010000000001101000110010,000010000000001111011000010000000001,82,1984ms
001011100000000000101010000000001001,010000000100100001000001111100000000,100000000011000100010000000011010010,000100011000011010000100000000100100,144,2811ms
111000111000000001010000000010000000,000011000100100100000111000000000100,000000000001010000001000111101000010,000100000010001010100000000000111001,157,6549ms
100011000110000001000010100000000100,011000010000010000011100000010010000,000100000001000100100001000001001011,000000101000101010000000011100100000,104,2691ms
010011010000010100000100010001000000,000100100100100000111000000000001010,101000001001000000000011000000110001,000000000010001011000000101110000100,120,5330ms
100101110000000000001010001000000100,001000001000001000000000110110010010,010000000010000100110100000001001001,000010000101110011000001000000100000,147,3560ms
110100010000010000001101100000000000,000000000011101010100000001010000100,000000001100000000000000010100111011,001011100000000101010010000001000000,132,12138ms
100111100000000100000000110010000000,000000010010010001000000000100011011,001000000100000000011111001000100000,010000001001101010100000000001000100,136,8460ms
110110111000000000000000000000100001,000001000100001000010101001100000100,000000000010010100000010110011000010,001000000001100011101000000000011000,156,2156ms
101010011000000001001010000010000000,000001000000100100010001000000101110,000100000100000000100100110001010001,010000100011011010000000001100000000,157,1968ms
000011000000001010101000100000001010,010000101000100100000010011000100000,000000010111010001010000000100000001,101100000000000000000101000011010100,31,10769ms
000100110000001000000110000100010100,001000000010100000010000110010001010,010001001101010001100001000000000000,100010000000000110001000001001100001,112,5397ms
111100000001001000100000000010000100,000000110110100100001000000001010000,000011001000000011000110110000000000,000000000000010000010001001100101011,137,10274ms
001110011100110000000000000000100000,000000000001000101000001100110001001,110000000010000010011100010000000010,000001100000001000100010001001010100,177,1358ms
001100011000100000000100100011000000,000000100110010011000000010000000011,100001000001001000001010000000111000,010010000000000100110001001100000100,83,13283ms
000000111000000101000001001011000000,000001000101000000100100100000110010,011100000010111000000000000000000101,100010000000000010011010010100001000,70,5946ms
011011110000001000001000001000000000,000000000110000100010110000000001110,100000000000010000100001100101110000,000100001001100011000000010010000001,157,2699ms
111011101000000000001000010000000000,000000010001001100100000101010000001,000100000100110010000001000000111000,000000000010000001010110000101000110,143,5567ms
001001011001001100000000100000001000,000010000000010001000011001000110010,100100000100100010011000000001000001,010000100010000000100100010110000100,133,2838ms
000001001000001101010000001001010000,100100010100010000101000000010000001,000000100011100010000101000000001010,011010000000000000000010110100100100,0,271ms
100100010000100010101000000001100000,011000001010001101000000000000000011,000011000100010000010100001000011000,000000100001000000000011110110000100,85,9117ms
101101111000000001000000001000000000,000000000100100100101001100000100001,000010000000010010010010000110001100,010000000011001000000100010001010010,125,3424ms
110110011000000010000000001000000001,001000000100101100100001000100000010,000001000001000001000100100010111000,000000100010010000011010010001000100,136,5481ms
001011010000000000010010010010000100,100000000000010101100100000100010001,010100101001001000000000100000001010,000000000110100010001001001001100000,86,34614ms
111001111000000000000000000000100100,000010000001110101010000100010000000,000000000010000000100110011100011000,000100000100001010001001000001000011,157,427ms
111100010000000110000000000000011000,000001001010011000000000111010000000,000000100100000001010101000100100010,000010000001100000101010000001000101,152,2190ms
101011110100001000000000000000010000,000100001010000000010000011001001001,010000000001000010101011100000100000,000000000000110101000100000110000110,157,2193ms
011011010110000000000000000010010000,000100001000001001000001100100101000,100000000001000100101000001001000110,000000100000110010010110010000000001,157,652ms
100111110000000001000000110000000000,001000001000010010001000001010001100,000000000001001100010101000000100011,010000000110100000100010000101010000,120,15261ms
000110001001000100001010000100000100,001000010000010000100100011010010000,100001000010101000010000000001100010,010000100100000011000001100000001001,110,4337ms
111111100000000000000001000000100000,000000010010100100101110000010000000,000000000101010001000000011001001100,000000001000001010010000100100010011,149,4698ms
011000010000000001000000010001011010,100100100100100010101000000010000000,000000001000011100000001100100100100,000011000011000000010110001000000001,52,2401ms
001101111000000000010000010000000100,100000000000110000000100000011011010,000000000111000100100000100100100001,010010000000001011001011001000000000,88,123783ms
001111000000010000001100010100000000,000000000100100110000010000010011100,000000101010000001000000001001100011,110000010001001000110001100000000000,58,44618ms
111111011000100000000000000000000000,000000000011001000001010010010000101,000000100100000001000100101101010000,000000000000010110110001000000101010,177,99ms
110001001001000100011000000000100000,001100010100001010000001000010000010,000000100000110000100010001101000001,000010000010000001000100110000011100,127,2193ms
101101101100001000000000001000000000,010000000010100101011000010000100000,000000010001000000100001100011001001,000010000000010010000110000100010110,157,700ms
110010101000100000000000010000010001,000100000010001011100010000100000100,000000000100010000011101001011000000,001001010001000100000000100000101010,123,11823ms
000001011110000000011100000000100000,011110000000001000000010011000000100,000000000001110101000000000010011001,100000100000000010100001100101000010,13,12894ms
110000010000100000100101000000000110,000000100100010110010000000100011000,000110000011000001000010001001100000,001001001000001000001000110010000001,121,3694ms
111010110010100000000000000000000100,000001001000001001001001000010100001,000100000000010110110000010000011000,000000000101000000000110101101000010,157,861ms
100011101000010000000001000100001000,000000000011000001100110000000110100,001100010000000000011000010011000010,010000000100101110000000101000000001,157,1951ms
100101101000000001000001100000000001,010010000110001100000010000000100010,001000010000000010001100011010010000,000000000001110000110000000101001100,87,14832ms
001011000000000000000010011001010010,000000100011100101000000100000001001,100000010100001000110000000100100100,010100001000010010001101000010000000,139,2453ms
110011000000100000010010000000000110,000000001011011100001000000010010000,000100100100000011100001001001000000,001000010000000000000100110100101001,145,5436ms
101010101100000100000000110000000000,010000000010101011001000000100000010,000001000000010000000011000011100101,000100010001000000110100001000011000,122,22312ms
101010001100000000000000010100011000,000000100000001001001101000011000100,000001000000110000010010001000100011,010100010011000110100000100000000000,103,24959ms
010010101100000001010100000000000100,001000000011100110000000100100001000,000000010000010000001000010011010011,100101000000001000100011001000100000,55,31818ms
010101110010000000000000011000000001,000000001100101000001011000001001000,100010000000010010010100000110010000,001000000001000101100000100000100110,157,555ms
101101000000001010010001000001000000,010000100010110000000100000010000110,000010010000000101000000110000011001,000000001101000000101010001100100000,81,3995ms
011110101000000000000000001001000010,100001000100000000011100100010000001,000000000010111010100001000000001100,000000010001000101000010010100110000,115,31376ms
001010110110000000010000000000001100,000100000001000001000110101001000010,010001000000001000100000010110110000,100000001000110110001001000000000001,119,3988ms
001001100000010000000000000001101011,110000011000000100100100001010000000,000100000010000010011011000000010100,000010000101101001000000110100000000,21,33911ms
101000000000010010100011001000000100,010001001001001000001000000100001010,000000010100100001010100110000100000,000110100010000100000000000011010001,53,56964ms
001100111100000000000000001010000001,000000000010001000110100100001110000,110010000000100011001000000100001000,000001000001010100000011010000000110,157,52ms
011000110000100000010001100000000100,000000001100010100101100000000000011,000010000011001010000010011000010000,100101000000000001000000000111101000,48,27979ms
100011100101001000000001000000000010,010100010000000000000110001000101100,000000001000110011110000010001000000,001000000010000100001000100110010001,110,19677ms
010111000100000000001000000011000001,100000000000101111100000100000000010,000000101000000000010010010100101100,001000010011010000000101001000010000,116,17925ms
111100101100001000000000000000100000,000000010000000100101000100110010010,000011000011100010010000001000000100,000000000000010001000111010001001001,157,552ms
011001100000001001000000010000101000,100000001000100010010000001011000010,000100010111000000001011000000010000,000010000000010100100100100100000101,84,4256ms
100100001000001010000011010000000100,001000100100000101000000000000111010,000011010001010000100100100001000000,010000000010100000011000001110000001,82,25553ms
101101110000000001001000000010000000,010000000101010000010000001001010001,000010000000000110100100110000100010,000000001010101000000011000100001100,125,1458ms
111000101000010011000000000000000001,000100000010000000011000001010011100,000001010100001100100001000001100000,000010000001100000000110110100000010,157,476ms
010111111000000000000010000100000000,100000000101001011011000000000100000,000000000010010000100100110001001001,001000000000100100000001001010010110,132,6065ms
111000100101000000001100000000000100,000000011010101000110000100100000000,000111000000000001000010000010100011,000000000000010110000001011001011000,156,3729ms
010010100000000001010001000001011000,101001001101000100000100000000000001,000000010000010000101010100010000110,000100000010101010000000011100100000,40,6250ms
101111000000101000000100000001000000,000000000110010000110000100110100000,010000001001000000000011000000011101,000000110000000111001000011000000010,143,4125ms
010110110010000000000010000000100001,101001000100010010000100000001000100,000000001000000001110000010010011010,000000000001101100001001101100000000,95,18312ms
101011100000000010000000001001000100,010000010000001100010010100010010000,000100000011100000101001000100100000,000000001100010001000100010000001011,139,657ms
000101010100000000010110000010010000,100010000000010001001001001101000000,000000101010100100000000010000001110,011000000001001010100000100000100001,21,482ms
011111011000100000000000000000001000,100000000000001010001001000000110011,000000100100000100100010010110000100,000000000011010001010100101001000000,139,14216ms
000010010000100001100010100100000010,111000100010001110000000000000001000,000000000001000000000001011001110101,000101001100010000011100000010000000,0,2769ms
011001011000000000000000010000100011,000100100000001100000011100001010000,100000000001010001101000000110000100,000010000110100010010100001000001000,157,1543ms
101110110001000001001000000000000000,000000000000110000000001011101100100,010000001110000100100100100000000010,000001000000001010010010000010011001,177,897ms
110110001000010000000110010000000000,000001000111000101010000000010100000,001000110000000010101000000000000111,000000000000101000000001101101011000,177,697ms
011001000010011000001010010000000000,000000011000000000110000100100101010,000100000000100100000001001011000101,100010100101000011000100000000010000,37,46744ms
111101110000000000000010000000010000,000000000000000100100100011111001000,000000001011010011001001100000000000,000010000100101000010000000000100111,136,3060ms
001101101000100000000000010000001100,010000010101001000011000000000000011,100010000000010100100000100011100000,000000000010000011000111001100010000,127,1758ms
110001110100000100000010010000000000,000110001010000000000000000001011011,001000000001100010110100000110000000,000000000000011001001001101000100100,157,3446ms
010001101000001001000000000100100100,100100000010110100000000110000000010,000000010001000010100101000001010001,001010000100000000011010001010001000,64,13071ms
111000001001000110010100000000000000,000111000000110000100001000100100000,000000100100000001000010001011001010,000000010010001000001000110000010101,125,4335ms
101010111000101000000000010000000000,010000000101000001010011000000100100,000001000000010010101000100110000001,000100000010000100000100001001011010,157,973ms
101010010000000101000000101000000010,000101000100100000000010000110110000,000000001011000010011100000001000001,010000100000011000100001010000001100,95,11351ms
010001010100010100000000000010000110,001110000010000000001010110000010000,100000100001000010010101001100000000,000000001000101001100000000001101001,146,4469ms
000100010010010000010001100010000010,000010001001100000100000010100010100,110000100000000001001100000001100001,001001000100001110000010001000001000,101,5186ms
100001010000001000101000000001000011,000010000101000001000100100000101100,010100000010110000010000001100010000,001000101000000110000011010010000000,144,624ms
000001101001000000010101000010000010,000110010010011000001000010000010000,111000000000100001000010101000001000,000000000100000110100000000101100101,111,16385ms
100011110001000000000000100100100000,010100001000100101000000001000010010,001000000000001000001110010011000001,000000000110010010110001000000001100,106,11449ms
010000110000000010100011010001000000,001001000000111100000100000000101000,100000001111000000010000100000000110,000110000000000001001000001110010001,157,2152ms
000011011001001000010000010000001000,110000000100000111100000000000100100,000000000010100000000101101001000011,001100100000010000001010000110010000,15,1493ms
110100101011000000000000000001100000,000001000100110000110010010000000001,001010010000000111000000001000001010,000000000000001000001101100110010100,127,10107ms
011101101000000101000010000000000000,000010000110011000000100010101000000,100000000001000000011000000000111011,000000010000100010100001101010000100,134,9522ms
001100000101110000000101001000000000,000010000000000110111000100000010100,110001001010000000000000010010100001,000000110000001001000010000101001010,157,2732ms
010001001001001011000110000000000000,000000110100000000010000000010111001,001100000010010000100000011100000010,100010000000100100001001100001000100,91,19551ms
011101011000001000000000000000010001,000010000110100000101001100100000000,100000000001010000000100010001101010,000000100000000111010010001010000100,135,23208ms
000111011000000100000001001001000000,001000000000001001010000110010110000,100000000101000010100010000000001101,010000100010110000001100000100000010,141,2964ms
001110110010101000000000100000000000,010001001000000101000000000111100000,000000000000010000011111001000000101,100000000101000010100000010000011010,60,154819ms
000000010001001000000000010011110100,000100001000110110100001000000001000,000011100010000000010010100000000011,111000000100000001001100001100000000,17,1123ms
101011111000010000000000000100000000,000000000100100010010001100000011010,010000000001001101101100000001000000,000100000010000000000010011010100101,157,141ms
101100111000000000101000000000100000,000011000000100100000100110010010000,010000000100011001000011000100000010,000000000011000010010000001001001101,157,71ms
101101100001000001000000000000100001,000010011010000000010000000000011110,000000000100110110000110100001000000,010000000000001000101001011110000000,157,3077ms
010011000100110000100010000000100000,000000100001001000001001100100011000,101100000000000110010000001010000100,000000011010000001000100010001000011,152,328ms
100010011000100100110000000000010000,001101000000000001001000101010000010,000000100011010010000001000001001100,010000000100001000000110010100100001,85,1911ms
111011010010000000000001000000000001,000000000001101000011100010001010000,000000000100010101000000001100101010,000100101000000010100010100010000100,157,4893ms
111010010110000000010000000000000100,000101001000100100000000010111000000,000000100001000010001110001000010001,000000000000011001100001100000101010,129,1716ms
110101000001000000000000110001010000,000000100100011000011010000100100000,001000010010000101000101000010000001,000010001000100010100000001000001110,117,1219ms
011011101100000010000000000100000000,000100000000001000101101000001001001,000000000010110001010000110000100100,100000010001000100000010001010010010,116,7836ms
001001010000001010101001000010000000,100110000000010001000100100001000100,000000000011100100000000001100100011,010000101100000000010010010000011000,53,6548ms
110011001010000000000000000010100010,000100000000100101001010000001010100,001000110100001010010000000100000001,000000000001010000100101111000001000,157,116ms
011100100000100001010000100010000000,100001000001010100001001010001000000,000000010000000000100110000100010111,000010001110001010000000001000101000,102,17235ms
001111101010100010000000000000000000,110000000100010001000010000000100011,000000010000001100111000010100010000,000000000001000000000101101011001100,111,19093ms
001111010001100000000000000000100010,100000100010000000000101111000010000,000000000100011000110000000011001001,010000001000000111001010000100000100,104,19171ms
100011001001100010000000000000100001,010100010010000001000000010100001010,001000000100010100101110000000010000,000000100000001000010001101011000100,101,31347ms
010000000000010100000011011000001001,100000011001000001001100000010000010,001000000010001000110000100100010100,000111100100100010000000000001100000,13,1718ms
011010100010000000001000101000000010,100001000000001000110000000111010000,000000001101100110000100000000000101,000100010000010001000011010000101000,74,4126ms
110100110001001000010000000001000000,000010001010000101000100110010000000,001001000100010000100000000100101001,000000000000100010001011001000010110,157,895ms
101110010000010000000001011000000000,000000001001000101011100000000010100,000000100010101010000010000011001000,010001000100000000100000100100100011,117,9878ms
000000001100111110010000000000000010,000000000011000001001001011001010000,010001010000000000000100100010101100,101110100000000000100010000100000001,25,27607ms
011101111000000000000000000000000101,000000000010010000000000010111111000,000000000001100110110010001000000010,100010000100001001001101100000000000,87,144147ms
100001101100010000000101000100000000,000000010010000001100000101000101001,000110000000101110010010010000000000,011000000001000000001000000011010110,134,11780ms
011100011000000100010000000100000010,000011000000100011000000000011011000,100000000010000000101011001000100001,000000100101011000000100110000000100,157,3162ms
000001000010010100000011010001000001,001100010001000001011000100000100000,000000100100100000000100001010010110,110010001000001010100000000100001000,0,715ms
001110000010001000001100000010000100,000001000000010011100000100001100010,000000100101000100000010010100010001,110000011000100000010001001000001000,73,2409ms
010011100000001001010000000010000001,000100000000010000000101101100100100,001000011000100000001010000001011000,100000000111000110100000010000000010,68,20773ms
001100010101100010010000000001000000,000000101010001000001101001100000000,110000000000010000100010110010000010,000011000000000101000000000000111101,157,30067ms
111111110000000000000000001000000000,000000000010100101100010100001000001,000000001000011010010000000110100100,000000000101000000001101010000011010,163,1572ms
100111010000010010000000010100000000,000000000100100100100110101000001000,010000100000000000011000000011110010,001000001011001001000001000000000101,177,350ms
111001001000000000000001001000011000,000000100001000100011110000001100000,000110000010000010100000010010000011,000000010100111001000000100100000100,164,1722ms
101101010000000000100100001010000000,010010001011001000001010000000000010,000000000100110010000000010101001100,000000100000000101010001100000110001,133,22103ms
001010100000000000101000011000010010,000000000010101001010101100000000100,110001010000010100000000000001001001,000100001101000010000010000110100000,140,63978ms
011111101000000000100000000010000000,000000010110000011001000001001010000,000000000000011000010110000100100110,100000000001100100000001110000001001,135,14600ms
000100001000101000000001001100011000,100010100001010010010000010001000000,001001010110000001100100000000000010,010000000000000100001010100010100101,89,7162ms
010100001000101100010010010000000000,000001100000010000100100000001100011,101000000001000001001001001100001000,000010010110000010000000100010010100,143,8112ms
100010001100001000000000001001011000,000000010011000100100010010000100001,001001100000110000010001000100000010,010100000000000011001100100010000100,133,834ms
010110010101000010000000000100100000,001001000000000000001001111001000100,000000101010110100000000000000011010,100000000000001001110110000010000001,116,192043ms
000011110000000110000000010001000001,010000000001100001110001000100001000,100100000110001000000000001000010110,001000001000010000001110100010100000,102,3243ms
111010011000000000000010000001000010,000000000111000001100000000010110001,000100100000000100011001001100000100,000001000000111010000100110000001000,157,763ms
000101111000010100000011000000000000,001010000000000010011000100000001110,000000000011100000000000011101100001,110000000100001001100100000010010000,41,6543ms
110110010000000001000000000011000100,000001100010010000000001001000101001,000000000101000000111010010000010010,001000001000101110000100100100000000,177,2606ms
011000001000000010000001000001001101,000110000000000100010000010110010010,000001010000011001100010101000000000,100000100111100000001100000000100000,78,41543ms
011001101010010000010000000010000000,000100000000001000101100100101000001,000000000001100111000001001000101000,100010010100000000000010010000010110,43,10253ms
111101001000000100010000000000010000,000000100010011000100001101100000000,000000000101000000000000010011101011,000010010000100011001110000000000100,157,1354ms
111111001100000000000000000000100000,000000110001110110001000001000000000,000000000000001001000011100100011010,000000000010000000110100010011000101,177,2438ms
100001011000000000110000010010100000,011110000000000101000001100000000010,000000000110010010001010001000001100,000000100001101000000100000101010001,103,10836ms
010010000101000000000111010000000010,100000101010001100000000000001001001,001000000000110011101000100010000000,000101010000000000010000001100110100,14,30266ms
010111001001000000000010100000010000,100000010100110000010000000011000010,000000100000000110100001011000100001,001000000010001001001100000100001100,84,3025ms
100111001010000001000000000100000001,000000000000000000000110011001111100,010000100001011010000001100010000000,001000010100100100111000000000000010,156,12088ms
000010101000011010000010000100010000,001100000100000000101100001011000000,100001010011000001000000000000101100,010000000000100100010001110000000011,115,1643ms
010000101000100010000001100000001001,000000000001011001001010010000110000,100001010010000000110000000010000110,001110000100000100000100001101000000,94,1258ms
011101110000000000000001001000100000,100010001110110010000000000000000001,000000000000001001001100110011000010,000000000001000100110010000100011100,61,117520ms
010110011000000010001000000000110000,100001000001101000000010010110000000,001000000110000101000001000000000111,000000100000010000110100101001001000,93,8478ms
100101100000100100000000010110000000,010000011000001000100100000000101010,001000000111010010000010001000000001,000010000000000001011001100001010100,133,919ms
111101011000000000000000000000100001,000000100001000110000001001001000110,000000000100101000111010110000000000,000010000010010001000100000110011000,137,5533ms
011111010010000000000000001000010000,100000000000110010110010010000001000,000000000000000100000101100110000111,000000101101001001001000000001100000,105,30560ms
010110000010010001010100000000001000,001000011001001110000000100000000010,100001000100000000100001001010000101,000000100000100000001010010101110000,158,10548ms
010001111100000001000000100000000010,001100000000111000000010001000011000,000000000001000100001101010010100001,100010000010000010110000000101000100,57,12225ms
000010100001000100000101010000001100,010100000000010011100000100000100001,001000011010000000011000000111000000,100001000100101000000010001000010010,45,534ms
010010110101010001001000000000000000,101001000000100000000000110001110000,000000001010000110110001000100000100,000100000000001000000110001010001011,95,9589ms
000000101000101100000100100000001001,011101000010000000000001001100000100,100000000101000010001000010011010000,000010010000010001110010000000100010,56,2015ms
101111011001000000000001000000000000,000000000100001001111000000011001000,010000000000100100000110101000100010,000000100010010010000000010100010101,149,2044ms
110101011000000001000010000000001000,000010000000001100000000101111000001,001000100101000000101100000000000110,000000000010110010010001010000110000,157,390ms
010010010001000000001000000011000110,101000100000001100010000011000001000,000100001100010000100001100100000001,000001000010100011000110000000110000,91,6397ms
010101010010000000000000000110100100,000010101100000011001100010000000000,001000000001110000000010100001000011,100000000000001100110001001000011000,86,91380ms
001101001001011000010000000000001000,010000000000100001001110000100000101,100010000010000110100000010011000000,000000110100000000000001101000110010,144,247ms
011011100000100010000000000000100010,100000011001000000001101000010000100,000000000110010100110000100001000001,000100000000001001000010011100011000,105,16778ms
011100010000100101011000000000000000,000000001110001000100000010010001100,000001000001010000000101100100010001,100010100000000010000010001001100010,62,19569ms
000111100000001100000000000110001000,000000010010110000000101001000010100,111000000100000000110000100000100010,000000001001000011001010010001000001,177,122ms
010011111000000000000000010010000001,001000000000000011010101001000001010,000100000011101000000000000101010100,100000000100010100101010100000100000,114,8998ms
110100100000000001000010000001100001,001000010100011010110000100000000000,000000001011000100000000010100001110,000011000000100000001101001010010000,120,63758ms
000110101000000101010000000000001010,011000000100100000001000101110000000,100001000001001000000001010000100101,000000010010010010100110000001010000,77,809ms
001000100100001100110001000000000001,010000010000100010000000000011111000,100000001010010000001100101000000100,000111000001000001000010010100000010,110,33822ms
001011001000000001000000101001001000,000000000111000000010001000010100110,100000010000110000101000010100000001,010100100000001110000110000000010000,132,11021ms
010111100100000000000010000000001100,000000011010000110000100100011000000,001000000001010000011001000100010010,100000000000101001100000011000100001,119,3637ms
010101001000110000001000001001000000,100000010000000100010000010010000111,001000000011000010100111000000100000,000010100100001001000000100100011000,77,34487ms
011111100000000000100000000001000001,000000000010100100011100000010110000,000000000001011000000010011100000110,100000011100000011000001100000001000,129,30866ms
011101100010010000010000000000000001,100000001100000100001011000101000000,000010010001000001000000010010001110,000000000000101010100100101000110000,60,10985ms
101111101100000100000000000000000000,010000010010100001010000010010000100,000000000000011000000111000101000011,000000000001000010101000101000111000,145,15694ms
000101110000110000000000000010001100,011000000100000101011010010000000000,100010001000000010100100000000110010,000000000011001000000001101101000001,105,56457ms
000011101001000000001101000001000000,100100000010001000110000000100000011,010000000000000111000000101010010100,001000010100110000000010010000101000,42,1893ms
110001111000000000000000001000001010,001010000011001000010001100000000001,000100000000000000101110000011100100,000000000100110111000000010100010000,146,16242ms
000100101000000101000000001100000101,100010000100100000100000010011010000,011001000000011000000101000000001010,000000010011000010011010100000100000,55,3230ms
101001111000000010001000000001000000,000000000100011100000010100000101100,010110000011100000100100000000010000,000000000000000001010001011110000011,164,1370ms
001000000001100110000000001001000101,110001101110000001010000000000000000,000000010000001000100100010110101000,000110000000010000001011100000010010,15,1624ms
000100100100101000010100000000110000,110001011010000101000001000000000000,001000000000010000101000110011000001,000010000001000010000010001100001110,40,14208ms
