001101101000000000100010001100000000,100000000000110100011000000010010010,010000010010000000000001110001001100,000010000101001011000100000000100001,114,3506ms
010011110010100100100000000000000000,000100000001010011001000010010001000,101000000100000000010110100000010001,000000001000001000000001001101100110,157,222ms
010110000000100000001000010110000010,000001000011011000000001100000100001,000000010000000101010100001001001100,101000101100000010100010000000010000,83,3284ms
110000110000000011001100000000001000,000000000001101000010000101010010010,001111000000000000100000010101100000,000000001110010100000011000000000101,177,176ms
100001100000010010010101100000000000,001010011100100100000000000000000110,010100000000000001101010000110001000,000000000011001000000000011001110001,118,68240ms
100000010000100000010000100001011010,000100000100000111100000010000000101,001011101000011000000000001010000000,010000000011000000001111000100100000,112,2533ms
111110110000000100000001000000000000,000000000001011000000000100100001111,000001000110000011100010000001100000,000000001000100000011100011010010000,177,150ms
000011111000000000001010001001000000,100000000001000000010101010110100000,000000000010011100100000100000001101,011100000100100011000000000000010010,32,65798ms
110001100000100100011000000001000000,001000001000001000100010000100001101,000110000010010011000100100010000000,000000010101000000000001011000110010,121,8313ms
100110100000000000100011000001100000,010000000001110000000100010100001001,001000011000001010011000100000010000,000001000110000101000000001010000110,153,1820ms
010010011000000100100100000010000001,100100000001110000000000101001001000,001000100100000001010001000100100100,000001000010001010001010010000010010,121,828ms
011101111000100000000000000000000001,000000000000011100100010110100010000,100010000100000000011101000010000100,000000000011000011000000001001101010,157,115ms
100001010000110001000001000000000101,000010001001000000010010000100101010,011100100110001000100000010000000000,000000000000000110001100101011010000,157,1172ms
111100010000000000000000010100011000,000000001000110111000000001001000010,000001000011001000100101000010100000,000010100100000000011010100000000101,157,115ms
101100011000000011000010000001000000,000001000101100000100100100010000001,000010100000011000010000010100100010,010000000010000100001001001000011100,131,800ms
111011100010000000100001000000000000,000000000100001101001010010010000100,000000001001000000010100001101110000,000100010000110010000000100000001011,157,2025ms
001100101010000100110000010000000000,000001000000100010000001001110100010,100000000101011000001000000001010001,010010010000000001000110100000001100,129,21076ms
100100000100010000000011011001000000,010000110010000010000100000010000101,000001000000100100101000100100110000,001010001001001001010000000000001010,113,1742ms
010100001000001100000000100010010010,001010010000010000111000000001000100,100000100001100001000101011000000000,000001000110000010000010000100101001,91,71437ms
001001110000010010001000001000000001,000000001011000000100100000101110000,100010000000000101000010100000001110,010100000100101000010001010010000000,81,2756ms
011111000000100000001000010000000001,100000001010000100000010000111010000,000000100100010001000001101000001100,000000010001001010110100000000100010,98,7179ms
001001011100001001000110000000000000,000100000001000100000000111010101000,110000000010100010101001000000000001,000010100000010000010000000101010110,157,2895ms
110001101000000001010000011000000000,000000000100000100101011000010011000,000100000011000000000100000001100111,001010010000111010000000100100000000,101,37578ms
010010100010000000000100000000111010,000100000001001100011001100100000000,001001000100100001000000010010000101,100000011000010010100010001001000000,87,11844ms
001010001000010000110110000000000001,100000010001000110001000100000101000,000001100100001000000001000100010110,010100000010100001000000011011000000,97,4978ms
000010000010000101110011000000000001,000000100101010000000000000110101010,101100001000000010001000010001000100,010001010000101000000100101000010000,115,80495ms
001101011000100001000000100100000000,010000000000010000111010000000100011,100010000010000010000001010001010100,000000100101001100000100001010001000,130,1574ms
000000101110000000000000011000011001,101000000000000001111000000001000110,010101000000101000000001100100100000,000010010001010110000110000010000000,78,1212ms
000101111000000001000101001000000000,100000000000110100000000000101011100,011010000001000000111000100010000000,000000000110001010000010010000100011,103,48399ms
001000000000011000110000100110000100,000001001001000001001010000001010001,100100100100000110000001010000001000,010010010010100000000100001000100010,124,903ms
001000011000000100000000110000111000,110000000101000000000000001101000101,000111000010000011001010000000000010,000000100000111000110101000010000000,60,7597ms
111111000000000001100000000000000001,000000001000000000010011100011001010,000000000001111110000000000100100100,000000110110000000001100011000010000,163,4363ms
001110100000000001000010000000111000,110000011001000110000100010000000000,000001000100111000100001000100000010,000000000010000000011000101011000101,99,106138ms
011000101000010000000000100100100100,000000000101000111010000001010000001,000111000010101000000110000001000000,100000010000000000101001010000011010,102,62538ms
001010111000001000100000100001000000,000000000010110000011000011110000000,010101000100000010000000000000111001,100000000001000101000111000000000110,102,15444ms
000100100110100011000001010000000000,000010001001000000101000000010011010,110000000000001000000110001100100100,001001010000010100010000100001000001,110,12534ms
011111101010000000000000000000000001,000000000000011001001000101001011000,000000010000000000010110010010100110,100000000101100110100001000100000000,122,46768ms
100001111000000011000100000000000100,001110000010010000000010010001001000,010000000001101000001000000010010011,000000000100000100110001101100100000,92,8549ms
001111110001000000010001000000000000,000000000000101001000110001000110100,010000001010000000001000110100001010,100000000100010110100000000011000001,100,17382ms
101111011000000001000000001000000000,000000000001100000101000010001011001,000000000000010010010011000110100100,010000100110001100000100100000000010,131,34504ms
010000001100010001000000100001001001,001000110000101000001010011000000000,100100000010000100110001000010000100,000011000001000010000100000100110010,121,39282ms
100111001010100000000000000100000010,000000100001000001010110000001000101,000000010000001000101001010000111000,011000000100010110000000101010000000,134,7288ms
100000011000111000000000000011001000,010100000100000010000000111100000100,001000100011000101000000000000110010,000011000000000000111111000000000001,86,100438ms
110100010000000000010001001010001000,000001000110000000100100010001010010,000010000001111100001000000000000101,001000101000000011000010100100100000,100,4588ms
011100010100000010000000000000001110,000010000001000001100101000101010000,100000101000110100000010100000100000,000001000010001000011000011010000001,142,3350ms
110010000000100001000100001000000101,000000000000011000000011100010111000,000001000011000010011000010101000000,001100111100000100100000000000000010,89,6236ms
100010011000000000000010101001000100,011001000100010010011000000000100000,000000000001000101000101010100011000,000100100010101000100000000010000011,79,24258ms
010010010001000110000000000001001100,001001000010100000000010111000010000,000000101000000001000101000110100010,100100000100011000111000000000000001,69,28101ms
100011000000001001101000000000101000,001000000010100010000110110000000010,010000110100000100000001001001010000,000100001001010000010000000110000101,126,5523ms
000100011000100000000101000000111000,000000100010000011010000100011000001,110010000101001000001010000100000000,001001000000010100100000011000000110,143,1582ms
110100001000110100000000010000000010,000010000111000001011001000001000000,000001100000000010000000101110010100,001000010000001000100110000000101001,123,20811ms
011100110000000100000000000001110000,000000001000100000101010111000000001,000000000111010000010100000110000100,100011000000001011000001000000001010,120,3598ms
100110011010100000100000000000000001,010000000000000010000101001010100110,001001100000000101000000000101011000,000000000101011000011010110000000000,164,16806ms
110100110100010000000000100000000100,000010000001100100010100010000101000,001001001000001000001010000010000011,000000000010000011100001001101010000,142,2125ms
100100001010010010000000000100000011,000000110000101100010101001000000000,001011000100000001001000010001100000,010000000001000000100010100010011100,147,19853ms
110001011000010000001010010000000000,001100100001000010000100000010101000,000000000000001100100000001101010110,000010000110100001010001100000000001,128,56426ms
110110111000001000000000000010000000,001000000110000101100100100000000001,000001000000010000011001001100001100,000000000001100010000010010001110010,177,2357ms
101100111000000000000000000000011010,000000000010011100000000010101100100,010011000100100001001000000010000001,000000000001000010110111101000000000,139,62509ms
100100111000000000010000001000001100,000010000000000100101100010101010000,011001000010001001000000100010100000,000000000101110010000011000000000011,144,3797ms
010100100101001010000010000100000000,001001010000000001010000100000110001,100010000000100000101100001001000010,000000001010010100000001010010001100,157,1387ms
010101101001010000000000001000000001,000000000100000001000110010011011000,001000010010101000110000000100000010,100010000000000110001001100000100100,102,3407ms
000010110000000110010000100100000010,011000000010011001000010001000100000,000100001000000000100000010011011001,100001000101100000001101000000000100,63,48838ms
011110110100001000000000000001000000,000000000000100110000100011010010010,000001000001010000011000000100100101,100000001010000001100011100000001000,135,33559ms
011000111000000000000100000000100110,100000000100101001000011100000010000,000011000001010000110000001110000000,000100000010000110001000010001001001,119,1919ms
111010111000000000100000000000010000,000000000100100001010001110000000101,000001000010000010001100001111000000,000100000001011100000010000000101010,157,31ms
100110000001000000000101000010100001,000000101000001010000000100100011100,011000010100010000011000011000000000,000001000010100101100010000001000010,177,1012ms
000001010100000001100100000000011010,000000000001100110000010110101000000,011010101000000000010000001000000101,100100000010011000001001000010100000,102,11399ms
100010100100000000100001101000100000,011000001010000001011100000000000001,000100000001101010000000010001000110,000001010000010100000010000110011000,97,20588ms
010000000000101101001010000000100100,100000010100000000100100000001011010,000100100011000010000000011010000001,001011001000010000010001100100000000,0,140ms
101100010001000001010000100001000000,000000001000011110000000010100100001,000011000100000000000111001000001010,010000100010100000101000000010010100,120,2465ms
101011100000000001001000100001000000,010000010001100110000000000100010010,000100001110000000110001001000001000,000000000000011000000110010010100101,135,41254ms
100101101101000000000000000100000001,010010000010100000010011001000100000,000000000000001101000100100001011100,001000010000010010101000010010000010,110,30497ms
011011000100000011100000000010000000,000100000000110000011100010100000010,100000010000001100000000101001001100,000000101011000000000011000000110001,144,652ms
110011100000001000000010000100000010,000000000000100010001100011011000100,001000010111010001100000000000001000,000100001000000100010001100000110001,157,293ms
011001011000000000010000000010010010,000100000000100110101010000001001000,000010000110010000000100100100100001,100000100001001001000001011000000100,108,13494ms
010100010000101000100001001000001000,001000001010000100011000010010000100,100001100001010010000100100000100000,000010000100000001000010000101010011,106,22249ms
111100001001000000100000010000000001,000011010100000001000001000000101010,000000100010001110000010000101000100,000000000000110000011100101010010000,144,16396ms
111101000010000000000001100001000000,000000011101001010010000000000110000,000000000000110001100110000010000011,000010100000000100001000011100001100,139,4721ms
100101110001000000100010010000000000,000010001110000100001000000001010001,001000000000100001000001001100100110,010000000000011010010100100010001000,114,10745ms
011011110000000100000000000000000101,000100000000111001000000000011010010,000000001011000000001010111000100000,100000000100000010110101000100001000,75,66211ms
100001110010010000000000000010000101,001010001101001000000000110001000000,010000000000000010111100001000101000,000100000000100101000011000100010010,115,9393ms
011101011001000000011000000000000000,000000100110001011000011000001000000,100010000000000100000000000110110101,000000000000110000100100111000001010,157,692ms
110010011001000011000000000000000100,000000000100001000111000010000010011,000001000000110100000001101100001000,001100100010000000000110000011100000,110,18927ms
111101011000000000000001010000000000,000010100010100000010000001010001010,000000000001001011001100100100000100,000000000100010100100010000001110001,132,5804ms
110000011000000010100000000011010000,001110000101000001000110000000100000,000001100010011000000000000000001111,000000000000100100011001111100000000,115,58906ms
111101100000000000000000100011000000,000000001001100100100001000100010001,000010010100000011001110001000000000,000000000010011000010000010000101110,157,664ms
000000001100110100001000100100001000,100000010000000000100011001000100110,001100000001000011010100010000000001,010011100010001000000000000011010000,22,37270ms
101101010100000000100000000001010000,000010100010100010000010100010000010,010000001001011000000101000000100100,000000000000000101011000011100001001,139,316ms
111000010000000000110010000001010000,000000100100011010001001100010000000,000011000010000001000000011000101001,000100001001100100000100000100000110,125,3918ms
000101110000110000000000100000010001,100000001101000010000000001010000110,011000000000000100010001010100101000,000010000010001001101110000001000000,80,16497ms
101110010011001000000000000000000001,010000000000100100000111011000010000,000000000100000000111000000101001110,000001101000010011000000100010100000,177,5273ms
001111010010000010000000000100000010,100000000000000100001110101000011000,000000100100111000000001010010100000,010000001001000001110000000001000101,114,2717ms
010101010010000110000000000000001001,000010001000010000101000010100000110,001000000000101001010010000011010000,100000100101000000000101101000100000,68,18319ms
011101001010000000010001000100000000,100000000000000010100010010001010101,000000110000110100000100101010000000,000010000101001001001000000000101010,88,19432ms
111111001000000010000000000000000010,000000100000011100011001011000000000,000000010000000000100100000001111101,000000000111100001000010100110000000,177,9518ms
001111100000100000010001000100000000,100000000001000010100000001000111100,000000010100000001000110100011000010,010000001010011100001000010000000001,97,5064ms
000000011010001001000001000011100000,101100000000010100100100100000000001,000010000001000010001000001100011100,010001100100100000010010010000000010,9,1820ms
010011000000000000101110000011000000,000100100010101010000000000000010011,000000010000000000010001111100001100,101000001101010101000000000000100000,65,166267ms
110001010000000001000010001000000110,001000000100000100100001000110011000,000110000000101000011100010000000001,000000101011010010000000100001100000,142,8552ms
111001100000001001000000000000100001,000000000000010010001001101000001110,000100001100100000010000000111010000,000010010011000100100110010000000000,157,1499ms
101011101000000010000010000000000010,010100000000000101001000010011001000,000000000100011000000101101100010000,000000010011100000110000000000100101,132,2386ms
011011111000010000010000000000000000,000100000000100110000001000001001110,100000000011001000101000001110000000,000000000100000001000110110000110001,157,575ms
001011101000000000000000100010001100,100000010000110000011100010000100000,010100000110001000100011000001000000,000000000001000111000000001100010011,107,42725ms
011111001000000000001000010000100000,000000110001100001000010101000000001,000000000100001000100100000110001110,100000000010010110010001000001010000,141,31033ms
111011011000000000100000000010000000,000000000010010001000001110101000001,000100000100101000000100001000110100,000000100001000110011010000000001010,157,366ms
100011011000000000000010100000100010,001100000101101000010000001001000000,000000000010000010000101010010011100,010000100000010101101000000100000001,96,19749ms
110100011100001000010000000000000010,000000000000110010000111000000110100,000001100001000001101000001101000000,001010000010000100000000110010001001,157,192ms
010100011000010000010001100000000100,100000000111101000000000000001100010,000001100000000001000010000110011001,001010000000000110101100011000000000,60,265549ms
100101010000010000000000111001000000,000000001010000000100110000010111000,010000100001100100011001000000000010,001010000100001011000000000100000101,97,31619ms
011111010000000100000000100000100000,000000100000000000100010010011001110,100000000111010010010101000000000000,000000001000101001001000001100010001,177,4910ms
111001011001000000000000001100000000,000000100000101010101000100000100001,000100000110010101000000000000010110,000010000000000000010111010011001000,157,241ms
110001110100000000000000001000011000,000010000010011000001001100001100000,001000000000000001110110010000000011,000100001001100110000000000110000100,157,3529ms
000011000101100100001001000000010000,010100001000010011000010100000000100,001000100000000000010000001101100011,100000010010001000100100010010001000,40,71659ms
001111001000010010000000000010001000,000000010000100000000101011000010110,000000000111000101000010000101000001,110000100000001000111000100000100000,121,48287ms
001110011101000000000001000000100000,110000100000100011010000000010010000,000000000010001100100100100101000100,000001000000010000001010011000001011,113,10903ms
111000001100000000001000100000011000,000101100000011000000011001001000000,000000010001100110000100000010000101,000010000010000001110000010100100010,101,6599ms
000010001111100000001000100000000010,010000000000010100000101010010011000,001100010000000001010000000001100101,100001100000001010100010001100000000,52,6991ms
010011100000000010000010100100000001,101100000011001000000100010010000000,000000001000100101100000001001001010,000000010100010000011001000000110100,70,3905ms
010101000100011010000010000000100000,100010101010000000000000010001000101,000000010000000001000101001110011000,001000000001100100111000100000000010,64,22979ms
001001101100000000101000000000101000,000100000000001011000101100010000010,100010000001110100000000000001010100,010000010010000000010010011100000001,139,2410ms
100000000101001000000101000001100001,000000010000100011101000000100000110,010111100000010000000010001000001000,001000001010000100010000110010010000,157,2966ms
001011111100010000010000000000000000,100000000000100110000110100001000001,000100000000001001100001010110100000,010000000011000000001000001000011110,85,6558ms
101000111000100000100100000000000001,000000000001011001010000110001000010,010000000010000010000001000110110100,000111000100000100001010001000001000,157,21981ms
010011101000001100000000000100000100,001000000000010000000010101001101001,000100000011000011110001000000000010,100000010100100000001100010010010000,87,9503ms
111100100000101000000000000001000100,000001000001000010101001000110100000,000000000000010101010100111000010000,000010011110000000000010000000001011,120,15682ms
001111000001000000000000000011000011,100000100000001110000000100100010100,000000001110000001101000011000001000,010000010000110000010111000000100000,91,55196ms
101011111000100000000000100000000000,000000000110010001000110010001100000,010100000000001110010000000010011000,000000000001000000101001001100000111,141,2142ms
011011010000000011010100000000000000,000000100110000000001000111010000100,100000000000111000100011000001000010,000100001001000100000000000100111001,157,29481ms
110101100000000100000010000001000001,000010000110000000110100100010001000,001000000001010010001001000100010100,000000011000101001000000011000100010,140,2034ms
111100111010000010000000000000000000,000000000001011001010010010001000100,000000000000100000101001100010100011,000011000100000100000100001100011000,134,6778ms
000000100001001100101000100000001100,000001011000110001010000000000010010,001110000010000000000100010110100000,110000000100000010000011001001000001,81,2929ms
001111111000000000000010000000100000,110000000011100010010000100000001000,000000000100010000101100000011010010,000000000000001101000001011100000101,115,10602ms
100011001000100100001010000010000000,001100000100000000110000101000001001,010000010000001010000000010100110100,000000100011010001000101000001000010,142,1524ms
000100001001001010000000100010000110,010010000010000100010010000000110001,001000110000000000101101000101000000,100001000100110001000000011000001000,82,9165ms
110011011000000010000010000010000000,000000000100000001000000101101001101,001100000000011000111000010000010000,000000100011100100000101000000100010,157,303ms
010100101001100010000001000000000100,000001000000001001101000011011000000,001010010110000100000000000000110001,100000000000010000010110100100001010,106,18950ms
100100100000101000000000000001101001,010000010011000010010000010110000000,001010000000010101100001000000010100,000001001100000000001110101000000010,81,19454ms
010001110101100100001000000000000000,000100000000011010000000000111110000,001010000000000001010010111000000100,100000001010000000100101000000001011,97,89431ms
000001101000100001000000100010000101,010100000011001000000001000100001010,101000000000010010011110001000000000,000010010100000100100000010001110000,84,31963ms
010010000100000000100010010010011000,100000101000111010000000100001000000,000000010001000100001101001100100000,001101000010000001010000000000000111,74,1817ms
011100001010000000000010000110000001,000001010000000011010101010000010000,100010000100111000101000000000000100,000000100001000100000000101001101010,157,285ms
101110001100000100000101000000000000,000001100001000000110000001001011000,010000000000110010001010100100000100,000000010010001001000000010010100011,163,2404ms
001011000100100000001000110000000010,000100011010000001000100001000001001,010000100000010100100011000010010000,100000000001001010010000000101100100,85,3263ms
101101100000010000000000011000100000,000000000010000100011000100100000111,000000001100101001000010000011001000,010010010001000010100101000000010000,104,14420ms
100011100010001011010000000000000000,001000011100000100000000001010100001,000100000001000000100100100100011100,010000000000110000001011010001000010,109,5149ms
001110111001000001000000000000100000,100001000100010010000010110000000100,010000000010000000111100000111000000,000000000000101100000001001000011011,125,8195ms
010001100010001011000000001100000000,000010011000000000010011000001001100,101000000101100100100000000000010010,000100000000010000001100110010100001,157,4663ms
110101101000000000100000000001000100,001010010010000001001000000000110001,000000000100010110010000101000001010,000000000001101000000111010110000000,116,41478ms
010101001000000000100010100010000100,100000000000001101010001000100000011,000000110010010000001000001001110000,001010000101100010000100010000001000,76,16720ms
110101111001000000000000000000000100,000010000000001001000010001101001001,001000000100010010101000100010100000,000000000010100100010101010000010010,157,601ms
111011101000000000010010000000000000,000000010000001001101000110100000010,000100000010100110000001000001010001,000000000101010000000100001010101100,127,1590ms
110000111100000000100000010000010000,001001000000001011001000000100100010,000100000001100000010011000001001100,000010000010010100000100101010000001,144,1084ms
111010010000000100000001001001000000,000000000110100000010000110000100011,000000101001000011101010000000010000,000101000000011000000100000110001100,157,9673ms
001111101000000010000000000000100001,000000000100001001100011100000010010,010000010010000000011100001101000000,100000000001110100000000010010001100,104,38559ms
010001001000100011000001000100000001,001000000000001000110100000010101100,100110110101010000000010000000000000,000000000010000100001000111001010010,177,1891ms
101010010010001000000000000111000000,000001000000010001100100010000001110,010100000000100000011001100000010001,000000101101000110000010001000100000,157,524ms
111001001101000000000000010000000100,000000100000000010001001100111100000,000110010010000000010100001000000011,000000000000111101100010000000011000,164,1862ms
011111011010000000000000000100000000,100000100001100000000000100001010011,000000000100011010110010001000001000,000000000000000101001101010010100100,142,10501ms
010111011000000001000001000000000010,000000100100001100110010000110000000,100000000011010010000000110001001000,001000000000100000001100001000110101,177,3479ms
111111110000000000000000000000010000,000000001110000111010000000100100000,000000000000100000100011111000001001,000000000001011000001100000011000110,152,1477ms
011011011000000001000000000000011000,100000100110001100100000110000000000,000100000000010000000110000011000111,000000000001100010011001001100100000,79,229006ms
000110001100000100000100100011000000,000001100000010001011000000000111000,110000000001001010100010011000000000,001000010010100000000001000100000111,149,6442ms
011100000000000000100000101010001001,000000001010000001001001000100110100,000001010100101000000100010001000010,100010100001010110010010000000000000,79,27514ms
110011010001000000001000100000010000,000100100000010000100001010110000100,001000001010101100000010000000100010,000000000100000011010100001001001001,125,16200ms
000111111010000010000000000000000010,010000000100000100110000101000010100,101000000001000001001001000001100001,000000000000111000000110010110001000,137,4476ms
110001001010000000010000010000011000,001010000000101000000101001000000110,000100000001010011100010100100000000,000000110100000100001000000011100001,157,1470ms
000111000000000110000111000010000000,111000000001001001010000000100010000,000000110110000000001000010000001101,000000001000110000100000101001100010,47,482ms
110110100010000010000010000000001000,000001001100000000111001000010100000,001000010001001100000100010101000000,000000000000110001000000101000010111,177,218ms
010111000100000000100010000010000001,100000000010011000010001010001001000,001000001001100011000000100100000010,000000110000000100001100001000110100,139,570ms
101110000010100100000100010000000000,010001000000000011000000000001111100,000000001000011000010001001010000011,000000110101000000101010100100000000,123,29800ms
010000101100010000000001010100000100,001000000010001100000000001001110001,000010010001000011101010000000000010,100101000000100000010100100010001000,85,15938ms
111000111000000000000000001100000001,000001000110000101001001000011000000,000100000001100010000110110000000100,000010000000011000110000000000111010,150,718ms
001100111010011000000000000100000000,000010000000100000000000011011101010,100000000100000111001010100000000001,010001000001000000110101000000010100,140,5007ms
001111011100000000001000000001000000,000000000010110000000011110100001000,100000100000000101110000001010000001,010000000001001010000100000000110110,177,206ms
100100110010001010000000000000110000,000010001000000100101010010001000100,010001000001000000010100100010001001,001000000100110001000001001100000010,125,11157ms
111010101000000110000000000000010000,000000000000101001010001000100001110,000100000110010000001110000010000001,000001010001000000100000111001100000,157,543ms
111100000000000000000100110100010000,000001011000000000001010001001000101,000000100001111000110000000000100010,000010000110000111000001000010001000,130,3966ms
010001111000100000000100000010100000,001000000000011100000011101000000100,100110000100000000010000000101001010,000000000011000011101000010000010001,177,158ms
011010101000000000000000001000101001,000101000000110001100000100001000010,000000010101001100010100010000000100,100000000010000010001011000110010000,59,19847ms
000111010000100000000101000000100010,001000100001011100000000110000001000,010000000000000000111000000111010100,100000001110000011000010001000000001,109,30641ms
101111010000000010000100000100000000,000000101100010000000011001000001100,010000000010101100001000000000010011,000000000001000001110000110011100000,163,852ms
001000110000001100000000010101010000,000110001001000010100010000010000001,100000000000110001010000001000101010,010001000110000000001101100000000100,96,8049ms
111111111000000000000000000000000000,000000000101101001000001000100010100,000000000000010110011010000010100010,000000000010000000100100111001001001,177,80ms
011101110000000100000001000000100000,000010001000011000100000100000011010,100000000100100011000110000001000100,000000000011000000011000011110000001,157,1612ms
000010111010000100000100001000001000,110000000100000010010000100001100100,001101000000100001001000000100010001,000000000001011000100011010010000010,51,12200ms
001101100000000000000000101010001001,100010011101000100000010010000000000,010000000010011010000001000001100010,000000000000100001111100000100010100,45,35523ms
101011010010000010000100010000000000,000000100001110000010000100100001010,000000000000001100101001001000110100,010100001100000001000010000011000001,115,36432ms
101001101000000011000010000000010000,000010000001101000000001101000100001,010000010010000000000100010100001110,000100000100010100111000000011000000,157,413ms
000111100010100001000000010000010000,100000000101000100000110000000100011,011000000000011010010000001000001100,000000011000000000101001100111000000,78,9983ms
010111111000000000000001000000000100,000000000100100110000000100000011011,100000000000011000110100001010100000,001000000011000001001010010101000000,177,697ms
100001000000000101101010100000001000,011000000000001000000001000110110001,000100111001000000010000001001000100,000010000110110010000100010000000010,102,60755ms
101101111000000000000100010000000000,010000000010000111000000100000110001,000010000001100000001010001011001000,000000000100011000110001000100000110,127,4477ms
001000010001100000010000010001110000,000001100100001000000001100010001010,000110000000000010001110001100000001,110000001010010101100000000000000100,35,1945ms
000101011000000001010010010001000000,100000100100001010001101000010000000,010010000011100100000000100000001001,001000000000010000100000001100110110,54,27206ms
110011111000001000000000001000000000,000000000110010001000000010011010010,000000000000100100011011100100001000,001100000001000010100100000000100101,132,7636ms
111011111000000100000000000000000000,000000000011000010000100101010000110,000000000100010000110000010001110001,000100000000101001001011000100001000,157,573ms
111001101100000000000100010000000000,000000010011100001000010100000000011,000110000000000010011000000010101100,000000000000011100100001001101010000,177,255ms
000011101000001100010100000001000000,010000010100100000001000100000110100,001100000000000010100001001100001010,100000000011010001000010010010000001,70,6842ms
101111110000011000000000000000000000,010000001001000001100000100011000100,000000000010000110001011001000000011,000000000100100000010100010100111000,126,5062ms
011101100010000000000000100000100100,000000001000111100000001001001001000,000010010001000010011100000100000010,100000000100000001100010010010010001,85,3559ms
011100101110000000000000100100000000,000001000000100000111011000001000100,000010010001000110000000011010000010,100000000000011001000100000000111001,110,2534ms
101001000000001000001111000000000100,000100001100000011100000010000010001,000010110010010000010000001110000000,010000000001100100000000100001101010,143,565ms
001000101000001100001000000001010010,000000010000010000110001000110000101,010011000100000010000010011000100000,100100000011100001000100100000001000,79,22988ms
100100010000000100010001001011000000,000000000010100001000010110100000110,001011000101001000001100000000100000,010000101000010010100000000000011001,111,6967ms
010110010000000001100000000000010110,100000000101000000011001000110000001,001000000000111100000100101001000000,000001101010000010000010010000101000,81,3726ms
010000100100011010000000001000001100,000010001000000100010000100101100001,001100010011000000000101010000000010,100001000000100001101010000010010000,76,6164ms
001101001000000100010001000100010000,000000100100010000001000010011100010,010010000000101001000100001000000101,100000010011000010100010100000001000,69,4976ms
011100011010000000000000001000000101,000010000000000111000010110010001000,100000100001010000010000000001110010,000001000100101000101101000100000000,137,3209ms
000001110000001001001000001000001100,001100000100010000100111000001000000,110010000010000010000000100100000011,000000001001100100010000010010110000,115,4242ms
000010011000000110010000100010010000,110000100001000000001101000001001000,000001000100001001000010001000100101,001100000010110000100000010100000010,16,347ms
000111001000000000100000100001101000,110000110000001001010010000000000100,000000000101110010001001000100000010,001000000010000100000100011010010001,88,21920ms
000100110010000000011000110001000000,001011000100010001000010000000000110,010000001000001100000000001010110001,100000000001100010100101000100001000,22,17993ms
111000110000000101010000000000010000,000000000001011010000100011011000000,000011000010100000101000000100100001,000100001100000000000011100000001110,157,321ms
000110100010010001000101010000000000,000000000101000010001000101100010010,011001000000001100110000000010100000,100000011000100000000010000001001101,105,31014ms
010111101010000000000000000000001100,101000000000010001100001000001010001,000000010101100110000000100010000010,000000000000001000011110011100100000,120,19081ms
011000100001100000001100000000000011,000000000110010110000000010101010000,100101010000000000110001100000100000,000010001000001001000010001010001100,157,254ms
110100000001011010000000100000100000,001000010010100100010000000100011000,000001100100000000101000001010000101,000010001000000001000111010001000010,129,5747ms
011011100001100000000000000000100100,100000000100010110100000101010000000,000000001010001001000010010001011000,000100010000000000011101000100000011,61,153650ms
110011000110100000100010000000000000,001000010000000011001000110000010100,000100001000000100010100001000101010,000000100001011000000001000111000001,157,335ms
001010110000000110000000001010010000,010100000001000000100111000000100100,100000001100001001010000100001000010,000001000010110000001000010100001001,107,3420ms
101011001000000000001100010001000000,010000000100001000000011000100110100,000000100011010100110000100000001000,000100010000100011000000001010000011,157,2467ms
000110010001000100000011001000000001,101000100000001010100000000011001000,000001001100010001010100100100000000,010000000010100000001000010000110110,75,4584ms
001001010000011000010000000110000001,010010001001100100000110000000001000,100100000110000010001000100000110000,000000100000000001100001011001000110,131,6033ms
101110110010000000010100000000000000,000000000000000010100001010100110101,010000000000110100000000101001001010,000001001101001001001010000010000000,147,2010ms
100110101000000000011000010000001000,001000010100000010100010000001000110,010001000001101100000000000110010000,000000000010010001000101101000100001,177,1256ms
110111111000000000100000000000000000,000000000000110101011000000011000010,000000000001001000000101101000111000,001000000110000010000010010100000101,177,157ms
101101000100000000011000000010001000,000000100010010011100000010000010100,010000010000100100000100100101000001,000010001001001000000011001000100010,144,162ms
001100010001000010001110000000000010,110011100010000000000000010000100001,000000000000111100100000000111010000,000000001100000001010001101000001100,54,6974ms
010000111000000010010001000110000000,000011000000011000000000110001010010,101000000000000000100110001000100101,000100000111100101001000000000001000,157,521ms
000101001000001001000000100100110000,010000000010100000010000011000001110,101000010101000000001011000001000000,000010100000010110100100000010000001,142,828ms
011001111000110000001000000000000000,100100000011000100000010010000101000,000010000100001000010100100010010100,000000000000000011100001001101000011,90,20321ms
100111111000000001000000000000001000,000000000011001100000001110100000001,011000000000110000101000000011000100,000000000100000010010110001000110010,170,1785ms
100110010000000000000011001001000100,010000100000011010001000000000111000,000000000011100101010000000010000011,001001001100000000100100110100000000,81,37679ms
011001000010000000100000101100010000,000010000000110000010001010011000010,000000110001001000001110000000001001,100100001100000111000000000000100100,65,6532ms
000001111000010000010000000000101100,000100000100101011000100000101000000,111010000010000000000010000000010011,000000000001000100101001111010000000,128,5286ms
000110000001100000110000001110000000,101001000010000111000000000001010000,000000010000000000001110010000101110,010000101100011000000001100000000001,23,18101ms
011110010000011100000000001000000000,000000100000100000100101000001011100,000000001100000001011000010000100011,100001000011000010000010100110000000,94,19882ms
101000011000000001000010000101100000,010100000110000110010001000000000010,000010100001111000000100000000001100,000001000000000000101000111010010001,88,35340ms
111110101000000000000000010000010000,000001000000100011001100100100100000,000000010010010100100011001000000001,000000000101001000010000000011001110,177,771ms
001010011001000000000001100100000001,010100100010001010000000000010001100,000000000100100001110010000000110010,100001000000010100001100011001000000,62,69286ms
101110111000000001000000000000010000,000001000100000010001100001001101000,010000000001001000100000110110000100,000000000010110100010011000000000011,177,90ms
011110101000100000000001000001000000,000001000010000100101000001000010101,000000000001011001000010000100101010,100000010100000010010100110010000000,101,86680ms
101001100000101000010000000000010010,010010010001010000000100000001100100,000000001000000010100001011110001000,000100000110000101001010100000000001,104,6828ms
110111110000010000000000000000001000,000000001000101100100001010001010000,001000000011000010000110001100100000,000000000100000001011000100010000111,177,108ms
000011010110000000100001000000011000,100100101000011000000010010000100000,011000000000100101001000100101000000,000000000001000010010100001010000111,96,3448ms
100011101000010000010000000000101000,001000000010001010000000100100010101,010000000001100100000001010011000010,000100010100000001101110001000000000,101,24462ms
011110000000000100000010000001100010,100000000001010000100000001010011001,000000100100101010010001010100000000,000001011010000001001100100000000100,107,24311ms
001100000101000001100000010000010010,100000010000111100000110100000000000,000001001010000010011000000000001101,010010100000000000000001001111100000,22,7265ms
101000000000010000001010010000110001,000100001000000111100101000100000000,010001000111100000010000001001000000,000010110000001000000000100010001110,125,13318ms
100000100100000100000000101100101000,000000000000100001100010010010010110,011101010000001010010100000000000000,000010001011010000001001000001000001,151,3713ms
000011001110000000000100001000110000,000100100000000100000010110110000100,111000010000001001000000000001001001,000000000001110010111001000000000010,144,2382ms
011001001010000000001010110000000000,000110000000001110110000000100010000,000000000000010001000001000011100111,100000110101100000000100001000001000,61,29268ms
110101110000000000100001001000000000,001000001101001000001110000000000100,000000000000010010010000010010110011,000010000010100101000000100101001000,150,7154ms
110101010000100000010000000000110000,001000000001000110001011000001000010,000010000000010001000100011110000100,000000101110001000100000100000001001,157,277ms
001010000101001100000001000010000100,010000010000100000001010100000011010,000101001000010000100100011000000001,100000100010000011010000000101100000,71,27909ms
011110100010000000000100000001010000,100001000000000100111010010000000100,000000001001011001000001001110000000,000000010100100010000000100000101011,114,19468ms
100101001010000000000001001000011000,001010010001000011100100010000000000,000000100000010000010010000101000111,010000000100101100001000100010100000,78,17616ms
110001000000000010111010000010000000,001010010101010000000000010100001000,000000000010100001000101000001100011,000100101000001100000000101000010100,102,12499ms
010110111000010010000000000000010000,000000000101100000000010111000000101,000001000010001100110000000101000010,101000000000000001001101000010101000,102,16246ms
000010100101100000011000000001001000,000101001000000110000100010000000101,101000000000000000000010101110010010,010000010010011001100001000000100000,106,7086ms
110111101000000000001000000000001000,001000000000001000110100001000100101,000000000100110011000000110001000010,000000010011000100000011000110010000,150,2763ms
110100100001010001000100000100000000,000000000100100010101010000001001001,001000010010001000010000010010010100,000011001000000100000001101000100010,146,1828ms
110110110000000000000000011000000010,000000000001110011000001000110010000,001001000010000000111100100000000100,000000001100001100000010000001101001,177,422ms
010011011000000000010010000100100000,000000000010010011101100000000001001,101100000000000100000000101001000110,000000100101101000000001010010010000,157,207ms
000001001000001000010100000110000110,011000010001100110000000000000011000,100010100110000000101000001000000001,000100000000010001000011110001100000,129,1633ms
101111100001000000000000000100000001,010000001010010000010000110011000000,000000000000100100101010001000101010,000000010100001011000101000000010100,142,8510ms
001011010000000000100100011000010000,110000001000000100001001100000101000,000100000100111010000010000011000000,000000100011000001010000000100000111,61,19056ms
110000001100000100000000010100100001,000011110000001001101000000010000000,001100000000100010000111100001000000,000000000011010000010000001000011110,125,10104ms
000111011000000000001010000000011000,000000000000001101000101100100000110,100000100110100000110000010000000001,011000000001010010000000001011100000,161,2392ms
001101010000000000010001000010100001,100000101001000001001100000000010100,010000000000110110100010001001000000,000010000110001000000000110100001010,92,9933ms
011101101000000010010000000000001000,000000010100100001000000100100110100,100000000001001000000111001010000001,000010000010010100101000010001000010,146,7364ms
101010111000000001000001000001000000,010100000001001010001000001000100010,000000000000010100010100100100010101,000001000110100000100010010010001000,115,9208ms
110011001000000000001110100000000000,000100000110011101100000000000010000,000000100001000010010001001000000111,001000010000100000000000010111101000,146,3684ms
011100111000000000001001000000000010,000000000100100110010100000010001100,000011000001010000000010001001100001,100000000010001001100000110100010000,77,26017ms
111110100100000000000001000000100000,000000000000111100000010000010011010,000001010001000000110100010001000100,000000001010000011001000101100000001,177,181ms
010110101100000000010000010001000000,101001000010000010001000000100100100,000000010000110001100011000010000010,000000000001001100000100101000011001,106,14821ms
111001010010000000000001000010001000,000100101000000100101000110000000010,000010000000111010000010001100010000,000000000101000001010100000001100101,135,17097ms
101001110000000110001000000000100000,010010001100100000010001000100000010,000000000011010000100000100001011100,000100000000001001000110011010000001,100,13343ms
100010000000010000010011000000001110,001001110001000100000000110000000001,000100000010101001001000001001100000,010000001100000010100100000110010000,42,1894ms
010110011001001100000000000100000000,000000100010000000111000100010010100,001001000000010010000111000000001010,100000000100100001000000011001100001,104,4993ms
001000100100010101000100101000000000,000000000001101000100011000000111000,000001001010000010010000010110000001,110110010000000000001000000001000110,38,70460ms
101001011000010000010000000010000100,000100100100000000001000001000111001,010000000011001111000010000100000000,000010000000100000100101110001000010,157,2145ms
000110101001000001001000010000000010,100001000010100000000001100000110001,011000010100010110000100000000000100,000000000000001000110010001111001000,104,24854ms
111111100000000000101000000000000000,000000000101010000000001010001000111,000000010000001101010010100110000000,000000001010100010000100001000111000,177,21ms
001101111000000000001000100000000010,100000000000111100000010010000001100,000000000110000001100001000111010000,010010000001000010010100001000100001,95,13891ms
111011110000001000000000000100000000,000000000000010011000101010000010011,000100001100100100000000100001100100,000000000011000000111010001010001000,157,33ms
001010101010000010001100010000000000,010100000000001000010000101101010000,000000010101100000100000000000001111,100001000000010101000011000010100000,67,6687ms
000110110010100000000000000000001011,100001000000010010100000111010000000,000000001100000001000111000101010000,011000000001001100011000000000100100,92,3674ms
111101001000001000000000000000100100,000000010000010001011010100010001000,000010100100000110100100000001000001,000000000011100000000001011100010010,153,1625ms
100111010100000000000010000000001100,000000001000011100001000011000000011,011000000011100010000001000000110000,000000100000000001110100100111000000,177,96ms
111011000000000101010000000010000000,000100000100100000000110011001000100,000000000000011010100001100100000011,000000111011000000001000000000111000,143,1600ms
111011001000000000000010001000000001,000000000001100001000001100100011010,000100010000000000111000000011100100,000000100110011110000100010000000000,157,2263ms
100101011000000000000000100001010010,000000000010010000001111010100001000,010000100001001011100000000000100001,001010000100100100010000001010000100,137,2247ms
100111011000000001001000001000000000,000000000001000010010100010110000101,011000100110100100000000000000100010,000000000000011000100011100001011000,177,2036ms
000010010010000001001000000100010101,001100001100011110000100000000000000,000001100000100000000000011001101010,110000000001000000110011100010000000,0,4513ms
110111010000000100000001001000000000,000000000100111000000000000101001101,001000000000000001100110000010110010,000000101011000010011000110000000000,162,27745ms
001110001100000001000010000011000000,000000100010011000000001001000100110,100000000000100100101000110100000001,010001010001000010010100000000011000,156,2496ms
100010001100000000001000010010011000,010000010000010110010000100100000010,001101000010000000100111000000100000,000000100001101001000000001001000101,139,2712ms
110000101100100000110000000000001000,001100010011000001000001001000010000,000010000000011100001010010000100010,000001000000000010000100100111000101,115,7795ms
110100101100101001000000000000000000,000010000000010000100101010101010000,000001010011000010000010000000100110,001000000000000100011000101010001001,157,326ms
110101000010000001000001001010000000,000010000000110010010110000000001010,001000001100001000100000110000010001,000000110001000100001000000101100100,150,769ms
011111100000000000001000000100000100,000000001000110011000010000000110010,100000010000001100000101001010000001,000000000111000000110000110001001000,177,129ms
110010100100000100000000000000100101,001001010000100000100010100000010010,000000001001011000010101001001000000,000100000010000011001000010110001000,97,24202ms
101111000100010010000100000000000000,000000010010100001000010101001000100,010000100001001000001000000100101001,000000001000000100110001010010010010,177,1025ms
110000010100000010001010000100100000,000001001011010001100000100001000000,000010000000001100000100000000011111,001100100000100000010001011010000000,101,9417ms
111101010000001000000000010001000000,000010000001000100100001000100010011,000000100010100011000000001010101000,000000001100010000011110100000000100,119,5031ms
010111100000000000000100000100010001,000000000110000100100010001001100010,100000010001000010001000110010001000,001000001000111001010001000000000100,177,4753ms
101110011000001000000000000000001010,000000100000000010110100110001000100,010001000011000100001010000010100000,000000000100110001000001001100010001,159,4535ms
010111010001000000010000011000000000,100000001100011110101000000000000000,001000100000000000000101100000111010,000000000010100001000010000111000101,109,251616ms
101001001000000000000011010101000000,000100000001111000000000001000010110,000010010000000101100000000010101001,010000100110000010011100100000000000,157,22200ms
010101110000000010010001001000000000,100000000000000001000000000101111101,001010000101001000101100010000000000,000000001010110100000010100010000010,120,24215ms
101011000000001010000000010000010100,000000010010000101010000000111100000,010100100100010000100110100000000000,000000001001100000001001001000001011,157,1012ms
001001000000001000000010100110010010,000010001101000110000000000001101000,000000110000010001001001010000000101,110100000010100000110100001000000000,0,2760ms
110011110001000000000000000000011000,000000000010010101100011001010000000,001000001100100010010000010001000100,000100000000001000001100100100100011,151,2546ms
010001101011000001000000000110000000,000100000000001000101001101000000110,100010000100010010010100000001001000,001000010000100100000010010000110001,157,78ms
010111110000000000000000010100000001,000000000101010100010100100010000100,001000000010100001001000001001100010,100000001000001010100011000000011000,106,24972ms
000000110000100100101000000100001010,000001000010001010010100011001000000,100010000101010000000001100010100000,011100001000000001000010000000010101,104,1799ms
000101000000000000001101100010001001,010000110011100000100000001001000000,001000000100011100010000010100010000,100010001000000011000010000000100110,36,13959ms
000101010000001000000100100001000011,110010000100010000000010010010010000,000000000001100011110000001000101000,001000101010000100001001000100000100,13,1591ms
101100001001001010000001000100000000,010001000000000001110110000000001001,000010000100110100000000100001000110,000000110010000000001000011010110000,140,1176ms
001001111110000000110000000000000000,010000000000100000000100010110011100,000100000001000100001011100000000011,100010000000011011000000001001100000,94,854ms
100110001000000000100100100000011000,011000000100011000010010000000100100,000001000010000100000001010111000010,000000110001100011001000001000000001,163,3615ms
011010001100110000000010001000000000,100000000001001000011101010000000100,000100000010000100100000100011101000,000001110000000011000000000100010011,96,92099ms
111101101000100001000000000000000000,000000000110000000011001000111000001,000010000000011110000110100000010000,000000010001000000100000011000101110,143,447ms
100000111000000000000000001110001001,001010000111100000110000000000000010,010001000000000011000110000000110100,000100000000011100001001110001000000,143,5011ms
011010010000000000000010000010101010,000001100001001010000100100000010001,000000001110010001011000010001000000,100100000000100100100001001100000100,72,16059ms
110010001000100100000100000100010000,000100100100000000010010000011001100,000001000000011001101001001000000010,001000010011000010000000110000100001,157,2860ms
000000111001010010000000010000110000,010010000000001100000000100110000101,101100000100000001000101000001001000,000001000010100000111010001000000010,102,27885ms
010100111100000000000001000010000100,000001000001001000010100100001001010,101010000000010011101000001000000000,000000000010100100000010010100110001,157,557ms
111110011010001000000000000000000000,000001100000000000110001010010000011,000000000101010100000110000101010000,000000000000100011001000101000101100,177,8218ms
011011001000100000001000000000110000,000100000000010000100011101000001100,100000010111001000000000010110000000,000000100000000111010100000001000011,157,65ms
001100001100110000000001000000000110,000000010010000001011100010010000001,110000100000001010100000101000001000,000011000001000100000010000101110000,142,3773ms
111110111010000000000000000000000000,000000000000001010001011001000010110,000001000001010100010000110010001000,000000000100100001100100000101100001,177,3213ms
000011011100100000000000000010001100,000000100010000100000110110000100001,011000000000011011000001000101000000,100100000001000000111000001000010010,110,3209ms
000001011001000000000001000010010101,001000000100101100000010000100100010,010000000010010011100000101001000000,100110100000000000011100010000001000,21,41465ms
101010001000000000100000010000001011,010000000000000010001011101010100000,000000100000100001010100000101010100,000101010111011100000000000000000000,143,118413ms
010000011000000000101010001100000001,101110000010000101000001000001000000,000000100000110000010100000010001110,000001000101001010000000110000110000,64,11607ms
011111110000000100000000000010000000,100000000000100011010011000101000000,000000000010000000101100010000100111,000000001101011000000000101000011000,99,128969ms
101000010001011010000000000000001001,000100001100000000001100001010000110,000010000000000001010011100100110000,010001100010100100100000010001000000,90,21111ms
100001011000000110110001000000000000,000010000001000000001110001010010100,010000100100001001000000100000100011,001100000010110000000000010101001000,134,12720ms
000100000000000001010000011110101000,000010111100000110000001000000000010,001001000001010000101000000001010100,110000000010101000000110100000000001,29,6001ms
110111000000000000000010011001000000,001000010100000011010100000100000010,000000101001011000000001000010001001,000000000010100100101000100000110100,134,9259ms
100111110000000010000000000000001001,000000000110101000100000101000110000,011000000000010100011100000010000010,000000001001000001000011010101000100,154,3936ms
110110011000000000000000001000001001,001000000101010101000000010010100000,000001100000100010000100000001010110,000000000010001000111011100100000000,152,4985ms
010101100000100011000100000000000001,000010000111000000100001100000100010,100000000000010000000010010011011100,001000011000001100011000001100000000,102,21368ms
101010100000000110100010000000001000,000000010000111000010001000010100100,010101001000000000001100010001010000,000000000111000001000000101100000011,143,2269ms
100111101001010100000000000000000000,001000000100100001000000000100101110,000000000010001000101101001011000000,010000010000000010010010110000010001,141,44303ms
100101000100011001010000000000010000,000000001000000010100000111010001010,011000010010000000001101000100000100,000010100001100100000010000001100001,157,505ms
111001111100000000000000010000000000,000000000010001100010001000111000001,000000000001100011100000001000110100,000110000000010000001110100000001010,157,788ms
111101110000000001000000000001000000,000010001011100010100010000000000010,000000000000010000010100111010010100,000000000100001100001001000100101001,129,20009ms
011101010100000100010000000000001000,000000000001101000101100100000100001,000010001010000000000000011101010010,100000100000010011000011000010000100,99,5745ms
011110011000000000110000000001000000,000000000110000010000110000010110100,000001100000110101001000001000001000,100000000001001000000001110100000011,119,13839ms
010001000000101010001000010001000010,100010000000010001000100000000111001,001100001110000000100011000000000100,000000110001000100010000101110000000,96,3053ms
100001101000100000100000000010000110,001000000101000000010001000101001001,000010000000000011001110010000110000,010100010010011100000000101000000000,77,25318ms
010100000101000001000000010100110000,000011001010100010000000000001001010,100000110000001000101100100000000001,001000000000010100010011001010000100,138,24402ms
100011110000000000000010000000110100,011000000111000010001100000010000000,000100001000110000000001111001000000,000000000000001101110000000100001011,91,21838ms
001011110110101000000000000000000000,010000000000010000010000100110100110,100000000001000001001101010000001001,000100001000000110100010001001010000,157,3308ms
100010101000000100010000101000000001,000001000010000010001101010100001000,010100000000001001000000000011010110,001000010101110000100010000000100000,123,18466ms
011001110000010001000010000000000001,000100001101000000000001101001100000,100000000000101100000100000010001110,000010000010000010111000010100010000,116,9608ms
100111100001010001000000000000001000,001000010100000000000101110101000000,010000001000000010010010000000100111,000000000010101100101000001010010000,134,17838ms
111110000010100100000000001000000000,000001100100001001000000100010010100,000000001000010000111001000101000001,000000010001000010000110010000101010,177,2602ms
001100110000001001100000000010010000,100000000100100010000000001000001111,000011000010010100011010010000000000,010000001001000000000101100101100000,85,27672ms
011010100000000001000100000001001001,100000001010010010000011100000000100,000101010100000100000000010000110010,000000000001101000111000001110000000,71,15805ms
001001100001010100100110000000000000,100000000010000000001001010011001001,000000001100100001000000001100100110,010110010000001010010000100000010000,77,38054ms
100110110000000001000000010000100001,000000000110011100000010001110000000,011001001001100000000001000000010010,000000000000000010111100100001001100,137,23854ms
101010000100100010000010000000010010,000000000000000100110000011110100001,010001000000011001001100100001000000,000100111011000000000001000000001100,109,15536ms
100110111000010100000000010000000000,010001000000100010001000001100100100,001000000010001001100101000000010001,000000000101000000010010100011001010,137,14827ms
101100101000000000010000010100000001,010001010110001000000001001000001000,000000000001000010100100100010010110,000010000000110101001010000001100000,133,12973ms
010011010011101000100000000000000000,000100001000000100010000110001100100,100000100100010011000000001010000010,001000000000000000001111000100011001,157,8863ms
010111001000000100000101000001000000,100000010100000000000010010100100110,000000000011111001000000100000011000,001000100000000010111000001010000001,71,17406ms
101101101000000000000100000100100000,010000000100000010000010110001001010,000000000001101101101000000000010100,000010010010010000010001001010000001,152,606ms
010100110000001000110000000000100100,101000001100000000000001011000001001,000001000001110000000010100010010010,000010000010000111001100000101000000,56,2614ms
111000101000000000001000000110010000,000000000010110010000010001001000110,000111010001000001100001000000001000,000000000100001100010100110000100001,177,250ms
010011001100000000000001000011001000,000100100000000100000010011100000110,000000000000011011110100100000000001,101000010011100000001000000000110000,79,14318ms
101011011000010100000000000000010000,000000100110001001000110000101000000,000000000001000000101001010010001101,010100000000100010010000101000100010,94,38431ms
000000010001011011000000000001001010,011110100100100000000010000000000001,000000001000000000100101010100110100,100001000010000100011000101010000000,14,11143ms
100101100100001100000000000100100000,000000001011100000000100001000000111,010010010000010000100011100000010000,001000000000000011011000010011001000,157,1158ms
111100101100001000000000000000001000,000001000000110000001000010001110010,000010010001000010100100001010000001,000000000010000101010011100100000100,157,613ms
100100101000000001100001001000000010,010010010000110010000010000000011000,001000000101001000011000110000000001,000001000010000100000100000111100100,111,29309ms
101000001000010000000001101010010000,010000000010100100000100010100100100,000000110100001000100010000000001011,000111000001000011011000000001000000,98,1503ms
111010001000001000000100010000100000,000001010101000000011000101000000010,000100100010110001000000000010001001,000000000000000110100011000101010100,146,22477ms
000001100000100001100000101010000010,110000000111000010000000010000010001,000100010000000100001100000101001100,001010001000011000010011000000100000,20,4025ms
111010100000000010000100010100000000,000101010000001000100010000010100010,000000000010100101001000000000011101,000000001101010000010001101001000000,119,22205ms
001110010010000100100101000000000000,000001000101001000010010000110001000,000000101000110011000000000000000111,110000000000000000001000111001110000,76,132057ms
000100010011000100010001100010000000,000000000000010010101100010000001101,101011000000101000000010000001010000,010000101100000001000000001100100010,82,26720ms
010010101000011010000000001001000000,000100010010000000100000000000111110,000001000100100000011011100010000000,101000000001000101000100010100000001,60,21521ms
111100110000000000000000010001010000,000010000001011011010000000000000110,000001000110000100001001001100000001,000000001000100000100110100010101000,157,352ms
011001010010001000000001100000000010,100000000001000000111010000010100100,000110101100000101000000010000010000,000000000000110010000100001101001001,101,13504ms
110010101000001000000000000010011000,000100000110100010010000110100000000,001000000001000101100101000000100001,000001010000010000001010001001000110,143,2807ms
111000000011110000100000000100000000,000001000100001000000100101001101000,000010110000000000010010010010010010,000100001000000111001001000000000101,157,118ms
001100011010000001010000000011000000,010000000000010010000111000000110100,100010000001000100100000110100000010,000001100100101000001000001000001001,145,105ms
110101001000000000000001010000101000,001010010010000010110000000000010001,000000100000001100000110100101000010,000000000101110001001000001010000100,113,21807ms
110010111000000100010000000010000000,001100000000100001100000010000010011,000000000110000010001110101000100000,000001000001011000000001000101001100,157,5910ms
011101000001000100010000000010100000,100000000000000010000010110100001101,000010000010001001101101000001000000,000000111100110000000000001000010010,82,21876ms
100000101110001100000000000001100000,000000000000010001100010100000010111,010111010000000000010001000010001000,001000000001100010001100011100000000,177,5582ms
111001000000100000000000100100010001,000000001000010000101000011001101000,000110010000001110010000000010000100,000000100111000001000111000000000010,154,4228ms
010000010001010011000001010001000000,000000101100001000100000101010001000,001010000010100100001100000100000001,100101000000000000010010000000110110,44,4592ms
111110001000000000001100000000001000,000000110000100000000001100010010110,000000000110010101000000000101100001,000001000001001010110010011000000000,177,31210ms
011000010100000100101000001010000000,000010101000110001010000000000011000,000101000000001000000100100100000111,100000000011000010000011010001100000,107,6101ms
111001110000000001100010000000000000,000010001100100000001000011000001001,000100000011010000010001000110010000,000000000000001110000100100001100110,157,371ms
000110111010000000010010000001000000,110000000000001001001000010110100000,001001000001100010100100000000001001,000000000100010100000001101000010110,72,5108ms
101110101000100000000000000000010100,010001000000001010000110011010000000,000000010010010101001001000000001001,000000000101000000110000100101100010,108,23025ms
011001100000000000010000111000000001,000100001101000011000000000001110000,000000010000010100101110000100001000,100010000010101000000001000010000110,116,46087ms
011110001010000011100000000000000000,000000010101100000000100000110100100,000001000000001100011000100001001001,100000100000010000000011011000010010,98,6427ms
101111111100000000000000000000000000,000000000010010100110010001010000100,010000000001001011001000010100010000,000000000000100000000101100001101011,177,59ms
101101110000000001100001000000000000,010000001010100100000000100101000010,000010000100001000011000010000101100,000000000001010010000110001010010001,133,5333ms
001001001010000001000001000011001000,010010000000010010100100001000000011,000000010101001100001010010000100000,100100100000100000010000100100010100,43,5478ms
011010110001000001010000001000000000,000000000010100110000000110010011000,000100000000001000101010000001100101,100001001100010000000101000100000010,94,16109ms
101010101000000011000000010010000000,000101000001000000011010000101010000,010000010000110000100001000000101001,000000000110001100000100101000000110,127,7233ms
111110010000010100000000100000000000,000001101010000000000100010010100001,000000000101101010000000001100010010,000000000000000001111011000001001100,177,2465ms
100100011110000000000000110000010000,000001000000000110011010001000100001,000010100000011000000001000111000100,011000000001100001100100000000001010,133,1039ms
110111100000000010000000010010000000,000000000001010100010011001000000101,001000011100100000000000100000101010,000000000010001001101100000101010000,168,2648ms
110100111001000000000001010000000000,000001000010010001010100000001001010,000010000000101110000000100110010000,001000000100000000101010001000100101,114,2100ms
000100101000101011000000000110000000,100010000010010000010011100000000100,010001000100000000100100010001100001,001000010001000100001000001000011010,100,5686ms
010010001000000010000111001000100000,100000000010001000000000000110011110,000001010100010101100000010000000001,001100100001100000011000100001000000,64,65708ms
101100000010010000001100101000000000,000000100000001010100001000111010000,010011000000100000000010010000101100,000000011101000101010000000000000011,139,3515ms
101001010010100100000001000100000000,000100000000001000100110110000001001,000000101100000001011000000010100100,010010000001010010000000001001010010,157,200ms
111011010010000000000000100010000000,000000000001100110100001001000000110,000000001100011001000010000000110001,000100100000000000011100010101001000,142,8288ms
001110110001000001000000000010100000,010000000000000010010011110100000100,000001001000111000001100000001010000,100000000110000100100000001000001011,68,9301ms
100011111000000000000010100000000100,000100000101000010001001010010000001,010000000000100000110100000001110010,001000000010011101000000001100001000,157,243ms
100010110010000010000001001001000000,001000000000110000110100010000100001,000000001100000100001010000110000110,010101000001001001000000100000011000,116,1638ms
110111011000000000000000001000000010,000000100000000011010101000101001000,001000000000100000101010010000100101,000000000111011100000000100010010000,177,410ms
000001000010000000110011001000000101,001010000101000011000100000001001000,010100110000110000000000000000110010,100000001000001100001000110110000000,66,16828ms
110010010101000000000000010010000010,001100001010000110000000000100010100,000001000000100001001011000001101000,000000100000011000110100101000000001,106,27091ms
100000110010100100100000000001000010,010000001100000000001010011000101000,001100000000000011010100100000000101,000011000001011000000001000110010000,93,2864ms
000110011000101000000000100001000010,010001100100000000000001000010010101,100000000011000010110000011100000000,001000000000010101001110000000101000,121,6534ms
000011110110010010000001000000000000,010000000000100100100010001110000100,001100001001000000001100000001101000,100000000000001001010000110000010011,81,18652ms
110110010010000000000000001000001100,000000001100100000011000000111000001,001001100001000110000001000000100010,000000000000011001100110110000010000,137,9827ms
000101101000000100000000000000110011,000010000010010011100000011000000100,101000010000001000010001100110000000,010000000101100000001110000001001000,157,909ms
101101011100000000000100000000000100,000000000011110100000010000100001001,000010000000000001011001000010110010,010000100000001010100000111001000000,116,7597ms
111010110000000000001000000001000001,000101001001100010000100000100001000,000000000010011101000011001000100000,000000000100000000110000110010010110,110,112584ms
010110001100000001000000000000001110,100000000001100100001001000100100001,001000100010010000110100100000010000,000001010000001010000010011011000000,117,9853ms
011110111100000000000000100000000000,000000000001100001011110000000100001,100001000010001000100001010000001010,000000000000010110000000001111010100,177,153ms
101001111100000001001000000000000000,000010000000000010100010100111000010,010100000001010100010001000000110000,000000000010101000000100011000001101,141,2289ms
110110000101010000000000010000000010,001000001000000001000010100010100101,000000010000101100111000000100010000,000001100010000010000101001001001000,177,167ms
010101111010000000000000100010000000,001000000100010110001000010000000101,000000000001100000100110001001101000,100010000000001001010001000100010010,84,17335ms
010011111000000000000000000011000100,100000000001001100001000100000011010,000000000010110000110010010100100000,001100000100000011000101001000000001,96,22389ms
101011110000000100000000000001000100,010000000101101010100000100000000010,000100001000000001010011000010011000,000000000010010000001100011100100001,123,9021ms
001010100000100100010000000010001010,000101011000000001100000101000000100,010000000010000000001101010000110001,100000000101011010000010000101000000,32,12322ms
010001011100000100101001000000000000,000110000011000001000010000110001000,001000000000110010010100010000100100,100000100000001000000000101001010011,109,24187ms
110101011000000000000000000000011001,001010000000001000010110100001000100,000000000001110100100000001110000010,000000100110000011001001010000100000,157,2583ms
100111000000001001001000000000001010,011000000011010110000000100000100000,000000100100000000110010010101010000,000000011000100000000101001010000101,160,2264ms
010110110000001000000001000100010000,000000001011000100000010000001100110,000000000100000001011100100010001001,101001000000110010100000011000000000,105,83857ms
011000000100010001000100001010010000,000001100001001000011000010100100000,000100000000000110100011100001001000,100010011010100000000000000000000111,44,3598ms
101000110000000000101000100000010010,010000000001011000010101001000100000,000111001010000110000000000001000001,000000000100100001000010010110001100,165,17857ms
111111010100000000001000000000000000,000000000011000000000101110000101001,000000001000100110000010000011010100,000000100000011001110000001100000010,161,681ms
110011101001100000000000001000000000,001000000000000000011000110001011001,000000000110010111000101000010000000,000100010000001000100010000100100110,157,11436ms
110000000110000010000100100110000000,000010100000100000010010011000010001,001100000001001101100000000000001100,000001011000010000001001000001100010,157,57ms
101101001000001000010000101000000000,010000000000110001000101000000100101,000000000111000100100000010100011000,000010110000000010001010000011000010,157,1677ms
011010000111010000100000001000000000,000001100000000110001010000000101100,000100000000101000000101000111000001,100000011000000001010000110000010010,116,3485ms
100001001010000000000000000111000101,010000010000101100010000100000011000,001110100100000011000001010000000000,000000000001010000101110001000100010,152,24386ms
110111001000100000000000000000001100,000000110001001001010010001000000010,001000000100000000101101000111000000,000000000010010110000000110000110001,177,85ms
010110100010000001000000010010000001,100000001000001010000000001000111010,000000010101000000100101100001000100,001001000000110100011010000100000000,111,8813ms
000111110010000000000000100000001010,000000001000000001110101001001000100,101000000001000110000000000110010001,010000000100111000001010010000100000,177,3621ms
001000001010100010010100000011000000,000010000001000101100010010000100100,000001100100011000001000100100001000,110100010000000000000001001000010011,32,3410ms
110001111001000000000010010000000000,000000000100000111011000000010011000,001110000010011000000001100001000000,000000000000100000100100001100100111,161,5017ms
010000110110000000001000010010000100,000100000001010001000001101100000001,101001000000001100000000000001101010,000010001000100010110110000000010000,157,3797ms
001011011000100000000000001010000100,000100000001000000000011000100111001,100000100010010000110100110000000000,010000000100001111001000000001000010,157,9735ms
011100100010000010000000000000001110,000000000000101000101011001000100001,000010000001010101000100100011000000,100001011100000000010000010100010000,63,7636ms
101010011000100000000110100000000000,000100000001001010110001010000001000,010001100000000100000000001011100010,000000000110010001001000000100010101,157,8579ms
100011010011010000000000000001100000,000100100000101000001000000110000110,011000001100000000110100000000001001,000000000000000111000011111000010000,157,1740ms
000000000100000100110111000100000100,000101000001000011001000001000100010,100010010010110000000000100001001000,011000101000001000000000010010010001,105,12119ms
110000100000110000101000001000001000,000101000000001001000001010001000101,001000011100000010000100100110000000,000010000011000100010010000000110010,157,20ms
001000111000000001001000011000010000,000111000100000010010100100000100000,100000000010000000100010000001001111,010000000001111100000001000110000000,96,28916ms
011000110000000100100001001010000000,100000001000100010000000010000111010,000101000101001001000010100001000000,000010000010010000011100000100000101,99,13216ms
111100011001000000000000000000000110,000001000100000000110010001001100001,000010000010010010001001010110000000,000000100000101101000100100000011000,157,67ms
011000011000000110000001010000001000,000000000010100000010010001110010001,000011100101000000100100100000100000,100100000000011001001000000001000110,92,10669ms
001011001010000110000000000001000010,100000000001101000000010011000010100,010000100100010000011000100100000001,000100010000000001100101000010101000,115,27833ms
001101000000000010000100100010010100,000000000000000101011010001001100010,100010100011110000000000000100000001,010000011100001000100001010000001000,125,19119ms
000100111000000000010000110010001000,000000000010011010100010000000110100,111000000001000100001001000001000010,000011000100100001000100001100000001,136,2565ms
101000101000100000010000011000001000,010101000000001001000000000010100101,000000000101000100101010100001010000,000010010010010010000101000100000010,102,41986ms
011011101000000000100001000001000000,000000000000000110000110011000011001,000000000010111000001000100100100100,100100010101000001010000000010000010,107,30194ms
011010111011000000000000000000000010,000000000100000101011000110001100000,000100000000000000100110000110010101,100001000000111010000001001000001000,119,6037ms
101010110000010100000100000000001000,010101000000001000000001100000110100,000000001000000011000010001101000011,000000000111100000111000010010000000,104,8174ms
110110101001000000000000011000000000,000001000100000000011001100110000100,000000010000001011100100000000110001,001000000010110100000010000001001010,152,2466ms
001010010010110000000010000010000010,100000101000000010001000100100010100,000001000000000101100001010001001001,010100000101001000010100001000100000,36,6178ms
001101110010000000000000001001000001,110000000000100110000100010100000010,000010001100000000110001100000101000,000000000001011001001010000010010100,73,1729ms
000010101000000000001010011100001000,100001010001000010100001000010000001,010100000100011001000000100001100000,001000000010100100010100000000010110,81,7692ms
101100100000001000110100000000000100,000000011101000000000000000010011011,000000000000110011001011001000100000,010011000010000100000000110101000000,103,57143ms
111010000100011000000000000000011000,000100000010000110010001100100100000,000001110001100000001100000010000010,000000001000000001100010011001000101,151,1288ms
101111101000001000010000000000000000,010000010111010100000000000000011000,000000000000000000101100001101100110,000000000000100011000011110010000001,153,100661ms
011111111000000000000000000000010000,100000000100100100000010110011000000,000000000011001000000001000100101011,000000000000010011111100001000000100,133,18275ms
110110001000000000010000000011000001,000000000100010011001000000100011010,000000110000100100100010010000100100,001001000011001000000101101000000000,161,15735ms
111000011000000000000100001000100001,000010000000101001010001000010010010,000001100100000010101000010001001000,000100000011010100000010100100000100,157,268ms
111101111000000000000000000000000001,000010000001000000110001100101010000,000000000010110000000110001010100010,000000000100001111001000010000001100,146,1646ms
100101111001000000010000000000100000,001000000000110000000100010010001110,010000000110000100101010001100000000,000010000000001011000001100001010001,157,56ms
111000100000001000001110000000010000,000010000110100000100000010001101000,000001011001010100000001000000000011,000100000000000011010000101110000100,126,2799ms
001110101000100010000000000100100000,010000000100001001110011000000000100,000000010010010000001000110001010001,100001000001000100000100001010001010,87,19294ms
101110100000010100000000001010000000,010000011011000000000110100000000010,000000000100001011001001000100101000,000001000000100000110000010001010101,137,18026ms
001011100000000110010101000000000000,110100010001110000000010000000000010,000000001010000001000000000101111100,000000000100001000101000111010000001,44,87887ms
000011100000101000100000000101000001,011100000100000000011000100000010100,000000011010000111000110000000001000,100000000001010000000001011010100010,26,4089ms
001100100110000100000010000000000101,100010000000000010110000011110000000,010001000001101001000000100001000010,000000011000010000001101000000111000,69,6634ms
011010011000100000001000000010010000,000001000000010001000010110101000100,100100100001001100010001001000000000,000000000110000010100100000000101011,157,4324ms
100010111100000000001100000000100000,010101000010000000010000000011001100,001000000000101001000011011000000010,000000000001010110100000100100010001,74,23239ms
010010110000000001001110000000000001,100000000000111000000001101001100000,001001000110000100000000000110011000,000100001001000010110000010000000110,116,8308ms
101100110000000000010100001100000000,000010001100001010000000100010100010,010000000001100001000000000001011101,000001000010010100101011010000000000,125,162703ms
011001101100000000000100110000000000,000010010000001001001001001010010000,000100000000110100100010000001100001,100000000011000010010000000100001110,106,3202ms
101111001000001000000000100000000010,000000010100000000111011010000000001,000000100011010100000100001000100100,010000000000100011000000000111011000,132,9229ms
000111101100001000010000000000000001,000000000000110011000100010000110010,001000010011000100001010000010001000,110000000000000000100001101101000100,79,5208ms
011000001000011000101000000100000001,000010000010000101000101010010000010,000101110001000000010000101000001000,100000000100100010000010000001110100,106,13788ms
111111101000000000010000000000000000,000000010010111000001100000001000001,000000000100000010100001010000011110,000000000001000101000010101110100000,177,119ms
000101100000101000000000000010010101,011010001100000110010000000000100000,100000000011010000101100100000000010,000000010000000001000011011101001000,83,80991ms
100010010001000010000010001010010000,000001000000001000110100010000001011,000100100110010000001000100001100000,011000001000100101000001000100000100,88,3320ms
111111011000000010000000000000000000,000000100110001100001000000111000000,000000000000110000000011110000101100,000000000001000001110100001000010011,161,88800ms
001110000010101000010010000000000010,000001011000000010001000110001100000,000000000001000101000101000100011100,110000100100010000100000001010000001,61,11018ms
010101011000000100100010000000100000,000000000100100001010100000001000111,100010100000010010000001001100010000,001000000011001000001000110010001000,157,1403ms
111010011000000010000000000000010100,000000100110001000011001001000000010,000101000000010000100110000010101000,000000000001100101000000110101000001,151,1570ms
010010111000000000010001100000010000,000100000000000001100100001100001110,100001000010110000001000000001100001,001000000101001110000010010010000000,139,11980ms
101000100110001010001000100000000000,010011001000100100000010000100000010,000100010000010000010100000011101000,000000000001000001100001011000010101,113,24448ms
100000001110000000110000110100000000,001001000001001001000000001000001011,010000010000010000001101000011000100,000110100000100110000010000000110000,145,264ms
010001010000000011001100000000011000,001010100100110000010010100000000000,000000000000000100100001001110100110,100100001011001000000000010001000001,41,29289ms
110010110001000000000000000100010010,000101000100000110000100001000001001,000000001010111000010001110000000000,001000000000000001101010000011100100,137,8664ms
