build/simulation
011001110001000100001001000000000000,100100001000001010000010000100100001,000010000110100000010100000000010110,000000000000010001100000111011001000,88,16502ms
001101001110000000100000100000010000,010000010000000010000100010101101000,100000000000101100000001001010000110,000010100001010001011010000000000001,130,5808ms
001010001010100010011000000000010000,100001000000011000100000110000001100,000000010001000000000111000110100001,010100100100000101000000001001000010,45,8286ms
011100110000100001010000100000000000,000000000000010100000101010111000100,100000000010000010101000001000011010,000011001101001000000010000000100001,157,5398ms
111011010000010100000000000010000000,000100100000100000110101000000010100,000000000011001000001000000100101011,000000001100000011000010111001000000,157,3950ms
110111101000010000000000000000000100,000000010000100101010100001100000001,000000000001001010001010100001110000,001000000110000000100001010010001010,139,4513ms
101101101010001000000000000001000000,000000010000000010000110001010011010,000010000100100100101000100100000001,010000000001010001010001010000100100,157,70ms
011000111000000000001000100000000110,100010000110000001000001000010001001,000001000000011110100010000100100000,000100000001100000010100011001010000,94,5503ms
010011110010000001100000100000000000,001000001001001000000001000010001011,000000000100100000001110011000110000,100100000000010110010000000101000100,105,12660ms
000010101000100100000111000010000000,001000000100000000100000100101010110,110001010011000000000000000000101001,000100000000011011011000011000000000,142,43698ms
000101100000011000000001000010100001,010000001100000011001100100000010000,101010010001000000000010000001000110,000000000010100100110000011100001000,94,22508ms
100000011010001100000000110000001000,000110000101000010110100000000100000,010001000000000000000011001010010110,001000100000110001001000000101000001,88,20143ms
100011100000000000100100001001000001,000100000001010110010001100000010000,011000001100000000000010010110100000,000000010010101001001000000000001110,157,89ms
001011111000000000000000001001010000,010100000000100101001100100000000100,100000000011000010000011000010001010,000000000100011000110000010100100001,113,19438ms
101011100000100001000100000000010000,010000000010001010010000011010100000,000000010101010100001000000001001100,000100001000000000100011100100000011,157,10650ms
111000100000011000010000001000010000,000000010100000001001010010100100010,000101000010100100100000100011000000,000010001001000010000101000000001101,133,317ms
010000011100000110001000100000000100,000010000011000000010001000100101010,001000000000101001000010000011010001,100101100000010000100100011000000000,48,36485ms
110111100000000000010000010100000000,001000001110010100000101000000000010,000000000000001011100010101010001000,000000010001100000001000000001110101,177,282ms
110100000110000011000000000001100000,001000000001001000100011010000001010,000001011000010000000100100100010001,000010100000100100011000001010000100,157,276ms
101111100001000000000000100000000001,000000010000001011001100000010010100,010000001010000100110000001000100010,000000000100110000000011010101001000,177,223ms
101110000000000100010000010001000100,010000001110000000100000100010101000,000001110001001001001110000000000000,000000000000110010000001001100010011,123,28254ms
101100010010100000000011000000000001,010000101001000000101000100001000010,000010000100010001010000010000101100,000001000000001110000100001110010000,104,2701ms
101000011000001000000001011000000100,000011000010010011000010000100010000,000000100100100000010100000010101001,010100000001000100101000100001000010,103,5221ms
101010100000000100000010000010001010,000000000100010000001001111100100000,000001011001101001000100000000010000,010100000010000010110000000001000101,99,4172ms
011001100010000000000010010010010000,000100011101010000010001000000000010,000000000000101000100000100101001101,100010000000000111001100001000100000,82,16621ms
001111010101001000000000000100000000,010000000000110100000100100001100010,100000001010000011100000010010001000,000000100000000000011011001000010101,177,302ms
001010000010101010100100000001000000,110000010000010000000011100010000010,000101101000000001001000000100101000,000000000101000100010000011000010101,71,9920ms
101001100000001010010000000000001100,010000010000000001001010000001110010,000100001001000000100101011100000000,000010000110110100000000100010000001,140,1409ms
000010111100011001000000000000000100,100001000000000000001000011001100011,011000000001000100000001100010011000,000100000010100010110110000100000000,86,35165ms
001110100000000010100000001000001100,100001000000001000000011100100110000,000000000000100101010100010001000011,010000011111010000001000000010000000,61,12317ms
101010110100000010001000000100000000,000000001000101000010000100010011001,010001000011000001000001010001000010,000100000000010100100110001000100100,157,79ms
010001001000000001100001100010001000,000100000101010000011100000100000010,001010010010001000000000000001110001,100000100000100110000010011000000100,95,10410ms
100111000000100100000100001010000000,001000010000001010000000010001110010,010000000001000001101010100000001100,000000101110010000010001000100000001,134,2570ms
111010010000000100010000000010000010,000000101000000000000101100100010101,000101000000111010000010000001001000,000000000111000001101000011000100000,123,9124ms
011110001000000011000000000000010010,000000010101110000000100100010100000,000001100000000100110010010001000001,100000000010001000001001001100001100,111,2010ms
000000110010011000010101000000001000,110001000100000100000010010000000110,001100000000100011101000100010000000,000010001001000000000000001101110001,15,2331ms
000101110000100000001001100000000010,001000001010010001000000001111000000,010010000100000010010100010000101000,100000000001001100100010000000010101,68,9086ms
111110011000000100010000000000000000,000000000000000011101000110010010010,000000000011101000000110000101001000,000001100100010000000001001000100101,157,4647ms
110101011000000000000011000000000001,001000000110000100101000110000000100,000000000001110010000100001001011000,000010100000001001010000000110100010,115,11434ms
100000111000110100000000000110000000,001000000010000010011100100001100000,010011000100000001000001000000000111,000100000001001000100010011000011000,157,32ms
101000001010000000000000000011011001,010000100000011000001010010100100000,000000000101000011100101001000000100,000111010000100100010000100000000010,105,19501ms
011110101000010010000010000000000000,000000010101100000110000000100100001,100001000010001000001101001000001000,000000000000000101000000110011010110,177,511ms
000011110000000000100010110000000001,010000000011011001001001000000001000,100100001100100000000000001001010010,001000000000000110010100000110100100,157,4218ms
101010011000000010011010000000000000,010000000011100100100100010000000010,000001100000010001000001100011001000,000100000100001000000000001100110101,117,5721ms
000011111000000000100110000010000000,101100000000110000000001100001000100,010000000111000011010000001000000010,000000000000001100001000010100111001,91,18174ms
000111000100101000001000000001000010,001000001000010100000011100010000100,100000100000000001010100000100011001,010000010011000010100000011000100000,141,5678ms
110111001000001000000000000010000010,000000010001000001010101101000010000,001000100010000110000000010101100000,000000000100110000101010000000001101,177,72ms
110000011010000100000000010001010000,001000000000001010000100001110001100,000110100100110000011000100000000000,000001000001000001100011000000100011,177,558ms
110001101000000010000100000010000100,001010000100100000100001010000001001,000000000010001100010010001101100000,000100010001010001001000100000010010,143,1472ms
110010100010000100010000100000001000,000000010000000011000100011010010001,000100001001001000101000000001000110,001001000100110000000011000100100000,137,253ms
001100001000010010100000000100100001,000000000110100000010001010011001000,010011010001000000001010000000000110,100000100000001101000100101000010000,99,5022ms
110010011010000000001000000000000101,000101000000001110100000110000001000,000000100000100001010010001101010000,001000000101010000000101000010100010,127,2261ms
110011110000000000000001000000011000,000000000000100101010110010000100100,000000001010000000101000100101000011,001100000101011010000000001010000000,157,551ms
001100000000100001110000000110010000,010001001010001000000010010000000101,000000100001010010001001001000001010,100010010100000100000100100001100000,45,228ms
111100101001000010100000000000000000,000011000000011100010011000010000000,000000000000000000001100011101010101,000000010110100001000000100000101010,136,7490ms
010011000001001000000100110000100000,000000110000000100100010000100011001,101000000100010011010000000011000000,000100001010100000001001001000000110,141,912ms
111001001100010010000000000000010000,000010110000000100101000100100100000,000000000001101001010100010010000010,000100000010000000000011001001001101,157,2507ms
100100111000000010000010000000001001,000000000110101000110001000010100000,010011000000000001001000101000000110,001000000001010100000100010101010000,115,2900ms
010010110010010001010000100000000000,000000001000001110001000000101010001,001101000100000000000101011000000100,100000000001100000100010000010101010,106,19915ms
010011101000000000000100000011100000,000100000100010000110000101000010100,000000010010100111000010010000001000,101000000001001000001001000100000011,62,5509ms
010010011000001110010000100000000000,100000100011000000000101001000110000,000101000000110000000000010101001001,001000000100000001101010000010000110,65,10205ms
111000011001101001000000000000000000,000000100110010000000001001000011010,000001000000000000100100100111100100,000110000000000110011010010000000001,151,6551ms
110111000000000000001000100101000000,001000010011001000000100001000001010,000000100000110101000000010000110100,000000001100000010110011000010000001,144,2379ms
111110100100010000000001000000000000,000000001000100001110000001000101100,000001000010000010001100110010000010,000000010001001100000010000101010001,165,211ms
111111010110000000000000000000000000,000000100001001010100001000010100100,000000000000100100000110011101000010,000000001000010001011000100000011001,177,28ms
100011111000000000100010000100000000,000100000110110100010000001000100000,011000000001001000000000110000001011,000000000000000011001101000011010100,157,49ms
000101011001100001000100000000010000,001010000100000000110011000100000100,110000100000011010000000000011000001,000000000010000100001000111000101010,131,7136ms
010101111001000000000011000000000000,000000000000001001101000000010110110,000000000010010100010100011101000000,101010000100100010000000100000001001,58,30052ms
111001111100000000000000010000000000,000100000010101001100001100010000000,000010000000000110000010001000100111,000000000001010000011100000101011000,142,311ms
000110111000001000010000000000100010,000000000110010000000001010110000101,100001000001000001100000101001010000,011000000000100110001110000000001000,118,3624ms
100001000001100000100111000000100000,011100101000000010010000000100000001,000010000100011101000000110001000000,000000010010000000001000001010011110,72,8639ms
101010111000100000001000000000000010,010001000000011000110000011000000100,000000000001000101000110100001010001,000100000110000010000001000110101000,91,22040ms
100110000001100000001000001100000010,011000000000001100010001010000010001,000000010000000010000010100011101100,000001101110010001100100000000000000,68,7710ms
110010001110000010000000000101000000,000000100000010101011010001000010000,000000010001000000100100010010000111,001101000000101000000001100000101000,146,577ms
001111011110000000000000010000000000,000000100000000101000101000001010101,110000000001000000011000100010101000,000000000000111010100010001100000010,177,104ms
110000000001000000000001110010100001,001110000000000101001000000001001010,000001011000001000110010001000010000,000000100110110010000100000100000100,111,5806ms
010001000000000100011110010001000000,100100010100100001000001000100000001,000000001000001010000000101010010110,001010100011010000100000000000101000,16,672ms
000000101000101110000100010000000010,011100010100010000000000000001100001,000011000011000000111001000100000000,100000000000000001000010101010011100,0,2344ms
001101101100010001000001000000000000,000010000001000000010000111001010100,110000000010001110000000000010100010,000000010000100000101110000100001001,157,2269ms
000110101100000000000000011011000000,000001000000101000010010000000111010,001000010011000000101100100100000000,110000000000010111000001000000000101,112,1058ms
110001011000000000010000010101000000,000010000001000110100100000000101100,001000000100110001000000101000010010,000100100010001000001011000010000001,141,593ms
010100000100000100001001100100000010,001010110000001000000000010011001000,000001001010010010100100000000100001,100000000001100001010010001000010100,66,3447ms
000100000000001010010011000000100101,000000010100010001001100011010000000,011010000000100000100000100001010010,100001101011000100000000000100001000,34,6251ms
001000100000100000110000010001101000,010100000100010011000000100000000101,100011001000001000000100001010000010,000000010011000100001011000100010000,121,2189ms
001001101000001000000000001010000110,000100000110100010100000000001010001,110000010000010101001010100000000000,000010000001000000010101010100101000,132,17752ms
011001111100000000000010000000000001,000000000001010101101001000010010000,100010000000100010010000011100001000,000100000010001000000100100001100110,157,150ms
011010011011010100000000000000000000,000000100000000000011100010010100101,100100000000001000100011000001010010,000001000100100011000000101100001000,143,16092ms
101110010000100100001010000000000000,000000100101010001000100000001010100,010001001010000000110001100010000000,000000000000001010000000011100101011,177,257ms
111101010010000000000010000000000010,000000000101100100100000001101000100,000010000000000010010001110010010001,000000101000011001001100000000101000,134,1387ms
101111011000000000001100000000000000,010000000110100011000000100110000000,000000000000011100000011010000010101,000000100001000000110000001001101010,146,1055ms
111100011000000000000000001000000101,000010100010100000101001010000100000,000001000000011101000100100000001010,000000000101000010010010000111010000,115,7585ms
101100011000000100000000000100010010,000000000000110000111100000001101000,010011000111001000000001100000000000,000000100000000011000010011010000101,157,720ms
111101011000000000000000101000000000,000010100001000000000011000010110100,000000000000011100101100000000001011,000000000110100011010000010101000000,157,391ms
001101111000000000101000100000000000,010010000000010010010000000011100100,000000000110000100000100010000011011,100000000001101001000011001100000000,86,35949ms
101001101010000001000000000000010010,010010000000001100000001000010100101,000100010001010000010010110000001000,000000000100100010101100001101000000,111,26457ms
010110101000101000000001000000100000,101000010010000011000000000001010010,000000000000000100000110110010001101,000001000101010000111000001100000000,54,25233ms
011110010110000000100000000000100000,000000100000100100011010000001011000,000001000000011011000001000110000001,100000001001000000000100111000000110,139,744ms
101100110000000010100000000001010000,000011001100110000001110000000000000,010000000011001100010000010100001000,000000000000000001000001101010100111,157,5073ms
001001111010100000000010000010000000,000010000001000100010101001100000100,100100000000010010100000110000010010,010000000100001001001000000001101001,128,2000ms
110000010001000000010110000010000001,000001100110000010000000010100001010,000110000000000001101001000001110000,001000001000111100000000101000000100,154,1506ms
101001110000100000000001000010010000,000110000000001000001110011000000001,010000000111000100010000000000101010,000000001000010011100000100101000100,157,2675ms
110010000001000001000010100000011000,000100100000001000100100001010100010,001001001000010000011000010001000001,000000010110100110000001000100000100,109,9207ms
010110110011000100000000000000000100,000000001000100010011000010001101000,101000000000010000100100100010010010,000001000100001001000011001100000001,177,648ms
001110010000000000000001000000011110,000000001001000010000100101110000001,100001000110001100000010010000100000,010000100000110001111000000001000000,133,4895ms
011101101000000000000000000011001000,000000010000001110001110010000010000,000010000101110001000000001100000100,100000000010000000110001100000100011,116,12891ms
110001110000000000010011000000000010,000000001110000010001000011000101000,001010000001011100000000000001000101,000100000000100001100100100110010000,136,5544ms
111111000000100000000000001001000000,000000000011011001100010010000000010,000000010000000110010000100110001100,000000101100000000001101000000110001,177,873ms
001000011000010100101000000011000000,110010100000000010000000001000011010,000100000001101000010100100000000101,000001000110000001000011010100100000,21,831ms
010101011000000010010000100000000100,001000100011000100100000000001100001,000000000000110001000101010010001010,100010000100001000001010001100010000,55,6628ms
100001101010001000001011000000000000,000000000000100100000100100010011101,010100010000010011010000000100100000,001010000101000000100000011001000010,136,5243ms
010110000100010100000000101010000000,000000100011001001001010000001000100,000000001000000000010101010000111010,101001010000100010100000000100000001,70,5160ms
100100101100000010000101000000000001,000011000010000001101010000000001010,000000000000000100010000111011010100,011000010001111000000000000100100000,77,24409ms
100011000001010000000001000001001010,001000100110100000001000001110000000,010100001000000101110000000000100100,000000010000001010000110110000010001,130,310ms
111010111000000000011000000000000000,000000000010110000000011101100100000,000100000100001110000000000011000011,000001000001000001100100010000011100,157,710ms
010011010100001001000000100000010000,000000000001000110010010011001100000,000100100010110000101000000010001000,101000001000000000000101000100000111,98,17468ms
110111010000000000000000111000000000,000000001011110000100010000000010001,000000100100000111000100000101001000,001000000000001000011001000010100110,152,1369ms
011010000000000011111001000000000000,000000010110001000000010100110001000,000101101001010100000000000001000010,100000000000100000000100011000110101,95,73358ms
011010110000100000010000000001000001,000001000000010011000000000110101010,100000001000000000100101111000010000,000100000111001100001010000000000100,157,11722ms
111100001001000001000000000001100000,000010000000010010010000001000011101,000001110110001000001100100000000000,000000000000100100100011010110000010,157,1369ms
001111110000010000010000010000000000,000000000000100100001010100000001111,000000000111001001100100001000010000,110000001000000010000001000111100000,119,32823ms
011001011010010000000000000100010000,000000000101001001100000011000000011,000110100000100000010011000000100100,100000000000000110001100100011001000,112,21273ms
000100100000101100000000000001010101,000000011111000010000000001000101000,000010000000000000100111010110000010,111001000000010001011000100000000000,21,159744ms
110110011000000000000100000010000010,000000000001100100001000000100101101,001000100110001001010000000001010000,000001000000010010100011111000000000,177,8153ms
101101000000010000000100110000000100,000000100101100000010010000001110000,000010000000001111001000000010000011,010000011010000000100001001100001000,76,4626ms
011011011000000001000000000100010000,100000000010001100001001000001001100,000100000100100010100100010010100000,000000100001010000010010101000000011,121,997ms
011110111001000000000000000000000001,000000000010000101010100100010110000,100001000100111000000011010000000000,000000000000000010101000001101001110,177,1048ms
110000101010111000000000000000000001,000010000000000000000100111100110010,000100010000000010101001000011001000,001001000101000101010010000000000100,127,44948ms
110101110000001000000000010000010000,000010000001000000100010100100001101,001000000010110000010100001001000010,000000001100000111001001000010100000,142,1466ms
100110010000000010000000001001110000,000000000100000100100001100000001111,010001001010100001010100010000000000,001000100001011000001010000110000000,145,20133ms
010100010000100001001100000000110000,100000000010001110000010011001000000,001000101000010000110000100100001000,000011000101000000000001000010000111,94,27602ms
000100101000000000100001011000101000,100001010000110001000000000000010101,011000000100001010000110000110000000,000010000011000100011000100001000010,78,9479ms
001001100010001000000001000010000110,010000000001010010010100010101000000,100110000100100000001000001000010001,000000011000000101100010100000101000,140,684ms
000001000000100100000000100100011011,001000001101000000001110000001000100,100110110000000011000001001000000000,010000000010011000110000010010100000,121,7119ms
111001010100001000000000000001001000,000110000010000100000000110000110001,000000101000100011011001000000000010,000000000001010000100110001110000100,136,2793ms
110110111010000000000000000100000000,000001000001000000100101000011100100,000000000100011100011000101000000010,001000000000100011000010010000011001,177,85ms
001010010001100100010000000001010000,000100001000000001101000000110000011,100001100100000010000011010000000100,010000000010011000000100101000101000,118,6522ms
111110110000000000000010000000010000,000000000001000101101000000101101000,000000001100100000010101110000000100,000001000010011010000000001010000011,139,1723ms
111110111000100000000000000000000000,000000000011010000000100010011001100,000000000100001001010011100100010000,000001000000000110101000001000100011,177,295ms
011001101000000000001000101100000000,100010000000011000100000000011011000,000100010000100001010111000000000010,000000000111000110000000010000100101,107,11397ms
111011011000000000000100000000000100,000000100001001000011000011000110000,000000000000110111000010000111000000,000100000110000000100001100000001011,157,75ms
110110001000000001001000001000010000,000001010110010000010100100000100000,000000100000001000000011010101001001,001000000001100110100000000010000110,153,8526ms
011111000001100100000000000010000000,100000011000001000010101000001000100,000000100000010011000010100100100010,000000000110000000101000011000011001,110,9394ms
001111001000011000000000010000000100,000000100110000110010000000110000010,000000010000100001001000001001101001,110000000001000000100111100000010000,53,4561ms
001010110000010010000000000001001010,100001000010000100101000100000110000,000100000101100001010100001010000000,010000001000001000000011010100000101,59,20907ms
010000101010000000000001110010000010,001001010101001000001000000001000001,100000000000100101100010001100001000,000110000000010010010100000000110100,115,3654ms
001011001000001000000000111010000000,000000000001010100000000000101111100,010100000110000010001001000000000011,100000110000100001110110000000000000,77,67650ms
111010011010000000110000000000000000,000101100000000011000010100000011000,000000000101101100000000001101000010,000000000000010000001101010010100101,157,237ms
011101100001000000001000000110000000,000010010010101000000000010000101010,100000000000010110000100101000000101,000000001100000001110011000001010000,143,1737ms
100100100000000010100000100101001000,000010001000100101000100000010010010,001001000101000000001000001000100101,010000010010011000010011010000000000,134,13937ms
000000100100000010000011001100100010,000010011010100000100000000000001101,101000000001011000011100000001000000,010101000000000101000000110010010000,105,1232ms
110000100101000000100000000100000011,000110000000010100010100100000001100,000001010000100001000011000001110000,001000001010001010001000011010000000,157,446ms
011011001000000010000111000000000000,000100100000000001000000100111100001,100000010001100000001000011000010100,000000000110011100110000000000001010,133,29678ms
110011100010110000000000010000000000,000000010100000010010100001010100010,000000000001000100101001100001001001,001100001000001001000010000100010100,133,20700ms
100111010010000000010101000000000000,000000100100000001001000100001101100,000000000001101110100000010110000000,011000001000010000000010001000010011,146,5457ms
100011001100110010100000000000000000,011000000000000001010000001110010001,000100100000001100001111000000001000,000000010011000000000000110001100110,136,3049ms
110000110000000001101001010000000000,000000000111000110000000000111001000,000110000000001000000110100000100011,001001001000110000010000001000010100,141,17549ms
001100101010001000000000110000100000,010011010000000000010101000110000000,100000000001010101100000000000000111,000000000100100010001010001001011000,88,33844ms
101101100000000100000100000010100000,000000010010001010100000000001011001,000000001101100001000010110000000100,010010000000010000011001001100000010,126,5256ms
011000000100100010000001010000000101,000001001001010101000100000011000000,100000010010000000100010101000001010,000110100000001000011000000100110000,113,1473ms
011111010000000000000000000001010001,100000100111100100000000010100000000,000000001000011011000011100010000000,000000000000000000111100001000101110,107,68008ms
001011011001000100100100000000000000,000000000010001001001011010000000101,110100100000000010010000000001100010,000000000100110000000000101110011000,157,407ms
100010100100010001000000001001001000,000000000000001100010100010110100001,000100000011100000101000100000000110,011001011000000010000011000000010000,94,11667ms
101110110100010000001000000000000000,010001000010100000100000011010100000,000000000000001010010111000000001011,000000001001000101000000100101010100,128,9164ms
111101001000001010000000000000000100,000000100101110101010000000000001000,000010000010000000000000000111110011,000000010000000000101111111000000000,157,10609ms
110011101000000000010001000000100000,000100010000000100001000110010000110,001000000011010010000000001001011000,000000000100101001100110000100000001,130,5366ms
000101010000110001000001000000000110,000000000001001010001010100001101000,101010000100000100100100011000000000,010000101010000000010000000110010001,133,18743ms
110010101000000001100000000000001010,001001000000010000010010000101100100,000100000110100000001100100000010001,000000010001001110000001011010000000,153,2398ms
011001010000010100000000100000001100,100000100000100001010011010010000000,000110000110000000001000001001010001,000000001001001010100100000100100010,98,3441ms
100111011001000000000000000001000010,000000000000000101000100101100101100,000000100100100000011011010000010000,011000000010011010100000000010000001,139,2246ms
010110011000000100001000000001000100,001001000000110000010000100000101010,100000100010000011000001001010010000,000000000101001000100110010100000001,128,15317ms
011110110000000000000001000000000110,000001001001001000101000000001010001,000000000100000101010010100100101000,100000000010110010000100011010000000,116,79290ms
000101001011100000000010000100000010,000010010000000010101000100010100001,001000000000010101000001011001000100,110000100100001000010100000000011000,31,2237ms
111011110000000010000000000000000001,000100001010100000011100100001000000,000000000001010100000000011100010110,000000000100001001100011000010101000,150,8341ms
101010000001010000000101010010000000,000001001110100001100000000000010010,000000100000000110001000100101001001,010100010000001000010010001000100100,105,4589ms
100111111000001000000000000000100000,001000000000100000000100000011011011,000000000111010000100010001100000100,010000000000000111011001110000000000,177,5068ms
001000111000101000000010000001010000,100001000100010100000000101010000001,000100000011000011001100010000000100,010010000000000000110001000100101010,12,9079ms
011000011110100000000000000100000010,100011000001000010000111001000000000,000100100000001100001000010010001100,000000000000010001110000100001110001,115,51691ms
110100110110000001000000000000010000,000000000001010000111000101000100010,000011001000001000000100000110001001,001000000000100110000011010001000100,157,564ms
101100101001000010000000001000001000,000000000100100100110011000000000101,010000010010010001000100010001000010,000011000000001000001000100110110000,119,7384ms
011100000100000100000000001110100000,100000100000011000000111000000001100,000011010010100010101000000000000010,000000001001000001010000110001010001,123,1399ms
001100011000001000010010001000010000,110000000100100000100100010000100010,000011000011000100000000100110000001,000000100000010011001001000001001100,71,5219ms
110101001001100000000000000000011000,000000100000001110011000010000000101,001010010110000001000000001100000010,000000000000010000100111100011100000,157,167ms
101011110001000000000010000100000000,000100000000000001010001101001100001,000000000100101010001000010000011100,010000001010010100100100000010000010,123,3390ms
111100000000000000000100000110010100,000000000011110000100000010000101010,000011010000001110000001100000000001,000000101100000001011010001001000000,152,3822ms
000100001010000101000000000110001100,011000100001110000001000001000000010,000000010100001000010011100001010000,100011000000000010100100010000100001,29,18211ms
011101110001000000000010010000000000,100000000000001100010000000100110101,000000001100010011001001000010001000,000010000010100000100100101001000010,100,7699ms
101011010000100001000010100000000000,000100100110000010011000000001000100,000000000001001000000001011010111000,010000001000010100100100000100000011,89,34588ms
000111010001010000000000000000101100,110000000000000100000000111011010000,000000001010101000011101000000000001,001000100100000011100010000100000010,48,6302ms
111111111000000000000000000000000000,000000000011000000100101010110000100,000000000100000010011010001000011001,000000000000111101000000100001100010,177,83ms
111010000000010000000000000000011101,000000101000000010001001010001100010,000100010110000101100100000010000000,000001000001101000010010101100000000,151,2650ms
110110010000000001001001000001000000,000000000001001100010100110000010001,001001100110110010000000000000000010,000000001000000000100010001110101100,177,7142ms
010111100100100000000000000000001010,000000010000000001011010101010000100,101000001000000110100001000100000001,000000000011011000000100010001110000,177,97ms
001010111000100001100000000000100000,010000000000011100010000010010010100,000101000101000000000010101001000010,100000000010000010001101000100001001,63,2420ms
001010100000000000000101000111010000,000101001010101000101000000000100000,010000010001000011010000110000000001,100000000100010100000010001000001110,75,33168ms
100011010001010001000000100100000000,000100100000000000111000011000100010,010000000000001110000111000001010000,001000001110100000000000000010001101,111,16841ms
110011000011100000001000000000000010,000100000000000100010001010001011001,000000101000010011100100000010000100,001000010100001000000010101100100000,127,1520ms
110101000000010010000000010100000100,000000000110001000011110100010000000,001000111000100101000000000000101000,000010000001000000100001001001010011,128,18610ms
001000110010010001000000001000110000,010100000000100010100000100010001010,000000000101000100001001010100000101,100011001000001000010110000001000000,37,7001ms
110110101000001001000000000100000000,001000000010000000000100011001011100,000000000001010110000011000010100001,000001010100100000111000100000000010,157,2561ms
100010011000000010100110000000001000,000001000110100100001000100110000000,001100000001001000010000010001010100,010000100000010001000001001000100011,123,1009ms
100010001000000100000100010010000110,000000010010111011001000100000000000,010001000001000000000011000001110001,001100100100000000110000001100001000,72,10052ms
110000111001000000000100000000010001,000011000010000011001000010000001010,000100000100101100100011000001000000,001000000000010000010000101110100100,150,1963ms
011100010000110000010000101000000000,000000101011000000000110000001100100,100000000100001100100001000010000011,000011000000000011001000010100011000,157,1366ms
110001111000000001000001000100000000,001100000100001010001100000001000010,000010000010010100010000110010100000,000000000001100000100010001000011101,129,2550ms
011100100010010010000100000000000010,000000000100100101011010000000110000,000011001001000000100001000000001101,100000010000001000000000111111000000,85,16857ms
100110011000010100000001000001000000,000000100100000001000110100000001101,010000000011001000101000010000100010,001001000000100010010000001110010000,150,1133ms
111101111000100000000000000000000000,000010000101001000000110000001011000,000000000000010100010000011010100011,000000000010000011101001100100000100,140,2178ms
111001110000100000000000000000001010,000100001100000010010010001101000000,000010000001011000000001010000110001,000000000010000101101100100010000100,118,15552ms
111110101000000000000000100000000010,000001000001010100000010000000101101,000000010010101001000100010001010000,000000000100000010111001001110000000,143,2894ms
111010100000010010000110000000000000,000001010000001100010001011000100000,000100001100100000101000000010001010,000000000011000001000000100101010101,157,603ms
100100010000001000010011000100100000,001000001000110000100100000000001110,010000000101000011000000101010000001,000011100010000100001000010001010000,129,379ms
111110010000000000001000101000000000,000001100001000000110000000110100001,000000000110100110000101000001000010,000000001000011001000010010000011100,152,1076ms
010000100000100000110001000000001011,001000001100010001001010010001000000,100111000001000010000000001010010000,000000010010001100000100100100100100,142,5141ms
011101000000101000000010100000001000,000000001000000001000100011010010110,100000110101010000101001000000000000,000010000010000110010000000101100001,157,3303ms
010111111000000000100000100000000000,100000000111000001000010010000010100,000000000000001100010100001100001011,001000000000110010001001000011100000,132,4610ms
110101101000000001100000000000001000,000000000100011010011000000100110000,001010000010100100000000010001000101,000000010001000000000111101010000010,143,1052ms
111000110000010000000000000010010100,000001000100000001010001110001000001,000110000001000110001010000100100000,000000001010101000100100001000001010,154,1195ms
111001000000000001100100000011000000,000000110010111010000010000100000000,000000001001000100000001000000110111,000110000100000000011000111000001000,127,8799ms
000110001000110100100100000001000000,001000000000001001011000000110001010,010000010001000000000011101000100001,100001100110000010000000010000010100,67,7419ms
011000010010000101010010000000010000,000110001001110000000000100000001100,000000000000001000100001011011100001,100001100100000010001100000100000010,58,9982ms
101100100110000000000000000100101000,010001000000010000101011101000000000,000000001000000101010000000011000111,000010010001101010000100010000010000,140,51709ms
001110011100000000100000000000010001,000000000000100011000010010110100010,110000000000010100011000101000001000,000001100011001000000101000001000100,177,176ms
100001111000000000100000101000010000,010000000010101001000010010100001000,000000000101010000001101000011000100,001110000000000110010000000000100011,103,5589ms
011010100000000100110010010000000000,100000010110100000000000100100001100,000000001000001010001100001010010010,000101000001010001000001000001100001,100,19714ms
001101011000001100000000010000010000,000000000101000010000011100010000110,110000100010000000010000001100101000,000010000000110001101100000001000001,150,1719ms
100010111000000010100100000000100000,010100000011000000000010010110000100,000001000000111001000000100001011000,001000000100000100011001001000000011,111,1924ms
100100110001000000100000110010000000,010001000000000000010100000001011110,001010000110010010000010000100100000,000000001000101101001001001000000001,140,2197ms
000011100010000000000000110000010101,000000001001100101000110000001100000,110100000000000000100001001110000010,001000010100011010011000000000001000,151,1416ms
011001000110000100000110000000001000,000000100001000000001001100011010010,000110011000001000110000010100000000,100000000000110011000000001000100101,137,3973ms
010011011000000101000010000100000000,000100100000100000101101010000100000,100000000000001010010000101010001010,001000000111010000000000000001010101,139,30835ms
100101001011100000001001000000000000,000000010100001100000010001101000010,011000100000010010000000010000010101,000010000000000001110100100010101000,143,5045ms
010010100010000000001110000010000010,100000010001100001110000000000010100,000101001000000100000001110001100000,001000000100011010000000001100001001,40,1860ms
111101101000000000001000000000000010,000000010001000011000101010000110000,000000000000110100110000001101000001,000010000110001000000010100010001100,157,225ms
000010010001100000001000000001101010,110100100100001000000100110000000000,001001001000000001010010001100000100,000000000010010110100001000010010001,21,18576ms
100000101011000000000010010000000101,000010000100000110100100000010010010,001101000000011000001001000001100000,010000010000100001010000101100001000,80,974ms
100001110000000101000000010000011000,001000000001000000101001100101000010,000010000010100010010100000010100001,010100001100011000000010001000000100,69,11492ms
011111001000000101001000000000000000,000000000110000010110000000010101001,000000110001010000000010001101010000,100000000000101000000101110000000110,107,8587ms
100101101010000000000100000000010001,000000010000010011010000010111000000,000010000001100100001001001000000110,011000000100001000100010100000101000,74,1017ms
000110100011100010001000000100000000,000000000100011101000000010010010100,100001000000000000010010001001101010,011000011000000000100101100000000001,103,165209ms
000010100000000000110110100010000010,001000000000100101001000010000011100,000101000111010000000001001000100000,110000011000001010000000000101000001,33,21328ms
010010000111001000000000000110000100,000101011000000000000100101001001000,101000100000100100001000010000010001,000000000000010011110011000000100010,140,10960ms
111111011000000000000000000001000000,000000100010001010000001110010000100,000000000100000101010010000000011011,000000000001110000101100001100100000,159,2514ms
000011001110100000000001000110000000,101000010001010100000000100000001001,010000100000000011101000000001000110,000100000000001000010110011000110000,101,946ms
010110001000000000001010110001000000,100000000100110010000001000000101001,000000010011001100000000000100010110,001001100000000001110100001010000000,82,160091ms
010111001000000011100001000000000000,000000100001011100010000000000011010,100000000010000000000000111010100101,001000010100100000001110000101000000,146,23267ms
000101101000011000100000000000000011,101000000100000000001000100001110100,010000010010100100000110000010001000,000010000001000011010001011100000000,76,2324ms
101011011010000000000001000000000100,000000000101100000011010001000110000,010100000000010110000000110101000000,000000100000001001100100000010001011,139,697ms
101010101110000100000000000010000000,000100000000101001110000100000100001,010000010000010010000011001100010000,000001000001000000001100010001001110,157,90ms
011110000000100001000001000001001000,100000000010000010001110000110000100,000001110000010100100000100000100010,000000001101001000010000011000010001,83,2667ms
100000100010100001001010000100000010,000100001000000000000101010011101000,001010010000011000100000101000010000,010001000101000110010000000000000101,121,9484ms
101100001001000100100010000100000000,000000100010110001010001010000010000,000010010100001000001100001001100000,010001000000000010000000100010001111,139,2504ms
010101101000100000000000000001001001,000000000001001100100000011100010100,001000000000000011001011000010100010,100010010110010000010100100000000000,63,82093ms
011000001000011000010000000010010100,100000110001100100000100100000000010,000100000110000000000011000101001001,000011000000000011101000011000100000,88,13793ms
110100111001010100000000000000000000,000001000110000000001001010100100010,000000000000000011100000101011010100,001010000000101000010110000000001001,137,2842ms
001000101000000101001100000010001000,000000010001000010000000011100110100,100101000100000000110010000001000010,010010000010111000000001100000000001,139,962ms
011000100000010011001000000000010001,000001000100001000100001001100000110,100110001000100000000100100001100000,000000010011000100010010010010001000,137,4439ms
000110010001001000001000000000101100,100001000000010011100100001000010000,011000001000100000000000110010000011,000000100110000100010011000101000000,73,4943ms
100101111010000000101000000000000000,000000000000100111000001110000001100,000000000100011000010010001001000011,011010000001000000000100000110110000,130,5304ms
001101110010100000001000000010000000,000000000000011000100101000101100100,100010001001000001000000111000010000,010000000100000110010010000000001011,98,7657ms
010101000000100000001101010000001000,000000000001010110010000101100010000,000010011110001001000000000010000010,101000100000000000100010000001100101,79,156725ms
011101001000001000001010010000000000,100000000110010001010100000001000010,000000100001000000000000101110101100,000010010000100110100001000000010001,81,14051ms
111110000000100000000000010000001100,000001000010001111010100001000000000,000000101001010000000010000011000011,000000010100000000101001100100110000,142,10934ms
101111001000001001000100000000000000,000000100010110000000000010011001001,010000010001000100110001001000010000,000000000100000010001010100100100110,177,1204ms
001110111000010100100000000000000000,100001000000000010001010010000100101,000000000011001001010101001000001000,010000000100100000000000100111010010,98,14545ms
011011111000001000000000000000000010,000100000111000011001000000010100000,000000000000000000100111110101000100,100000000000110100010000001000011001,101,55426ms
100111110000000100000001010000000000,001000000110010000110000001001010000,010000000001001000001000000100101011,000000001000100011000110100010000100,157,2275ms
110100101000000000001000100001001000,000000000100000111110001010100000000,000010010000011000000010001000110100,001001000011100000000100000010000011,107,12955ms
011111100000000001100000010000000000,100000001001010100000000001100000110,000000010000001000011111000010010000,000000000110100010000000100001101001,125,15379ms
110011011000000000000001000001100000,001000000110100110100000000100010000,000100100000000001010010100000001101,000000000001011000001100011010000010,127,2901ms
100001010111000011000000000001000000,000010001000010100011000001000010100,010100100000000000000011000100100011,001000000000101000100100110010001000,157,1752ms
100001011110000000100100000001000000,010100000000000000000011011010001100,000010000000010110010000000100110010,001000100001101001001000100000000001,133,3357ms
101001000000010000101000010000010010,000000011001001000000010001100101000,010110000010000000000101100000000101,000000100100100111010000000011000000,147,778ms
011100011010101000000000000000100000,000001100001010000100100010001001000,000000000000000011010010001100010101,100010000100000100001001100010000010,95,23632ms
000000111000001000010010010000001010,011100000000100011000000000010010001,100011000010010000000100001100000100,000000000101000100101001100001100000,72,14661ms
010001101100000000000000001100100100,000110000001110100000000100000011000,101000010000001000011000000001000011,000000000010000011100111010010000000,157,310ms
101001001000000000010011000000010010,000100000000010001001100111001000000,010000010110101000000000000000101001,000010100001000110100000000110000100,151,6439ms
011101010100100000000101000000000000,100010001010000000011000100000010001,000000000001000100100010001101101000,000000100000011011000000010010000110,113,24484ms
011011101000000000000010000100000100,000000010010001011101000000000010001,100000000001100100010000011000101000,000100000100010000000101100011000010,157,873ms
111000101100000000000000001000100001,000100000000101000010001000011000110,000011000010010100100000110000010000,000000010001000011001110000100001000,157,361ms
001011100000000010010000110000100000,010000000000000000001010000101010111,100000011110000000100101000010000000,000100000001111101000000001000001000,157,4470ms
111100010000001010000000000000000110,000001001010100100000101100000000001,000010100001000001010010001010010000,000000000100010000101000010101101000,120,7817ms
101001111000000000001000010000000100,000100000100100100000110100011000000,000010000001000010010001001100001001,010000000010011001100000000000110010,136,916ms
010011111000010000100000000000000100,001100000010000010010000001101100000,100000000100100100001100000010011000,000000000001001001000011110000000011,153,2575ms
000100110000000011010010001000000010,011001001100000000100000010100000001,000000000001111000001001100000010100,100010000010000100000100000011101000,0,1312ms
111000000001001010010000000000010010,000000100010100001001000101010100000,000001001100010100000000010001000101,000110010000000000100111000100001000,96,8987ms
010100001000100001000000001101001000,100000110000000000001101100000100010,001010000010001110110000010000000000,000001000101010000000010000010010101,92,71306ms
101100111000000010001000000000000010,000000000011000001000001111100000001,010001000100011000000110000000010100,000010000000100100110000000011101000,139,3589ms
000111111000000000001000001100000000,100000000010100011000100100000011000,010000000001010000010011010010000001,001000000100001100100000000001100110,119,1741ms
001110101100010000100000000100000000,000000010001000010000101010010000011,010001000000001000001010001001010100,100000000010100101010000100000101000,134,762ms
101011001000000000100011000001000000,000000000000101100001000000010111001,010000110000010010000100110100000000,000100000111000001010000001000000110,157,313ms
101110011000000100001100000000000000,010000000011101011000000000001010000,000001100100000000100010100100100010,000000000000010000010001011010001101,177,3760ms
000111011000001000100001000001000000,001000000100000100001100101110000000,010000000010100001000010010000011100,100000100001010010010000000000100011,89,6126ms
110001100001000000101000001000000001,000000010000000100010110010010001010,000000001010101010000001000100010100,001110000100010001000000100001100000,126,12945ms
100100000101010010000000010100100000,010010010000000001001000001000011100,000001100010000000000011100011000010,001000001000101100110100000000000001,91,7312ms
001111100000010010000000010010000000,100000001010001000010100000001001100,010000000101000001001011000000100010,000000010000100100100000101100010001,110,3749ms
000001011000000100001001010000101000,110000000111100000010000000000010010,000110100000000010100100000110000100,001000000000011001000010101001000001,98,2308ms
010111110000000000100010000010000000,000000001010000011010000000101010100,100000000100011000001101000000001001,001000000001100100000000111000100010,177,362ms
110010110111000000000000000000000001,000000000000111000000010100010011100,001100001000000110000101011000000000,000001000000000001111000000101100010,157,4236ms
001100110010110000000010100000000000,100000000000000000000100010001011111,010000000101001010010001001000100000,000011001000000101101000000110000000,80,22287ms
110110000001000000000011010100000000,001000010000000101001000101011000000,000001101000101010000100000000000110,000000000110010000110000000000111001,147,718ms
000011011001000010001000001000100000,000100000100010100110100100000001000,100000100000101001000010010000010001,011000000010000000000001000111000110,68,32550ms
011111011000000100010000000000000000,000000000000100001001000111100101000,100000100101001000000001000010010100,000000000010010010100110000001000011,177,416ms
010110010100000000001010000100000010,100000101000010010000000001010010001,001000000001001000110001100000100100,000001000010100101000100010001001000,136,3671ms
111010001000000000000010110000001000,000000100011001110001000000100000001,000100010100010000000100000011100010,000001000000100001110001001000010100,137,4090ms
100100001000000000010000000010111100,001001000000000111100010001000000001,010010100100101000001001000000000010,000000010011010000000100110101000000,157,4240ms
111011000001100000001100000000000000,000100000000001010000001011001110000,000000000000010101110000100010000011,000000111110000000000010000100001100,157,1311ms
110111110000000000000001000000100000,001000000001001000000010110100010100,000000001100010110001000000001001010,000000000010100001110100001010000001,147,4181ms
010000000010101000000100000100000111,000000010100000000101011001000110000,000110101001000100000000110000001000,101001000000010011010000000011000000,61,4962ms
101000000010000000101101000010010000,000100001101110000000000000001000011,010010010000000001000000011000101100,000001100000001110010010100100000000,119,25057ms
101101110000010010001000000000000000,000000001100000000110100001001011000,010000000001001100000010010010000011,000010000010100001000001100100100100,114,4329ms
100111001000000000000010101000000100,000000110000000100100100000011001010,011000000000010010001001010100010000,000000000111101001010000000000100001,162,2654ms
011110100000000000000001010010100000,000001000001000010010000101001001100,000000011100010000100110000100010000,100000000010101101001000000000000011,140,904ms
000001010000000001000111000110001000,101110001001001000100000000000000100,000000100010110100011000011000000000,010000000100000010000000100001110011,21,6160ms
100011110100000000100000000000110000,010000000000000001000001101111000010,000000001001101010001110000000000001,001100000010010100010000010000001100,116,337ms
011000101101100000010000000000000001,100100000010000100001000011001000010,000011010000000001100000100010110000,000000000000011010000111000100001100,102,10660ms
000010000100011100000000000001011100,001001000000000000110001010010100010,110000010010100011001010000000000000,000100101001000000000100101100000001,108,178263ms
000001111000010001000001010000010000,000000000001000100001000001011101010,001110000010101000010010000000000100,110000000100000010100100100100000001,54,5001ms
000010011001010010000100000000011000,100100000000101000010001110100000000,010001000100000100001010001010000010,001000100010000001100000000001100101,56,4385ms
010001010011100100100000010000000000,000100100100011000000101100001000000,001000000000000000001010000010101111,100010001000000011010000001100010000,94,52860ms
011101011000000000001000000000001001,000000000000010001110100001101100000,000000100100100100000010110010010000,100010000011001010000001000000000110,81,27397ms
001101100001100000000000001100010000,100010010000000001000100000011101000,010000001100000100010010010000000101,000000000010011010101001100000000010,82,21773ms
110001000000100000000000010010100110,000000011001001000011000001000011000,001000100100010101000110000000000001,000110000010000010100001100101000000,138,4341ms
010001110100110100000000000000000100,000000001000001000110000101001100001,101010000010000011000000000110000010,000100000001000000001111010000011000,157,2057ms
001001110100000000100000001000010001,110000000011000001000000110101000000,000010000000000110001110000010001100,000100001000111000010001000000100010,75,579ms
010000111000000000110100011000000000,001000000101000000000001000010011101,100100000000010111000010100000100000,000011000010101000001000000101000010,157,4674ms
110101010000011000000000010010000000,000000000010000011100101000000100011,000000100001000000001010100100011100,001010001100100100010000001001000000,120,17198ms
110101100000100010010000100000000000,000000000000001001101001011011000000,000000000011010000000000000100111101,001010011100000100000110000000000010,110,98581ms
010001011010001000010000000010000010,001010100000010000000101100001001000,000100000100100100101000001000010100,100000000001000011000010010100100001,80,16390ms
110100010000001000001000000000101001,001010000000110000000000001001010110,000001100001000001100111000010000000,000000001110000110010000110100000000,110,21312ms
000100111000000000001001000110010000,001000000001110010010000001001000100,010011000110001000000000010000000011,100000000000000101100110100000101000,97,4669ms
100010110000000001000000011000011000,010000000100101000000001000011000110,001100000011000100111010000000000000,000001001000010010000100100100100001,157,8381ms
011101111000000000011000000000000000,100000000010000000100100011010000011,000000000001111011000000100000110000,000010000100000100000011000101001100,91,9799ms
111101100000000010001010000000000000,000010011000000001000001000000101101,000000000110110100100100000110000000,000000000001001000010000111001010010,157,769ms
001001001000100011000000000100011000,010010010010000000100001010000100001,100000100000011100000000001011000010,000100000101000000011110100000000100,98,15106ms
011011100100000000000000000110100000,000000001011100110000001000000000110,100100000000011000101100101000000000,000000010000000001010010010001011001,157,340ms
001010101000000001010000011000010000,000000000001101010001000000100101010,000101010000000100100001000011000100,110000000110010000000110100000000001,74,16465ms
100101100000010000010000000000110001,000000000111001001000101000001000100,001010000000100010101000001100000010,010000011000000100000010110010001000,150,915ms
100000010001000100001101000000110000,010000100100011001110000000001000000,000010001010100010000000100010000101,001101000000000000000010011100001010,50,19699ms
011010001000000000110000000010100010,000100000000010101001010010000001001,000001000110001000000100001101010000,100000110001100010000001100000000100,119,1961ms
111101110000000000000000110000000000,000000000010001000000010000110110110,000010000000100101101001001000001000,000000001101010010010100000001000001,157,156ms
101001011001000001000001010000000000,000010000100110110000010001010000000,000000100010001000110100000000010101,010100000000000000001000100101101010,143,10374ms
100010101100100000000000000000110100,000100000000001010001000101100001010,000001000001010001110100010010000000,011000010010000100000011000001000001,107,2441ms
101111111000100000000000000000000000,000000000000000001011000101100001101,010000000010000010000111010001000010,000000000101011100100000000010110000,164,7848ms
011001001000000000000011100000000101,100010010100010010001100000001000000,000000000001001101110000001100001000,000100100010100000000000010010110010,91,25962ms
000001100000000000111110000010001000,100100000101010001000001001001000000,010000001010100010000000110000000011,001010010000001100000000000100110100,42,29942ms
001011000000000110010010000000100100,000100100011011001000000010000000010,110000001100000000001101000000011000,000000010000100000100000101111000001,126,8195ms
001000001010000101000111001000000000,110000100000000000001000000010001111,000110010001110000010000000001100000,000001000100001010100000110100010000,39,52119ms
110100001000000010000001000001100100,000000000101111000000000010010001001,000010010010000001010100101000010000,001001100000000100101010000100000010,104,29132ms
100001100010000000101101000000000100,001000000100101001010000100010000010,000010010001010110000010010000001000,010100001000000000000000001101110001,79,50588ms
000100010100101000100000000100100001,010000000010010010001101001001000000,001010000001000101010010000000011000,100001101000000000000000110010000110,62,5544ms
101011111000010100000000000000000000,000000000100101011000100000000001110,010100000000000000111011100100000000,000000000011000000000000011011110001,157,589ms
001110000010010000000100100000100001,100001000000100000000000000101011110,010000101101001101000000000010000000,000000010000000010111011011000000000,117,629324ms
000100011000100011101000000000000100,101000000000001100000100000001110010,000000100001010000000010101110000001,010011000110000000010001010000001000,34,5145ms
110111011000000010000000010000000000,000000000001000000010000101001011101,000000000100101100001000000110100010,001000100010010001100111000000000000,177,19264ms
111100110011000000000000000000000001,000010000000010000110100100111000000,000001000100001101001000000000011100,000000001000100010000011011000100010,157,125ms
010111101000000000110000001000000000,100000000000001001001000100111001000,000000000011110010000010010000010100,001000010100000100000101000000100011,115,32901ms
001101010000100010000001100100000000,000010101010000000001100001001100000,010000000101011001000000010000000101,100000000000000100110010000010011010,94,5966ms
000110000100000010000010000000011101,101000100010010000100001000100100000,000001010000100101010000110001000000,010000001001001000001100001010000010,34,3825ms
111110001000000000000000000011000100,000001100100011010000010100000010000,000000000010000101111000011000000001,000000010001100000000101000100101010,140,22814ms
001001010000010100100100000110000000,010010000010100001010001000000000110,100100001101001000001000001000001000,000000100000000010000010110001110001,157,56ms
000111101000000000010010000000000101,100000000001011101100001000100000000,011000000000000010000100111010000010,000000010110100000001000000001111000,89,23269ms
101111101000000000000000001000000100,010000000001111000100000010010001000,000000010100000000011111000100100000,000000000010000111000000100001010011,177,102ms
101110111000000000000010000001000000,000001000000100001010000001110101000,000000000110001110000100010000010100,010000000001010000101001100000000011,138,1267ms
010111010000010001000001000000001000,000000000001001000000110001100010110,001000000110000110000000100010100001,100000101000100000111000010001000000,101,26494ms
101111110000000000000000000001100000,000000000110000011100001000010000110,010000000000110000001000110100010001,000000001001001100010110001000001000,177,79ms
001011110000000000010000100100010000,000100000000000100000110010001001101,010000001101010011001000000000100000,100000000010101000100001001010000010,97,33133ms
101110101000000000000010001000000100,000001010010000001010000000001100011,000000000000111110101000110000000000,010000000101000000000101000110011000,177,4753ms
100110101000000000000100100011000000,010000000011001001010001011000000000,000001010000100110001000000000101100,001000000100010000100010000100010011,141,8567ms
001001011001000000100000001001000001,000000100010000001001000010100110010,000100000000101010010111000000000100,110010000100010100000000100010001000,51,10800ms
111111001000000000100000000000000100,000000000000010110000100100100100011,000000000101101001010010010010000000,000000110010000000001001001001011000,156,2731ms
000010110000000010000100000100101010,001001000011000000000001100011010000,110100000100011101100000000000000000,000000001000100000011010011000000101,157,944ms
111111100000000000000000100000000100,000000001101000010000000011000010011,000000010010101100110010000001000000,000000000000010001001101000110101000,177,210ms
010011100000000000101001010000001000,001000000100000000010000101101110000,100000000000101110000110000010000010,000100011011010001000000000000000101,129,81334ms
100011011100000001101000000000000000,001000000000110100000000110000101100,000000100000001000000001001111010001,010100000011000010010110000000000010,133,1526ms
101000010010000010011001000000000100,000000000101000100000110111010000000,000101001000010000100000000001011010,010010100000101001000000000100100001,97,103092ms
010100011000100011000000000010010000,000001000010000000110010101100000001,001000000001010100001000010001101000,100010100100001000000101000000000110,63,8230ms
111011101000000000000000001001000000,000000000001100010001001010010000101,000100010100001000000110000100011000,000000000010010101110000100000100010,157,115ms
000001101000000000000000100011010101,110000000000100010110000000000101010,000110010010010100000110010000000000,001000000101001001001001001100000000,92,68278ms
010001111000000000001000001000000101,000000000101010010100011100001000000,101000000010100100010000000110100000,000110000000001001000100010000011010,157,182ms
110001010000000000100100100100000001,001000000001110000000011010000011000,000000100110001000011000000001100010,000110001000000111000000001010000100,143,783ms
001100010011101000010000000001000000,000000001100010000100011100010001000,110001000000000111000100000000100100,000010100000000000001000011100010011,119,18975ms
101110001000000010000100000001000010,000001000000011000111000000010101000,000000010101000001000010011100000100,010000100010100100000001100000010001,164,1155ms
001110110000000000100100001000001000,100000000010000101010000100000010110,000001001101011000000001000001000001,010000000000100010001010010110100000,97,9510ms
110000001100000010010100000100000100,000101000011000100000010001001000001,000010100000000000001001100010110010,001000010000111001100000010000001000,157,4781ms
000011000100000100000000010111100000,011100000001100001101100000000000000,000000010000010010000001001000011101,100000101010001000010010100000000010,13,5688ms
111001011001100000001000000000000000,000000100010001000000100010001101100,000000000000000111110010100100000010,000110000100010000000001001010010001,157,2000ms
110011010000001000000100010000010000,000000100000000100011010100100100001,000100001110100010000000000010001010,001000000001010001100001001001000100,157,2961ms
100011101000001000000000000001001100,011000010000000100110010001000000001,000000000001100010000101010110000010,000100000110010001001000100000110000,105,42730ms
001111000000000100000100000101100000,100000000010011010100000010010001000,000000000001000000011011001000010110,010000111100100001000000100000000001,62,80829ms
100001001010001110000100000000000100,000010000101100000010010001100100000,001000100000000000001000100011011001,010100010000010001100001010000000010,85,50993ms
100000001101100000011000000001000001,011100000000000010100101010010000000,000011010010010001000010000000101000,000000100000001100000000101100010110,90,6195ms
001000000010000101000010010100010100,110101011000001000100000000001000000,000010100100100000010101001000100000,000000000001010010001000100010001011,30,8541ms
000001110000000100010000010110000001,101100000000100000100001001001010000,000010001101001010000010000000001100,010000000010010001001100100000100010,48,3556ms
111000001000010000010010001100000000,000000110001001000101101000000001000,000001000110000110000000010001000110,000110000000100001000000100010110001,157,3137ms
100111100000000000010000001100000010,010000000101001000001101100000001000,000000010010010001100000000011100001,001000001000100110000010010000010100,163,1121ms
010100101000100000000000011000001001,000001000001000000100000100101110100,001000010110011010001010000000000000,100010000000000101010101000010000010,93,34909ms
111111101000000000000010000000000000,000000010110000100000100001001100010,000000000001000001110000100010010101,000000000000111010001001010100001000,177,155ms
010100110010010100100000000000000001,101001000000000001010000000100101100,000000000101000010001000010011010010,000010001000101000000111101000000000,83,143007ms
011111111000000000001000000000000000,000000000010010000000101011100011000,000000000101100010010000100001100100,100000000000001101100010000010000011,119,48820ms
001110001100010000001001000000000100,000000110010000101100000000110000010,010001000001100010010000100000101000,100000000000001000000110011001010001,85,8517ms
101000111011000001000000000000100000,000101000100100000000100010011000100,010010000000011000100001000000001011,000000000000000110011010101100010000,146,1764ms
000111001001001100000011000000000000,000000010100000010110000000100100011,110000100010110001000000001000010000,001000000000000000001100110011001100,177,26350ms
000000010111101000000100000001000010,000010100000010110100000011010000000,101000000000000001000001100100111000,010101001000000000011010000000000101,62,13633ms
111111110000000000000000010000000000,000000000001011000110000100001001001,000000000000000010000111001000110110,000000001110100101001000000110000000,163,670ms
110110100000001000000000100100000100,000001000010100001011001000001100000,001000011000010010000010001000001001,000000000101000100100100010010010010,147,3223ms
100000110000000000101000001000011100,000011001011000001000010010000000001,000000000000010110000101100001100010,011100000100101000010000000110000000,61,7773ms
011100001010000010100000000001001000,100000100100010000010100101000010000,000011010000000100000000010100100110,000000000001101001001011000010000001,95,23391ms
110001001000101000000000001000010100,000010000000010100010010000101100001,000000010001000001000100110010001010,001100100110000010101001000000000000,72,19657ms
110100011010000101000000000010000000,000000100000010000010010001000110011,001000000000101000000101110101000000,000011000101000010101000000000001100,157,470ms
010010010000100001100000000100000110,000100100100010010000000010010101000,100000000001001100010000101000010001,001001001010000000001111000001000000,113,19237ms
010101001001100001101000000000000000,101000010000000100010000110000000110,000000100100001000000101001001011000,000010000010010010000010000110100001,73,21372ms
000111100110000000000000010100100000,000000010001111010000000100010000100,010000001000000101110001001000000001,101000000000000000001110000001011010,119,10582ms
010000001001000100010011000100000001,000110010010000001000000010001100100,100001000000101000100100001000001010,001000100100010010001000100010010000,110,2081ms
100110110000000000100001000000100010,010000001001000001000100101000011000,001001000000011000000000000111000101,000000000110100110011010010000000000,152,20181ms
101010001000100100000000011000000010,010000100000000010011100000100011000,000101000000011001100011000000000100,000000010111000000000000100011100001,92,16198ms
010101110100000000001000000001000100,000000001011000011010001000000010001,100000000000011100000100110010100000,001010000000100000100010001100001010,123,10521ms
000101000000010000010001001100101000,000000010110100000100110000001000100,100000100000000101001000100010000011,011010001001001010000000010000010000,80,10334ms
011011000001000000000000101001000001,100000000000010000101111000000100100,000100011100001111010000000000000000,000000100010100000000000010110011010,111,27198ms
111001100000100000000000011000001000,000000011110000100000001000001100001,000010000000000001001110100100010010,000100000001011010110000000010000100,139,5804ms
110110110010000001010000000000000000,000000001000101000100111000101000000,000000000101010100000000010010010110,001001000000000010001000101000101001,177,2059ms
011011010001000000000000010000010100,000100000110000000110110001100000000,000000000000111100000001000010001011,100000101000000011001000100001100000,71,16770ms
111010101000010000001000000000010000,000000000110000010000100110011000001,000101010001000101010010000000000010,000000000000101000100001001100101100,120,4715ms
110101111000010010000000000000000000,000000000001000100001000010101011001,001010000000100000110110001000000010,000000000110001001000001100010100100,157,3174ms
111000010100001000000000001100100000,000100000000000110100101000000000111,000010101010010000010010000010001000,000001000001100001001000110001010000,143,283ms
011111110000000001000010000000000000,100000000110110010001000000000000101,000000000001000100010101010000101010,000000001000001000100000101111010000,100,75472ms
001111111000000000101000000000000000,110000000110000001000001000100100001,000000000001100110010000110000001010,000000000000011000000110001011010100,112,8306ms
100100011010010000000010010010000000,000001100100001001100000001100001000,001010000001000010000100000000100111,010000000000100100011001100001010000,92,4826ms
100010010001001000000010100000001100,000000001100100101010000010100000010,000101100010010000100000001010000001,011000000000000010001101000001110000,97,1006ms
010110111010000000000100000000010000,001000000100101001000010010010000010,100001000000010100100000100000001101,000000000001000010011001001101100000,177,1414ms
111011001100100000000001000000000000,000000010010000001100110100000110000,000000100001001110000000010100000110,000100000000010000011000001011001001,133,2224ms
011100111000001000000000100000001000,000000000001000001100000010011110100,000010000100110010001010000100000010,100001000010000100010101001000000001,105,22034ms
010010001100100000101100000000001000,001100000001011100000000001001000001,100000110010000000000001110010010000,000001000000000011010010000100100110,139,1434ms
001011010010001100000010100000000000,000000101001000001010100010110000000,100000000100010000100000000001101011,010100000000100010001001001000010100,143,2714ms
111100111001000000000000000000001000,000010000010001000101101001000000001,000001000000100010000000100101100110,000000000100010101010010010010010000,144,4352ms
101100000000010010010001000010000010,000000000000001101101010001000100100,000010000011100000000100010101010000,010001111100000000000000100000001001,85,1330ms
100110111100000000010000000000001000,010001000010000000101010100001010000,000000000001011110000000000110000110,001000000000100001000101011000100001,161,1373ms
000010001001001100011000101000000000,101100000000010010000001000010100100,000001100000000000100010010001001011,010000010110100001000100000100010000,11,66775ms
101111000010000001100010000000000000,000000000100001010010000101110000010,000000111001010000000000000001011100,010000000000100100001101010000100001,161,5807ms
100111101000000001000001000001000000,000000000100011110001010000000001010,011000010001100000100100000000000101,000000000010000000010000111110110000,154,2243ms
100110001000000000000101001000100001,001000010001001001000000100010010010,000000100010010100110010000001000100,010001000100100010001000010100001000,125,6438ms
111011100000001000010000000000000001,000000000110000001000100011110000010,000100010000110110000001000000100100,000000001001000000101010100001011000,122,1567ms
101000110000000010000001000001010010,000011000001000101001000001010100000,010000001100011000000000110100000100,000100000010100000110110000000001001,151,256ms
000000011001000011010100100000000010,000001100000101100000000000010001101,011010000110000000100010000100100000,100100000000010000001001011001010000,103,15022ms
110010111000010100000000000010000000,001000000001001000010010011100100000,000000000000100011001100000000011110,000101000110000000100001100001000001,111,2671ms
001010011111000000001000000000100000,010001000000010001100000110010001000,100000000000000010010010001001010011,000100100000101100000101000100000100,126,1964ms
011100101000000011000000000001000010,100000010000001000100010110000100001,000001000001110000010001001100010000,000010000110000100001100000010001100,80,10087ms
010000010000010000000100110001001100,001100001000000001100001001000100010,000000000010101110011010000000010000,100011100101000000000000000110000001,21,3626ms
100101110000101010000000000000000100,010000001000010101001001100100000000,000000000110000000010010011000101010,001010000001000000100100000011010001,119,6108ms
010010111000011000000000000000100100,000000000011000000001010001100001011,000001000100100111010001000001000000,101100000000000000100100110010010000,39,24015ms
001000010100110110000000000010001000,110000001001001001000001000000100100,000000000000000000110010111000010011,000111100010000000001100000101000000,26,11774ms
101101011000000000000000100000010100,000000100000001001001111010010000000,010000000011100010000000001100100010,000010000100010100110000000001001001,157,330ms
100000000010000001000001001101000110,010000100100000110101100000000001000,001001001001100000010010000000100001,000110010000011000000000110010010000,87,9050ms
010011001100000000010001000000000011,100100000011010000000000111000001000,000000010000001111101000000011000000,001000100000100000000110000100110100,83,7547ms
111001101000000000000000000011100000,000000000100010010100100001000010011,000000010010001000011011100000001000,000110000001100101000000010100000100,134,938ms
111101000010000000000110000000100000,000010100000010000000000001110011010,000000000001100010110001010001000001,000000011100001101001000100000000100,157,2264ms
000000000001101100110000000011000001,110000010100000010001000000100001010,000101101000010000000101010000000100,001010000010000001000010101000110000,33,4980ms
010101010010000011000000000010000001,000000101100000000000000110000111010,001010000001101000011001000000000100,100000000000010100100110001101000000,84,19969ms
100110100001000010001000000011000000,010000000000000000000101000100111011,001000001100110101010000000000000100,000001010010001000100010111000000000,143,131215ms
101101111000000000000000001000001000,000010000001100010000011100001000010,010000000100000001010100000110010001,000000000010011100101000010000100100,157,70ms
110011111000000000000010000000000010,001000000000001000000100011100110100,000100000011110000010001100010000000,000000000100000111101000000001001001,121,1155ms
010111000110000100100000000000100000,100000000000100011000110001000011000,001000010001011000010000000101000001,000000101000000000001001110010000110,143,19852ms
000110110000101110000000000000001000,100000000101000000100110000001100010,010000000010010000000001010110010001,001001001000000001011000101000000100,76,11255ms
010000110101010010000001000001000000,101111001000000000000010100000010000,000000000010000100111100010010000010,000000000000101001000000001100101101,50,47984ms
001011101000000100010001000100000000,100000010010011000100000001010010000,000000000000100011000010100001100011,010100000101000000001100010000001100,45,4587ms
000110011000001001101000000000000100,010001000000110000010010001001000001,100000000110000000000100010100111000,001000100001000110000001100010000010,156,1133ms
010100100010001010000010010000000001,001011001001010000010100000100000000,000000010000000001101000101000011010,100000000100100100000001000011100100,46,9909ms
101111010000000000110001000000000000,010000100001000000000000110000110110,000000000010000011001110000011000001,000000001100111100000000001100001000,163,556ms
010100111000100100000000100000100000,000011000100010000000000001111000100,000000000011001011010100000000000011,101000000000000000101011010000011000,44,23493ms
000101111000000000000000001100100010,011010000000000010001010010011000000,100000000010011101010000100000010000,000000000101100000100101000000001101,107,21917ms
011011110000000010100000000000001000,000000000101011001001001000000100010,000000000000000100010110100011010100,100100001010100000000000011100000001,79,32853ms
101101001000100001000000000101000000,000010000001011000100010000000110010,010000010100000010001000111000001000,000000100010000100010101000010000101,157,259ms
101001010000100001100000000010000100,000100000001000100010001011001000001,010010100000010010001100000000010010,000000001110001000000010100100101000,131,1065ms
001001000100011000010011000000010000,100000001010000000101000100001101000,000110000001100100000100011000000001,010000110000000011000000000110000110,34,7964ms
111000111000000100010000010000000000,000100000100001001000010001100000011,000011000001010010000000100001011000,000000000010100000101101000010100100,131,2968ms
101101010000000000000000001000010011,010000100000110011100000010010000000,000010001011001000000110100001000000,000000000100000100011001000100101100,107,23156ms
000011010010000110000001000000100010,000100000100100001110100010001000000,011000000000001000000010101110010000,100000101001010000001000000000001101,78,3613ms
101000101000100000101000000100001000,010100000011000000000000010000100111,000010010100001000010100101000010000,000001000000010111000011000011000000,133,403ms
111100100001100000100000000010000000,000000001000000100000101010101001010,000010010110000011001000100000000100,000001000000011000010010001000110001,157,76ms
001100100000111000000001000000011000,100000000011000000001000101101100000,010000000000000111110100000000000110,000011011100000000000010010010000001,53,326ms
010001100110000000000000011000001001,000110010000001100011001000000000100,101000000000010001100100100100000010,000000001001100010000010000011110000,149,427ms
101011101000101000000000000000000010,010000010000010000010100010101000001,000000000100000110100011001000101000,000100000011000001001000100010010100,132,5692ms
011010111100000000000010000000001000,100000000000110000100000011000110001,000100000001000110010101000010000100,000001000010001001001000100101000010,77,6592ms
101110100000100000000010001001000000,000000000000000100101001010000101110,000001001001010011000100000010010000,010000010110001000010000100100000001,127,4830ms
010110100001000001000000011100000000,000001001100010100010000100010000010,000000010000100000101001000001010101,101000000010001010000110000000101000,114,1497ms
001111101000000010000000100000001000,000000010001101000000100001001010100,100000000010000001101011010100000000,010000000100010100010000000010100011,177,475ms
101010010001000000010000000001010001,000100000000000111000100011100000100,010000101000001000000010100000101010,000001000110110000101001000010000000,122,1921ms
001101000010011011000000000001000000,010010010100000000000000001100001011,000000001001000100111010000000110000,100000100000100000000101110010000100,32,6124ms
000000001001001001111000010000000100,000100010000010010000000000010110011,010010000010000100000111101000000000,101001100100100000000000000101001000,14,52852ms
010010101010001000000010000010010000,100100010001000000100000110100000010,000000000000100110000001001001101001,001001000100010001011100000000000100,13,4115ms
100101011000011000100001000000000000,001000100100000110010100010000001000,000000000011100000001010000011100010,010010000000000001000000101100010101,107,48340ms
100010000000000000101010111010000000,000101100010000001000100000100001100,011000000101100000000001000001110000,000000011000011110010000000000000011,157,7492ms
000011101000000000110001000101000000,000000010001010101000010000010101000,100000000100001010000100010000010110,011100000010100000001000101000000001,125,5262ms
011111101000000000100000000000000010,000000000101010000000101000011011000,000000000000000100010010011100100101,100000010010101011001000100000000000,135,35328ms
110111111000000100000000000000000000,001000000000011000101010000010000101,000000000010100001000001101101010000,000000000101000010010100010000101010,156,1821ms
111010110000010000000000100100000000,000001000010001000110100000011000100,000000001000100110001000010000011010,000100000101000001000011001000100001,121,931ms
011000110010000001000000110010000000,000000001001010100000011000100100001,000110000000001010001000001000001110,100001000100100000110100000001010000,69,522ms
110100100000010100001000000110000000,000011000010000000100110000001010010,000000010100101001010000100000000101,001000001001000010000001011000101000,150,139ms
000111110000000010000000110000010000,111000001000000000011000000101000001,000000000000111100000001001000101100,000000000111000001100110000010000010,39,8493ms
101000100001000000000100000000001111,000001001110010000101010000001000000,010110000000001010000001011100000000,000000010000100101010000100010110000,140,4003ms
000001001001001011000001000100000100,000110100010000000000100100011000010,010000000100110100010000000000011001,101000010000000000101010011000100000,23,1870ms
011110011001000000000000000100000001,000000000010110101000011000000011000,000001100000001000001000110011100000,100000000100000010110100001000000110,120,7396ms
001100111100000000000000000100000101,000000000001110011000100100010010000,000011000000001100011000011000001000,110000000010000000100011000001100010,83,3290ms
111011111000000000000000000000000100,000000000010001000110000100010110001,000100000100110011000000001101000000,000000000001000100001111010000001010,157,42ms
110010010000100000011000000010001000,000000001101001011000000000001100001,000000000010010100100011011100000000,001101100000000000000100100000010110,127,41552ms
010111011000000010000000100000100000,100000100000001101000000010010000110,001000000100010000010110000101000001,000000000011100000101001001000011000,132,5718ms
011010101101000000001001000000000000,000100000000111000000010001111000000,100000000010000101010100010000010001,000001010000000010100000100000101110,157,1374ms
100101010001001001000001000100000000,001000000010000000101000010001001110,000010001100000000010010101000110000,010000100000110110000100000010000001,133,815ms
110011001000000010000000101100000000,000000000010111000100000000010010011,000000110001000101001001010001000000,001100000100000000010110000000101100,108,1224ms
101011000101010000110000000000000000,000000000000101010001110100000100100,000100011000000001000000011100010010,010000100010000100000001000011001001,157,741ms
011010010000000100000000000011001100,000001001000000001000101011100000010,000000100100001010111000000000100001,100100000011110000000010100000010000,99,5360ms
010101100011010001000000000000000001,001000000000001000101100100100100010,000000010000100100000010010011010100,100010001100000010010001001000001000,61,22239ms
100101000001001000110000000001000100,011000010000000001001000000100110001,000000101100100000000011010000001010,000010000010010110000100101010000000,83,3056ms
