110001100010001000000101000001000000,000110010001000000100000010000110100,001000001000000111010000100010001000,000000000100110000001010001100000011,104,6968ms
010001101000100010000001000000100001,000100000010010100000100011100000100,101000010001001000101010000001000000,000010000100000001010000100010011010,140,3677ms
001110001010000100010010100000000000,100000010000000000000100011101011000,010000100001100011101000000010000000,000001000100011000000001000000100111,121,161413ms
100011101000000000100000000110000001,010100010011000100001000000000101000,001000000000110000010011001001000100,000000000100001011000100110000010010,126,5875ms
100111110010100000000000000000000010,000000001000000001001010010100010101,010000000001010110010001100001000000,001000000100001000100100001010101000,162,1988ms
010110111100000000001000000000010000,100000000000000010000011111000101000,000000000011000101100100000010000011,001001000000111000010000000101000100,104,21778ms
110001010001000000000000100000011010,001110100100000100001000001001000000,000000000000010011100010000100100101,000000001010101000010101010010000000,121,19888ms
100010100011000010100010010000000000,010001001100000001000100100010010000,000100000000110000011000001000000111,001000010000001100000001000101101000,78,10612ms
101011010000100011000000000010000000,000000101000010000100010010100100100,010000000101001000001001001001010000,000100000010000100010100100000001011,142,2934ms
101001111000000000010000000001010000,000000000111001001000010100100000001,000100000000110000101000011010000100,010010000000000110000101000000101010,141,1736ms
100100001000000001000001010000001110,000010000001001010000110100010100000,001000100100110100100000000100000001,010001010010000000011000001001010000,132,644ms
001001111000000001000011000000000100,010000000000000010111000010010001010,000110000100101000000100100001100000,100000000011010100000000001100010001,65,6028ms
100010010110011100000000000000100000,010100000000000010000101000010010101,001001100000100001010000101001000000,000000001001000000101010010100001010,143,17997ms
011010010000000101000000000000010101,000000000111100000010000100010101000,000001100000010000101100001001000010,100100001000001010000011010100000000,65,9925ms
100011111000000010000000010000010000,001100000000011001010000000010100100,010000000110100100000010001101000000,000000000001000000101101100000001011,157,227ms
111100010010000000000000001011000000,000011001100101000010000000100000100,000000100000000111001001000000111000,000000000001010000100110110000000011,105,5762ms
000110000010000100100100010000000110,000001010100001010001001100000001000,101000001000010000010010001001100000,010000100001100001000000000110010001,113,33928ms
101101001000000100000001000000010100,000000010000010000110000000010101011,010000000111001001001000001100000000,000010100000100010000110110001000000,157,2006ms
011111001000000000010000100000000001,000000010100010100001000001010000110,000000000010101001100001000100110000,100000100001000010000110010001001000,141,6503ms
011101000000010000000001110100000000,000010010010000001101000000000010110,100000000100000100010010001001101000,000000101001101010000100000010000001,157,340ms
101000011101010000000000000010100000,010001000000100000000010100100010110,000100100000000110000100011001001000,000010000010001001111001000000000001,110,11974ms
101110100011000000101000000000000000,010000000000001011000011000000110010,000000001100010100000000011101000001,000001010000100000010100100010001100,177,215ms
010010111000000000001000101000100000,000000000010110010010010010000010010,100001000100000001000101000010001100,001100000001001100100000000101000001,125,8701ms
110110000010000010000000110000100000,000001010001100101100000000101000000,001000101100010000010010000000000110,000000000000001000001101001010011001,154,906ms
111010010001001000000000110000000000,000000000000110001000010001001011100,000001101100000100000000000010100011,000100000010000010111101000100000000,157,3595ms
110100000000101000000000000010110100,001001010100010010000001000000001001,000000100011000000101100001101000000,000010001000000101010010110000000010,125,20519ms
001011001100000010010000000000100100,110000000000000001000100010011001001,000000110010110000000001001000010010,000100000001001100101010100100000000,49,4287ms
010110011000000011100000010000000000,000001000110100000010011100100000000,101000000000011000000000001010010011,000000100001000100001100000001101100,177,1457ms
010100010000010000100000010010001100,000010001001100001001001101000000000,100001100100001100000100000000110000,001000000010000010010010000101000011,148,12926ms
001111000001000000100101000000000100,110000100000110001010000001010000000,000000001010001000000010000001111001,000000010100000110001000110100000010,67,8182ms
001101000001010110010001000000000000,000000100100001000001000001011101000,010010000000000001000100010000010111,100000011010100000100010100100000000,62,19041ms
011110000000001000010010100100000000,000000001110110000000001011000000001,100000100000000100000000000011111010,000001010001000011101100000000000100,177,681ms
111100110000010000000000000000101000,000001000010000100001100010001000110,000000000000000011110010001110000001,000010001101101000000001100000010000,157,2211ms
000010110011010100000100000001000000,001001001100000010110000000010000001,000000000000100001001010011000110100,110100000000001000000001100100001010,0,1272ms
011100111000000000100000000011000000,000000000000011001001000110100100010,100011000100000000010110000000010100,000000000011100110000001001000001001,157,35ms
110010001100000000000000011010000001,000101000010100101000001000100001000,000000100000001010111100100000010000,001000010001010000000010000001100110,157,1962ms
101011110000001001000000000100000000,000100000001110010000000010010001100,000000000010000100100111100000000011,010000001100000000011000001001110000,118,1987ms
010101001000000000000001000100011010,001010010100001000100100000011000000,100000000011100010000000011000100100,000000100000010101011010100000000001,129,21015ms
000101011000100000000100000000101010,111000000011000010100000000000010100,000000100100010000000011011001000001,000010000000001101011000100110000000,42,172ms
010101101000000100010000010000000001,100000000011101000100001000100010000,001010000100010000000100001010001100,000000010000000011001010100001100010,86,9650ms
100001111000000000101010000000001000,011010000010000101000100000000000101,000100000100000010000001100100110010,000000000001111000010000011011000000,118,10342ms
011011011000000000000010101000000000,000000100000110000100100000110100100,100100000001000001011001000000010010,000000000110001110000000010001001001,157,416ms
111011101000000000000000100000000010,000000000100001010011000000100010101,000100000011110001000010010010000000,000000010000000100100101001001101000,132,2868ms
110111010010000000100000000000010000,000000000000110000001001111000000011,001000100000000100000110000011001100,000000001101001011010000000100100000,177,63ms
001111100000000010100001000001000000,010000000100011000001000101100000010,000000011000000100000010010010101001,100000000011100001010100000000010100,74,5009ms
001010110101000000000010000000001010,000101000010010010000000101000000101,010000001000100100100001010100100000,100000000000001001011100000011010000,103,2988ms
000110001000010010000111001000000000,000001010001100000110000000011010000,101000000010000101000000000100000111,010000100100001000001000110000101000,128,18502ms
001100000010100010000010101100000000,100010001000000101010000010000011000,010001010101001000001100000000000001,000000100000010000100001000011100110,101,3015ms
100100101100010000000100010000000100,010001000010000100001000000101011000,000000000000001011100011000010100001,001010010001100000010000101000000010,90,46117ms
110100100000010010110000100000000000,001000001011000000001000011010000100,000011010000101001000001000001000001,000000000100000100000110000100111010,129,8567ms
000101001001000000100000001110000100,010000000000110000010000010001011010,000010000110001110001101000000000000,101000110000000001000010100000100001,64,12243ms
100100000101000010000011100010000000,000000000000111000111000000000101100,001000100010000100000100011000000011,010011011000000001000000000101010000,70,5674ms
010011100000000001001001010000010000,001100001010100000000100001010001000,000000010100011100110000000100100000,100000000001000010000010100001000111,98,4494ms
001001011000010100000000001010000010,000100100000100001000000010001111000,010010000011000000001011100100000000,100000000100001010110100000000000101,88,20221ms
100000010010001000001001000001010001,000000000101100011000000011010100000,001011101000000000100100100000000100,010100000000010100010010000100001010,133,12328ms
010110010011000000000100001000010000,100000000100011000100000100110001000,000001101000000011010000010000000101,001000000000100100001011000001100010,70,1772ms
011010101001000010000001100000000000,000001000000100100110110001000010000,100000010000001000001000000101100011,000100000110010001000000010010001100,157,13438ms
111101010100000000000000000000001010,000000001011010001010010000101000000,000000000000101100100000101000100101,000010100000000010001101010010010000,129,6174ms
100101001000000000010100000000100110,000000000010001110100011001001000000,011000110001100001000000100100000000,000010000100010000001000010010011001,157,2076ms
110000100000000001000001001000110001,000101000000100010101000100001000100,001010001110000100000110000000001000,000000010001011000010000010110000010,135,2812ms
000110111001110000000000000000000010,001000000000001100100000101110010000,000000000100000001001101010001100001,110001000010000010010010000000001100,67,9300ms
100110111000100100000000000001000000,010000000010000001110100100010100000,001000000100010000001010010100001001,000001000001001010000001001000010110,177,439ms
010111010100010000000100000100000000,000000100010100000010010010000101001,100000000001000001100001100010000110,001000001000001110001000001001010000,177,500ms
110000111000000000000011000001010000,000001000101000000000000010110101100,001100000000000111101000100000000010,000010000010111000010100001000000001,142,9149ms
011101100000100000000000001000100001,000000000100000011011001100101000000,000000000010011100000100010000010110,100010011001000000100010000010001000,64,58113ms
010000001101010000000011010000010000,001001000010101000100100100000100000,000110010000000100010000001011001000,100000100000000011001000000100000111,80,36503ms
000011110100000010000001101000000000,101000000000101001100000000000100101,000100000011000000001100010000011010,010000001000010100010010000111000000,47,1460ms
110001011000001010000000100000000001,000100000000000000001100011011001010,001010100010100000010010000100010000,000000000101010101100001000000100100,134,7077ms
101010100001000100000100100000000001,000001000100010000000011011000011000,010100001010101000110000000000100000,000000010000000011001000000111000110,143,1751ms
010000101000101010000001010000001000,101111000000000000000000001001010010,000000010100000100011100100000100001,000000000011010001100010000110000100,18,19280ms
110111101000010001000000000000000000,000000000010100010100100001000011001,000000000100001100000011000011100010,001000010001000000011000110100000100,170,5658ms
001101010000000000001000100100010010,010000001011000011100000000000100001,100000100000101000000110010001000100,000010000100010100010001001010001000,130,3765ms
110101010000000001000000000110001000,001000101001001100000101000001000000,000000000100000000101000110000100111,000010000010110010010010001000010000,143,11049ms
100010101010001000000010100100000000,010001000000010001000000010010100101,000000010001100010001001001000001010,001100000100000100110100000001010000,80,2973ms
011001111000100000001001000000000000,100100000000001001000000011010011000,000010000110010110100000000001100000,000000000001000000010110100100000111,113,10618ms
101100110000100000001000001000000001,010000000001001100000010100011010000,000011000110000001100000000100100010,000000001000010010010101010000001100,157,56ms
010001001000001010000000000111000100,000000000100100001100001101000010001,000000110011010000010010010000001000,101110000000000100001100000000100010,66,31410ms
111111100000000000001000000100000000,000000010000001001110001010000001100,000000001010000010000010101011000010,000000000101110100000100000000110001,161,204ms
101100111000000000000000000001000011,010000000000011010001000001000101100,000000000011000001010101010100010000,000011000100100100100010100010000000,144,4656ms
010011111000000000100000010000000010,001000000100001111000100000000001001,100000000011100000000001101101000000,000100000000010000011010000010110100,157,298ms
111111001000001000000000000000010000,000000000000010010111000000011100001,000000010110000101000001101000001000,000000100001100000000110010100000110,177,359ms
011100110000000000000010100000001100,000000001000101000100100011100000001,100010000010010001000000000010110010,000001000101000110011001000001000000,157,3274ms
110011000001000000000000101100001000,000100010000010000001110000000000111,001000100100101010010000000001010000,000000001010000101100001010010100000,153,796ms
001000111000001001100000001010000000,000001000001100000000110100000011100,010110000100010010000000000100100001,100000000010000100011001010001000010,136,5320ms
111010111000001000000010000000000000,000100000100100000010000010111001000,000001000001010110000100001000100010,000000000010000001101001100000010101,117,3966ms
101101010001000001000001001000000000,000000001000001010000100000110001011,000000000110110000100010100001100000,010010100000000100011000010000010100,137,20890ms
111001010000010010000000000000101000,000010001000001000010110010001000001,000100100001100001000001100000010100,000000000110000100101000001110000010,108,12725ms
101111101000001000000100000000000000,010000000000000011010000110010100010,000000010001110000101010000001000100,000000000110000100000001001100011001,177,1062ms
010011101010000000000010000101000000,100000010001000010000100100010100100,001000000100100100101000001000000011,000100000000011001010001010000011000,115,2370ms
110000011000000101100100000010000000,001010100000010000011010100000010000,000101000110100010000001010000001000,000000000001001000000000001101100111,135,12607ms
111111010000010000010000000000000000,000000100000100100100000110100010010,000000001101001001000111000000000100,000000000010000010001000001011101001,167,858ms
011110010000000000000101010100000000,000001001100101000000000100000111000,000000100001010111101000000000000010,100000000010000000010010001011000101,121,19243ms
010000110101000001001000000000100001,100000000000101010000100101101000000,000101001010010000010001000000001100,001010000000000100100010010010010010,57,8030ms
101110000000000000100010001100100000,000001001100100001000001110000000001,000000100000001010010100000010011010,010000010011010100001000000001000100,177,1555ms
000100010000001110000010001000000110,010010100001100000100001000000011000,100001000010010000000000010011100001,001000001100000001011100100100000000,38,3607ms
001010101011001000001010000000000000,000000010000010100000100001010011100,000001000000100000110000110001100010,110100000100000011000001000100000001,64,12439ms
010010100000100000001000000101000011,000000001100001011000111000000010000,001100000010010000100000100010101000,100001010001000100010000011000000100,93,12864ms
101110001001001000000000000000001010,000000000000010001100001000011100101,000000000100100100001110010100010000,010001110010000010010000101000000000,130,322324ms
011110111000100010000000000000000000,100001000000011000010000001000010011,000000000100000100000111100111000000,000000000011000001101000010000101100,135,22570ms
010011010000100000000001100010001000,001000001010010000101000010000000011,100000100000000010000010001001110100,000100000101001101010100000100000000,105,5433ms
010101000101000000100001000000011000,000000001000010100001110100010100000,100000000000100011010000001000000111,001010110010001000000000010101000000,119,2067ms
000001011000110000001000100000000110,010100000100000100000110000101010000,000010000001001010100000011010100000,101000100010000001010001000000001001,7,281ms
100011100000000000010010001000010001,010100010010110100100100000000000000,001000001100000010001000100101000100,000000000001001001000001010010101010,122,74930ms
011001010100010000000000010010100000,000010000001000101011001000000001100,000000001000101000100100100000010011,100100100010000010000010001101000000,85,2812ms
101011011000100000000001000010000000,010100100000000000001000100101010100,000000000110000001010010011000000011,000000000001011110100100000000101000,103,131090ms
101111011000000000000000000100100000,000000100101000000000110001000010101,010000000010110000011000010001001000,000000000000001111100001100010000010,177,72ms
011011001000001000100010100000000000,100000100010000000010001001110010000,000000000101110110000000010001000010,000100010000000001001100000000101101,104,42493ms
001001101101000101000000000100000000,110000010010000000011000001000101000,000100000000101010000001000001010110,000010000000010000100110110010000001,73,17059ms
100011000100000100010000001000100010,000000000010000001101011000010011000,001000110000110010000000110000000100,010100001001001000000100000101000001,85,13818ms
001111010000000000000000110011000000,100000000100101001010010000100001000,000000100011010010101000000000110000,010000001000000100000101001000000111,102,6983ms
101010001011010000001000000100000000,000001000100000111000010010000110000,000100110000000000010101001001001000,010000000000101000100000100010000111,140,1852ms
011010100000000000000001110010000001,100000001010000001101000001100001000,000101000000100000000110000000110110,000000010101011110010000000001000000,60,11695ms
010010011000001000101000000011000000,001100100000100010000100110000010000,000001000011000100000010001000101100,100000000100010001010001000100000011,44,12418ms
001110010010001000001000000011000000,000001000100010000010110100000001001,110000000001000010100001010100000100,000000101000100101000000001000110010,177,47ms
011011100000000001001000000000101000,000100000110000110000011010000000010,000000010001100000000100101110000001,100000001000011000110000000001010100,75,13696ms
111110101000000000011000000000000000,000000010010101100000101000011000000,000001000000000010000010101100010110,000000000101010001100000010000101001,177,371ms
110101011000000000000000000000011001,001000000000101010000100110100100000,000000100010010101111010000000000000,000010000101000000000001001011000110,157,6420ms
110011011000000000010000100001000000,000000000101001000100010010010000011,000000100010100100000100001100011000,001100000000010011001001000000100100,133,5160ms
000110010001000000001010011100000000,110001000000001010010100000001010000,001000101000100000000001000010000111,000000000110010101100000100000101000,86,13599ms
111011011000000000000000000000100001,000100100000001001001011010010000000,000000000010110000100000101001001010,000000000101000110010100000100010100,130,46882ms
010110101010000000000000000010100010,101000000100001001010000010100010000,000000000001100100100011100001000001,000001010000010010001100001000001100,92,20640ms
101001101010100000000000000110000000,010000000100000110000100011000100010,000110010000001000011000000001010100,000000000001010001100011100000001001,177,38ms
001100100111000001000010000001000000,000010000000000000001001011010001110,010000010000111000000000100100110000,100001001000000110110100000000000001,95,33993ms
011001100000000000010001010000010100,100000000000110111000000101000001000,000100010101000000001100000101000001,000010001010001000100010000010100010,106,3219ms
101000111001001000000010000100000000,000101000100100010100000010000101000,010000000010010001001000101010000001,000010000000000100010101000001010110,143,568ms
000011011000010000011000010000001000,000100000100001010000011100000000101,110000100010000100000100001100100000,001000000001100001100000000011010010,148,787ms
000001010110010010010000000000100001,000000000001001000101101000001010100,001010000000100100000010110000001010,110100101000000001000000001110000000,13,2975ms
000001111010100000000000000010010100,110000000100000110000010100001000001,001110000001000000011101000100000000,000000000000011001100000011000101010,91,20535ms
001101101000000000101000000000110000,110000000010000000000101011000000011,000010000101110011000000000011000000,000000010000001100010010100100001100,86,9326ms
101101101000000000000000101100000000,010000000001101000001000000001011010,000000010000010001100111000010000100,000010000110000110010000010000100001,157,63ms
010111100000100000000001000000001001,000000001111010001100000001001000000,000000000000001110001010000110110000,101000010000000000010100110000000110,93,67016ms
111001001100000000000000000001001001,000000010010000011000111011000000000,000110000000110100100000000000110100,000000100001001000011000100110000010,164,1451ms
011010110010000001100000000001000000,100100000001000000010000111000010010,000000000100001110001011000010001000,000001001000110000000100000100100101,92,21708ms
101100000000110001010000000100000010,000000110000000100000101001000010101,000000000011001010001010100010100000,010011001100000000100000010001001000,97,1060ms
111110111100000000000000000000000000,000000000001100100000000110011000011,000000000010011001100100001000011000,000001000000000010011011000100100100,177,78ms
011111101000000000001000000100000000,100000000100100010000001100011000100,000000010000010101000000001000101011,000000000011001000110110010000010000,122,7392ms
100000110000000000000100001011000110,010100000000110000001000100100110000,001001001101000000100010010000001000,000010000010001111010001000000000001,133,8277ms
000101100100101101000100000000000000,110000001001000000000001101100000010,000010000000010000010010000001101101,001000010010000010101000010010010000,23,20430ms
001000000001010101100000000010001010,010000011010001000001000100001000100,100111000000100010000001010000010000,000000100100000000010110001100100001,121,1086ms
001000101011000001000000000000110010,010000010000011000010100010001000001,100110000000000110100001000010001000,000001000100100000001010101100000100,142,2215ms
101110101000000000100010010000000000,000001000011010011010100000000000100,000000010100100100000000000100111001,010000000000001000001001101011000010,177,1683ms
011101001000010000000000000000011100,000010000000100000001110000011100010,000000110001001110000000110000000001,100000000110000001110001001100000000,84,20731ms
011100101010000000100100000000000100,100010010000011000010000010001001000,000001000001100100001010001000010010,000000000100000011000001100110100001,73,21511ms
010011110000000000001100000000000011,100000000100011000000011000101001000,001100000010000011100000101000010000,000000001001100100010000010010100100,89,19137ms
110110110000000000000000001100000001,000000000010100110100100010001010000,001000000001000000010011100010001100,000001001100011001001000000000100010,177,393ms
100101011000001000000101010000000000,000000000001100000001010101001100001,000010000000010010110000000110000110,011000100110000101000000000000011000,105,39832ms
100111000010000000000000010101100000,001000001000000110101000000000001101,000000010100001000010101100010010000,010000100001110001000010001000000010,163,2291ms
100011011010000001001001000000000000,010100100001100000100000010000000011,000000000100011010010010000110001000,001000000000000100000100101001110100,126,7649ms
011101111000000000000010100000000000,000000000010000010101001001000100110,100000000100100001010000000011010001,000010000001011100000100010100001000,157,828ms
011010111000000100110000000000000000,100101000100000011000100000000010001,000000000010011000000001100000101110,000000000001100000001010011111000000,87,51356ms
100010011001000001000000010001000001,000001000100110010000010000100010100,001100000000000100011000100010001010,010000100010001000100101001000100000,93,28098ms
100001001000110010000000001000010100,010110010000001001000000010001001000,000000000101000100000011000110100010,001000100010000000111100100000000001,87,17226ms
000010001010000110011010000000001000,100001000001001001000000000110000101,011000000100100000000000011001110000,000100110000010000100101100000000010,56,47053ms
111111101000000000000000000000100000,000000010100010100101010000001010000,000000000010001010010000100000001111,000000000001100001000101011110000000,154,7249ms
011100000000001000000000101001000101,000000110000010010100011000000001010,100000001110100000001100000100010000,000011000001000101010000010010100000,151,269ms
111101101000010000000000000000100000,000000010000001000101010110010000001,000000000000000110010001000101001110,000010000111100001000100001000010000,157,2746ms
010111101100011000000000000000000000,001000010001100010000110000000100001,000000000000000100011000101100001110,100000000010000001100001010011010000,100,84544ms
000110101100000000000110000100010000,000000010010010100011001000010100000,110001000000001000000000101001001010,001000000001100011100000010000000101,177,32ms
001101001010000010000100000100100000,100010000100000101000001010001000010,010000100000110000101000100010010000,000000010001001000010010001000001101,100,2643ms
101111000000000011000000011000000000,000000110100110000000000000011101000,000000000001001100110001000100000101,010000001010000000001110100000010010,147,36337ms
100110001000001110000001000000000100,001000000101000000011000001000110010,000001000010000001100110110100000000,010000110000110000000000000011001001,121,25159ms
001011101000010011000000000000000001,000100000010000100111010000001001000,110000000000100000000101000110100100,000000010101001000000000111000010010,157,729ms
111000011010100010100000000000000000,000010100001000001001000110000011000,000101000100000000010101000100100100,000000000000011100000010001011000011,157,132ms
001010001010110100000010000000000100,100000010101000000110000000010001010,000100000000000000001101101001100001,010001100000001011000000010100010000,30,13731ms
000111111001100000010000000000000000,000000000100000000000011110110000101,111000000000000010001000000001111000,000000000010011101100100001000000010,154,7710ms
101001011001000010100000000000010000,000100000100001000000100001011001100,010000100000000100000011100100100010,000010000010110001011000010000000001,151,1391ms
010011011000000010000101000000000001,001000000000010001000010111011000000,000100100001101000100000000000110100,100000000110000100011000000100001010,80,9230ms
111010100000000000000000100100010100,000000010000010001010100001010001001,000001001110101000000010000001100000,000100000001000110101001010000000010,153,966ms
010001110000000101000100000000000101,101000000000010000100010011000011000,000110001001101000010000100000000010,000000000110000010001001000111100000,55,7655ms
011001001011000000010001010000000000,100010100000010000001100000001000011,000100010000100100100000000010011100,000000000100001011000010101100100000,83,29985ms
111010110000000000000100000010000100,000001001000001000000001100100001011,000000000010110111010000000000110000,000100000101000000101010011001000000,132,12167ms
010011001100100000000010100000000100,000100000000000011100001001001010001,000000010010010000010100010100001010,101000100001001100001000000010100000,79,4816ms
111000111100100000000000000000000100,000001000010000101100000000101001001,000000000001000000001101111000110000,000110000000011010010010000010000010,126,4383ms
010000000000001010101110000100001000,001000000001010000010001101000010010,000101110000000001000000010010100100,100010001110100100000000000001000001,82,30523ms
010001000010100110010001000000001000,000000010001000001101000100011000001,100000001000011000000110001000010100,001110100100000000000000010100100010,69,10163ms
110100011100000000001001100000000000,001010000010000110000000010010000101,000000000000110001110000001101100000,000001100001001000000110000000011010,157,831ms
001111101000001000000001010000000000,100000010100000000111000000111000000,010000000010000101000000100000111100,000000000001110010000110001000000011,92,10090ms
001100110101000000100000010001000000,100011001000000010010001000100000100,000000000010011000001100101000000011,010000000000100101000010000010111000,60,19649ms
001111001100000000000001001000001000,010000000000011001011000100001000001,000000010001100110000110000110000000,100000100010000000100000010000110110,96,986ms
110001101001000100000000101000000000,000010000010011000000000010110011000,000000010000100011000100000001100011,001100000100000000111011000000000100,92,41846ms
101111100000001000000000000000010100,000000000001100001001110010101000000,000000010110000100010000100000100011,010000001000010010100001001010001000,162,2833ms
000111000111001000000000000000001100,010000000000010010100000101000010011,000000100000000101001110010110000000,101000011000100000010001000001100000,70,1610ms
100110110100000000000101000000000001,011000000010000110100000011000001000,000000001001000001010010100001010100,000001000000111000001000000110100010,127,9830ms
110101110000100010000100000000000000,001000000000000101011010100011000000,000010001110001000000001001100000001,000000000001010000100000010000111110,157,325ms
001000011100001000000010101000001000,000001000000010001110001000010000101,100100100001000100000100010001000010,010010000010100010001000000100110000,94,5017ms
110111100001000100000000000000000001,000000010000001010010000110001101000,000000001100010000001110000100000110,001000000010100001100001001010010000,177,193ms
000001000100011001000100010010000001,100000010010000000000000101101011000,011100000000100000011001000000000110,000010101001000110100010000000100000,65,7806ms
111110100011000000000000000000100000,000001000000110000000000110001010011,000000010000000100101011001110000000,000000001100001011010100000000001100,177,46ms
100100011010100000101000100000000000,010000000000000111010001000001100010,001011000100001000000010010000001001,000000100001010000000100001110010100,151,400ms
100111011010000010010000000000000000,010000100000001100000000111100100000,000000000000110000100011000001010110,001000000101000001001100000010001001,146,12219ms
100101111010100000000000000100000000,000010000100000100010110011000000100,010000000001001000100000000011111000,001000000000010011001001100000000011,157,37ms
001110110101000000001000000000001000,000000000010000100100100000101000111,110001001000001010000001001000010000,000000000000110001010010110010100000,157,10408ms
001100001110100000000010000010001000,000000100000001001010100000100100101,110001010000010010101001000000000000,000010000001000100000000111001010010,157,562ms
100001100010111000010010000000000000,001000001001000100001000101000001100,000100000000000011000001010110100001,010010010100000000100100000001010010,84,7516ms
101101000000000000000101011000000001,000010100000011101100000000010100000,010000010111000000010010000001001000,000000001000100010001000100100010110,157,335ms
011000111010001000000101000000000000,100000000000110000100000001101001010,000110000100000101010000010010010000,000001000001000010001010100000100101,120,23543ms
001111110000000000000001100000010000,000000001000010000100000000111000111,010000000001000100011100011000001000,100000000110101011000010000000100000,99,31145ms
101011101100010000000100000000000000,010000000000100101011000000110000001,000100010000001010100000000001010110,000000000011000000000011111000101000,142,618ms
101111010000000001001000000000000001,000000000100010010100100001001110000,010000101010100000000000110100001000,000000000001001100010011000010000110,161,3334ms
100111111000000000000000100000001000,001000000001000010100001000110100100,010000000110011001000110000000010000,000000000000100100011000011001000011,177,3030ms
101101111000000000000000010000000010,000000000101010001100001001000100100,000010000000100110001000100010001001,010000000010001000010110000101010000,123,1114ms
000011010000100110000010000000001010,000000100000011000011100000101100000,111100000010000001100000100000010000,000000001101000000000001011010000101,125,1222ms
011001011000000010000101000000100000,000000000000111100110010000000011000,100010100000000001000000101001000011,000100000111000000001000010110000100,119,9514ms
100001000010010100010000010010001000,000010000000101001000010000101010100,001000001000000010100001001000100011,010100110101000000001100100000000000,100,34050ms
101011000000000000010010000111000000,000000010011100000000100010000011100,000100000000010101100000100000100011,010000101100001010001001001000000000,130,2370ms
110001111010000000000000100010000000,001000000000000000011011000100110001,000100000101110100100000000000000110,000010000000001011000100011001001000,157,248ms
101110111000010000000000000100000000,000001000110000010101000001000000101,010000000000000000010111100010110000,000000000001101101000000010001001010,177,66ms
111001110000000001010000000010000000,000000000101100100000010111000001000,000100000010000010000100000100110110,000010001000011000101001000001000001,157,534ms
000011111100010000001100000000000000,000100000001000000110000000100101101,010000000010101000000011100001000010,101000000000000111000000011010010000,77,4247ms
000100011100010000000001000000011001,001001000000100001111000010010000000,000010000001001000000110000101000110,110000100010000110000000101000100000,42,13777ms
011000010000000011000000000110101000,000010100100101000010001100000000100,100101000011010000001000000000010001,000000001000000100100110011001000010,157,6855ms
010111000010000001000001110000000000,001000010000000010001000000110010101,100000000101000000100000001001101010,000000101000111100010110000000000000,156,104833ms
111000000100000011000010100010000000,000011000000100000001001001100000110,000000010011001100010000010000010001,000100101000010000100100000001101000,120,3177ms
111101000000000000000000010010000011,000010000000100000110010101000100100,000000100010001011000001000001011000,000000011101010100001100000100000000,131,7653ms
011101110000000000000000001001000010,000000001101001011000110000000000001,000010000010110100100000000110100000,100000000000000000011001110000011100,116,23074ms
101001110000000010000000001100001000,000000000001000001111110010000000100,010000001000100000000000100011010011,000110000110011100000001000000100000,157,6672ms
001000010110001000010001000001000010,100010101001000010000100000100100000,000001000000000000101000110000011101,010100000000110101000010001010000000,49,7875ms
011001000000011000010000101000000100,100000110000000000000110010010110000,000110001100000000101000000001000011,000000000011100111000001000100001000,108,17203ms
111011001000001000000000001000100000,000000000100000100000101010101011000,000100000011000001101010100000000010,000000110000110010010000000010000101,157,3100ms
000100001001100100001000000010100100,000010000010001010010100011000010000,001001010100000001100000000100000011,110000100000010000000011100001001000,90,9300ms
110111110000100000000000000010000000,001000000100000010001101000000011001,000000001011010100100000001100100000,000000000000001001010010110001000110,177,146ms
110000110000100000000000010100011000,001001001000011000000001000010100010,000110000010000011001000001001000100,000000000101000100110110100000000001,125,21159ms
011010011000100000000000011000100000,100001000001000110001000000001010001,000100000000001001110001100010000100,000000100110010000000110000100001010,80,7139ms
111111000000000000001001000000000100,000000000110011100000010111000000000,000000001001000001100000000010111001,000000110000100010010100000101000010,164,1390ms
000011100110111000000000000000001000,100000011001000100100010000100100000,011000000000000010010001001010000110,000100000000000001001100110001010001,89,32773ms
110010100001000000101000001000000100,000001010000010000000100100101110000,001100000100100001000011010010000000,000000001010001110010000000000001011,157,1036ms
110010101000001100010000000000100000,001100000000010000100010100001000011,000001000110100001000000011000011000,000000010001000010001101000110000100,157,2302ms
110010011010010000000000000010001000,001100000101001100000000010100000010,000000100000000010101110101000100000,000001000000100001010001000001010101,102,22558ms
110101100100000000110000001000000000,000000010000101001001100000011010000,001000000000000110000001010000101110,000010001011010000000010100100000001,157,83ms
001010000000001011000101000000101000,100100000100000000010010010010010001,000000001001010000101000001001000110,010001110010100100000000100100000000,11,619ms
011011101010000000000000010000010000,100000010100000000100010000010100011,000000000001000100000101101100001100,000100000000111011011000000001000000,84,16235ms
100010110000110000010000001100000000,010100001011000000100000000010110000,000001000000000010000111100001000110,001000000100001101001000010000001001,88,899ms
010110000010100000000101000100010000,000000010100000100101000000011000011,100001001000011001000000011000001000,001000100001000010010010100000100100,144,2152ms
100100110100100000000100100100000000,010000000010010000000000011001001110,000001001001000111100000000000100001,001010000000001000011011000010010000,136,512ms
000001110000100000100100010000000011,011010000001000001010000101000100000,100000000100011100000010000100010100,000100001010000010001001000011001000,110,8564ms
011111111000000100000000000000000000,100000000000000001001001000101011100,000000000110110000100000110010000001,000000000001001010010110001000100010,136,27744ms
111011111000000000000000000000010000,000000000010100001000011101101000000,000100000000011010110100000000100100,000000000101000100001000010010001011,157,1892ms
000101101000101000000001010000010000,100000010100010000100100100100000001,000010000001000110011000000001100010,011000000010000001000010001010001100,11,783ms
010110001001000000010000111000000000,001000000100101100101010000100000000,100001010000010000000001000001001110,000000100010000011000100000010110001,152,15461ms
001101011100010000000000100000000010,000010000001101010111000000000000100,000000000000000100000111011110001000,110000100010000001000000000001110001,74,74177ms
010100111100000000000001100100000000,000000000011101010000000000001001101,100010000000010000010100001010110000,001001000000000101101010010000000010,143,5475ms
000111010001001000000001101000000000,100000000110000011010110000000001000,010000101000000100100000010010000101,001000000000110000001000000101110010,107,109715ms
111111011000000000000010000000000000,000000000010100001001001011101000000,000000100101000010110000000010100010,000000000000011100000100100000011101,177,53ms
001000110110100001000000100000001000,010011000000000100000010001000110010,000000001000000000101100010101000101,100100000001011010010001000010000000,62,82790ms
111101111000000000000010000000000000,000000000110000000010101101010000100,000010000000110100101000000000100011,000000000001001011000000010101011000,157,62ms
001001110010000000100010000000010010,010110000000010110010000100000100000,100000001000001000000101010101000001,000000000101100001001000001010001100,105,15827ms
001101111000000000000000010000100100,000010000010010000010011100100000010,000000000101001101001000000010011000,110000000000100010100100001001000001,62,27944ms
101100010000000000001010000001100010,010000000000001100110001001000010001,000001001001100000000000110010001100,000010100110010011000100000100000000,95,7658ms
001000100000011100000010110000000001,110000010000000010100001000100001010,000101000011000000000000001011110000,000010001100100001011100000000000100,0,7772ms
000000110000101000010011101000000000,000101000100010011001000000100000010,001010000010000000000100010011011000,110000001001000100100000000000100101,0,12083ms
010001111000100001000100001000000000,000100000101010000000010000010010101,000000000010001010101001010000100010,101010000000000100010000100101001000,62,107707ms
000010101000000000001000101101100000,101000000101011100000001010000000000,010001000000100000110010000000011100,000100010010000011000100000010000011,97,43810ms
000000100100000011000011001000001010,010101010000000000010100100000110000,001010000000011000101000010010000100,100000001011100100000000000101000001,0,6387ms
010010000010010000001000001000010011,001100100001100000010000010011000000,100000011000000000100010100100101000,000001000100001111000101000000000100,129,2702ms
101100011000010100000000001000000001,010000100100000001010000010100101000,000001000011101010000110000010000000,000010000000000000101001100001010110,79,48654ms
000010000000100100101000010011100000,001000000001010001010010001000010100,010100101010000010000101100000000000,100001010100001000000000000100001011,59,51160ms
110011001000000010001000000000100100,000000000011001100110001000101000000,000100100100110001000110000010000000,001000010000000000000000111000011011,132,15232ms
101100001010000010001001001000000000,000000010001110001000000010000100101,010001000100000000100000100100011010,000010100000001100010110000011000000,157,259ms
111010011000000000010000000100001000,000000000101111001000000000000000111,000000000010000010100000111011100000,000101100000000100001111000000010000,157,1323ms
110110001000001010001000010000000000,000000100001000001010110100010000100,000001010100010100100000000100001010,001000000010100000000001001001110001,177,348ms
111110010100000011000000000000000000,000000000011101000011000000000011010,000001000000000100100110010101100000,000000101000010000000001101010000101,177,957ms
101101011000000000001001000000001000,000010000010000000010000110001110100,010000100000111000000010001010000001,000000000101000111100100000100000010,132,8898ms
000010011011100000000010000000010001,101101100100010000100000100000000000,010000000000000000010001001101101100,000000000000001111001100010010000010,41,37419ms
110011010000011000000000010001000000,000100000101000011010101000010000000,000000101010100000101000101100000000,001000000000000100000010000000111111,157,2034ms
100001011100000000001010000100001000,000110000000000101010000001010010001,010000000011010000000101000001000110,001000100000101010100000110000100000,141,1223ms
011011110000000000100000001000000001,000000000011010011000100000000110010,000000000100001000011010000111000100,100100001000100100000001110000001000,111,27691ms
000010100000101000010000000011000101,000100001000010010000010110000011000,010000010010000101001100001000000010,101001000101000000100001000100100000,39,2583ms
000101000001000100100000100000100110,100010001000001010001001010001000000,000000100000010000000110001110011000,011000010110100001010000000000000001,16,3796ms
011000000000000111010001000001100000,100011110000110000000000001100000000,000100001101000000001100010000001010,000000000010001000100010100010010101,31,3328ms
001110101101000000000000000010010000,000000010000000001010101101100001000,000000000010110110001000010000100001,110001000000001000100010000001000110,103,56207ms
100111101000000000001000100100000000,010000010000100101010000010001100000,000000000011010000000011001010010100,001000000100001010100100000000001011,135,2955ms
111101011000000000000001000010000000,000000000000000111001010000100011100,000000000110110000110000001001100000,000010100001001000000100110000000011,157,1409ms
101001100000000100000000000010001101,000110000010101000110000001001000000,010000010100000010000101000100010010,000000001001010001001010110000100000,157,4344ms
001100010100010000001000001000000101,010000100001000011000010000011010000,000010001000100100010101000000101000,100001000010001000100000110100000010,30,1641ms
101100100000000110000000001000010001,000010000000001001100011000110000100,000000011001010000001000100001101000,010001000110100000010100010000000010,67,5929ms
000101111100000000000000101000000010,000000000010011101010100000010000100,010010000000100000101000010100101000,101000000001000010000011000001010001,95,3440ms
111101001000000000000100000000010001,000010100001010001001000010010001000,000000000110001110010010001001000000,000000010000100000100001100100100110,118,19115ms
011101101000000000100010000000000010,000000010010001000001000001011000101,000010000000000010010001110100101000,100000000101110101000100000000010000,120,4652ms
111101100000000001000000001001000000,000000010100110010000100010000110000,000000001010001100000001000110001100,000010000001000000111010100000000011,157,476ms
111110000000100000000010000001010000,000000000000001011010001010000001110,000001111101000000100000100000000001,000000000010010100001100001110100000,177,201ms
000111100100000100000000100001000001,011000010000000000010001001010010010,100000000010100001001110000000101000,000000001001011010100000010100000100,103,42144ms
100100010000010001000001000100100100,000000000010001000011100100001001010,010010101000000100000010010010000001,001001000101100010100000001000010000,131,13878ms
000100101100000000100011100000100000,000001000000101010010000011000010001,100000000011010100001100000110000000,011010010000000001000000000001001110,113,14348ms
010101100000000000001010000000111000,101000010000010001010001100100000000,000000000011100110100100001010000000,000010001100001000000000010001000111,77,33494ms
100010001000010000100101000000010100,001001000011000001001010000000001001,000000100000100110010000011001100000,010100010100001000000000100110000010,55,3438ms
011000100000001110000101010000000000,000110000100010000010010000011100000,000000011001000000001000100100010011,100001000010100001100000001000001100,68,11944ms
100110101000011000000100100000000000,010000000111100000100000000000101100,000001000000000001001010010010010011,001000010000000110010001001101000000,116,4333ms
001111111000000000001001000000000000,000000000111001101000010001010000000,100000000000110000000000110000100111,010000000000000010110100000101011000,146,16331ms
010101110000100000001010000000100000,000000000000010011100000010001001110,101000000010000000010001101010000001,000010001101001100000100000100010000,157,2916ms
111001000011000110000000100000000000,000000001100001000010110000100110000,000100010000100000001001010011000010,000010100000010001100000001000001101,146,5403ms
000000101100000100110100001000000001,110000000000001000000001000111010010,000111010000010001001010000000001000,001000000011100010000000110000100100,92,19889ms
111001100100000010001001000000000000,000110001011010001000000100010000000,000000010000100100000010011101001000,000000000000001000110100000000110111,128,19170ms
011110100001000100101000000000000000,100000010100001000000010000111010000,000000000010110000000101100000000111,000001001000000011010000011000101000,121,18001ms
010101011110000100100000000000000000,100000000000100001010110100001100000,001000100000001010001000001000011001,000010000001010000000001010110000110,119,1493ms
000110100001101010000000100000000010,110001001000000000000010001101000100,000000010000010101111000000010001000,001000000110000000000101010000110001,45,2959ms
111011000000000100000010100100000000,000000001100000000001101000001011010,000000100000000011110000011000000101,000100010011111000000000000010100000,157,3027ms
000000010001101000000100001000100101,000010001110000010010010000001010000,010001100000000100001001000110001000,101100000000010001100000110000000010,30,1458ms
100111010010000000000000010101000000,000000000000100001001101100000110001,001000001101010000010010001010000000,010000100000001110100000000000001110,177,168ms
110000001011000000010000110000100000,001000000000000001101100000000011110,000100100100000110000010000011000001,000011010000111000000001001100000000,115,3408ms
010000011000100001100100010000001000,100100100101000000000011000000010001,000011000010000100001000100000100110,001000000000011010010000001111000000,44,1865ms
101000000000000011000011001000100001,000000000001111100000100000010011000,010010001010000000101000010100000100,000101110100000000010000100001000010,119,964ms
000010111000100010010000000001000001,000001000101001100100001001000000100,001000000010010001000000000010111010,110100000000000000001110110100000000,34,85141ms
101000110000000000001010001000100100,010010000101110010000100000000000010,000001001010000000010001000011001001,000100000000001101100000110100010000,109,13469ms
110111111010000000000000000000000000,000000000000100000110110001010100100,001000000101000100001001000000001011,000000000000011011000000110101010000,177,52ms
010100001000000100101000001000100100,101000100000001000000011110001000000,000000000100110000010000000100011011,000011010011000011000100000010000000,67,22133ms
100101010000100100001000000000100010,000010100000000001000000011111000100,000000000110001000000111100000001001,011000001001010010110000000000010000,83,13291ms
001011011010000000100000010000000001,000000100001000100000110100010010100,110000000000110001010001000001000010,000100000100001010001000001100101000,157,510ms
000111001000001000000001001010000010,001000010100000000011000010000001101,000000000010100010000110000101110000,110000100001010101100000100000000000,48,17896ms
011001101000010000000010000000010001,100010000100001000110001010100000000,000000000010100011001000100001100100,000100010001000100000100001010001010,48,18963ms
010100000001000100011001000000001010,000001010110100001000000000101000001,100010001000010000100010010000100100,001000100000001010000100101010010000,109,8958ms
100111100000000011100000000000000001,000000000000010000001101001111000010,001000000010101000010010110000010000,010000011101000100000000000000101100,111,54217ms
011110001001001000000000000000011000,000001010110000110000100010000000001,100000100000010001111000000001000010,000000000000100000000011101110100100,177,4127ms
001110011000000000001001100010000000,000001000000001000110000010001110001,100000100110100100000100001000000100,010000000001010011000010000100001010,144,11563ms
010000010001000010110011100000000000,000001001000100000001000001001100011,001100000110001000000000000100011100,100010100000010101000100010010000000,105,35692ms
000011001100100010000000010010001000,010000000000010100100111001001000000,001100000001001001011000000000100010,100000110010000000000000100100010101,54,13985ms
100000011000010011000000000000101100,000001100000101100010101000100000000,010110000000000000001000111001000001,001000000111000000100010000010010010,137,26936ms
001001000000000011101100000010001000,000000010100011000010001000100010001,000010000011000100000010100001000110,110100101000100000000000011000100000,21,3376ms
010010110100000000111000000000001000,100000001000010100000010000000100111,000100000011000001000101000101010000,001001000000101010000000111010000000,108,2659ms
100011110010010000000010000100000000,000000000100100010000001111000001001,011100000000000100010100000001000110,000000001001001001101000000010110000,141,2095ms
000100100000100000001000011010010010,010001001100000000000111000100001000,101000010001011001010000100000000000,000010000010000110100000000001100101,89,34042ms
101000001110000010000000100010001000,010000000001110000000001001000010011,000101110000000001100100000101000000,000010000000001100011010010000100100,157,33ms
101101100000000000000000010010001100,010010000010001000110001100000010000,000000000100100110000010000100100011,000000011001010001001100001001000000,143,8662ms
001010010000001001000101000000001100,100100101010100000110000000001000000,000001000100000100000010011010000011,010000000001010010001000100100110000,15,870ms
010100110000000010010010000000001001,100000000001000100100001010001000110,001010000100000001001100001000110000,000001001010111000000000100110000000,66,5048ms
010000111001000110000100000000010000,101010000100000000000001000001000111,000101000010001000000000011110100000,000000000000110001111010100000001000,67,11058ms
100000111010000010011001000000000000,001101000000000001100000100000011010,000010000100101000000110010100100000,010000000001010100000000001011000101,104,8951ms
000110011001000000000001100100000010,000000000110000000110110010010100000,010001000000111010000000000001010100,101000100000000101001000001000001001,90,18212ms
110101001001000000000110001000000000,000010110000000001101000010000000101,001000000010001100010001000010010010,000000000100110010000000100101101000,132,9460ms
101001010001000001001000010000001000,000110000100000100100001000100010100,010000001000110000010010100000100010,000000100010001010000100001011000001,113,2755ms
110111000000001001000000000110000000,000000000101100100100000100001001001,001000000010000010011001000000110100,000000111000010000000110011000000010,156,4400ms
110011111000000000000000000000100001,001000000000110001100001100100010000,000100000100000000011110001001000100,000000000011001110000000010010001010,130,2998ms
011111100000000001000000010000000010,100000000010110000110010001000001000,000000011101000010001000000110000100,000000000000001100000101100001110001,137,24590ms
011010001110000000000000100001000100,100001000001001101010010000100000000,000000010000100000001101001010011000,000100100000010010100000010000100011,85,3379ms
010100011001000001010000001000000100,000000000010010010100111000000001010,000011100000101000001000010001000001,101000000100000100000000100110110000,47,14041ms
111000010000000110000110000000100000,000000000111100000000001100111000000,000011100000000000101000000000011011,000100001000011001010000011000000100,144,3721ms
100000101011010010001000000000010000,000110010000100001000000001101100000,010000000000000100110111100000000001,001001000100001000000000010010001110,97,38838ms
101010111000001001000000000001000000,000100000001100110100100001000000100,010000000110010000010011000000000011,000001000000000000001000110110111000,157,2947ms
010111011100010000000000000000100000,000000000000001010011001010000001011,001000100011000000100110000110000000,100000000000100101000000101001010100,142,2044ms
000000011000010000000100011100010010,001101000000100000010010100001100000,110010100010000001001000000010000001,000000000101001110100001000000001100,112,15715ms
110011101000000000100000010100000000,000000000100100101000001001000110001,001000000001010000000110100011001000,000100010010001010011000000000000110,157,53ms
111100000001010000100000010000001000,000000111000100001000100000110000010,000010000110001100000010000001100001,000001000000000010011001101000010100,157,1689ms
110110011000110000000001000000000000,001001000010000000010000101001011000,000000100101001001001100000100100000,000000000000000110100010010010000111,177,1818ms
110110010000100000000011000000000100,000000100000001010001000101001100010,001001000111000101100000000000000001,000000001000010000010100010110011000,177,620ms
111011110000000000000000001000010000,000000000100000001000110100110000110,000000000001110110010001000000001001,000100001010001000101000010001100000,118,6965ms
101110011000000000000000000110000001,010000000110000000111001001000000100,000001000000010011000100000001011010,000000100001101100000010110000100000,177,420ms
001010111100001000000100010000000000,000000000000100010100010101100001001,110101000010010101001000000000000000,000000000001000000010001000011110110,157,1328ms
110001001010000110000000000010000010,000100000000011000001101101100000000,001010000001000001010010010001010000,000000110100100000100000000000101101,144,2595ms
111100100001000100000000000000100001,000000001000101000010001001001011000,000011010010010000000100110000000010,000000000100000011101010000110000100,143,4508ms
111001111000000001000000000000010000,000010000010100000101010110000000001,000100000100001000000001000011001110,000000000001010110010100001100100000,157,829ms
110100101000000100010010100000000000,000001010110010000000000011000110000,000010000001000000001101000001001011,001000000000101011100000000110000100,133,2323ms
011100001000010100000000000011010000,100001000001100010110001010000000000,000000100010000000001000101000101101,000010010100001001000110000100000010,61,43899ms
100000001000100000100010001101010000,000000100100001110000100100000000011,011000010011010001010000000000001000,000111000000000000001001010010100100,144,11642ms
011011000001000000000101100100000000,100000100000010100000000010001111000,000100001000101001101010001000000000,000000010110000010010000000010000111,106,41545ms
001011110000000010000000000000101010,110000000100001000000000100001010101,000100001001110001000110000010000000,000000000010000100111001011100000000,57,47515ms
111000100100100001000000100000000001,000000010000000000000011011101010100,000110000011001000000100000000101010,000001001000010110111000000010000000,162,14598ms
101011111000000000100000000000000010,010000000011100000011000100000101000,000100000000011010000100000111010000,000000000100000101000011011000000101,157,158ms
110001110001000000000100001000010000,000000001010110000100000100110000010,001000000100001010001010010001001000,000110000000000101010001000000100101,130,2230ms
011000110110000000000000001010000100,100000000000101101100000110000100000,000110000001000000001011000100000011,000001001000010010010100000001011000,125,2897ms
001010011000000000100000001001010001,100100000011011000000001000000001010,010000100000100100001000010010100100,000001000100000011010110100100000000,99,13865ms
100010111000000100000000000110000010,000000000110100000001011000001100100,001101000001001010110000001000000000,010000000000010001000100110000011001,157,2420ms
010011000000000100000100000100001011,100000000001101001000000001010010100,001000010000010010010011100000100000,000100101110000000101000010001000000,61,29367ms
100111001000000100000000000000111000,000000000100101001101000110000000100,000000100000010010010100001111000000,011000010011000000000011000000000011,134,14705ms
001010100100000000100101001000001000,100001000000011100000000010000100101,010100001001100000000010000111000000,000000010010000011011000100000010010,112,2822ms
111110110000000000000010000000000001,000001000000000110000101110010000010,000000001100010001011000000000111000,000000000011101000100000001101000100,147,4089ms
001110111000100100000000000100000000,000000000000000010011110101010000010,000001000111001000100001000000101000,110000000000010001000000010001010101,109,8258ms
110100111010000001000000000000010000,001001000000010010000000110100100010,000010000000001000110001000011000101,000000000101100100001110001000001000,115,28255ms
111111110000000000000000000000000001,000000001001110001100100100001000000,000000000110000110001001000100100010,000000000000001000010010011010011100,177,86ms
011011111000000000000000010100000000,100000000100100100000100100010001100,000000000011000001001011000000100011,000100000000011010110000001001010000,103,13989ms
011000011011000001010001000000000000,100000100100100000000010001000100110,000010000000001010101000000010011001,000101000000010100000100110101000000,92,5663ms
011111110000100000010000000000000000,100000001001010000000001111100000000,000000000100000010101100000001101100,000000000010001101000010000010010011,137,42868ms
011001110000100000010000001010000000,000110001000010000001000010001010100,100000000110001011000110000000000010,000000000001000100100001100100101001,157,80909ms
111100001000001000011000010000000000,000000100000010000000101000100011011,000011010001000110100000100001000000,000000000110100001000010001010100100,143,5305ms
111000001000000100001000100000010010,000000000001010000110010000101101000,000010010100100010000100010000000101,000101100010001001000001001010000000,105,10423ms
111000110000100010000000010100000000,000000000001011000011011000010000001,000100000100000001100000101000111000,000011001010000100000100000001000110,157,211ms
100101000000001010000101100000000001,001010000001110000101010000000001000,000000100010000001000000001011110010,010000011100000100010000010100000100,41,7612ms
101001001000101101010000000000000000,000100010000000000100001010110010001,010010000110010010001000100000000010,000000100001000000000110001001101100,143,41930ms
100001101000000000011000000110001000,011010000000011000000110000000100100,000100010101000100000001101001000000,000000000010100011100000010000010011,114,5725ms
110010110000000011100001000000000000,000000000000000100001100101010001101,000101001100000000010000000001110010,001000000011111000000010010100000000,157,350ms
010001100000000100100100010100000100,100100001010001010001000000001000001,001010010001000001000001100000011000,000000000100110000010010001010100010,83,7779ms
111101110010000000000000000000000010,000010001000010011000001001001001000,000000000000000000010010110010110101,000000000101101100101100000100000000,128,31897ms
000100000001011100000100110000000100,100000010010000010101011001000000000,001010100100100001010000000000010010,010001001000000000000000000111101001,25,266098ms
111010000100000000101000010000100000,000000000001100111000001000010001001,000100011010000000000000101100000110,000001100000011000010110000001010000,157,148ms
110101000001000010010001000000100000,001000110000100000001100011100000000,000010001100011000000000100011000100,000000000010000101100010000000011011,115,25575ms
001110000010000000000000001101011000,000001010001100011101000100000000000,110000001000000100010010000000000111,000000100100011000000101010010100000,177,14114ms
111000101000000000000100010010001000,000100000011100110010010100000000000,000000000100001001001000001100110010,000011010000010000100001000001000101,150,63449ms
000011101001000000100000110000010000,000000000100101000010000001101001001,111100000000010000000110000010000100,000000010010000111001001000000100010,148,1251ms
101111111000000000100000000000000000,010000000010010011001010000000000110,000000000101001100000000010100011001,000000000000100000010101101011100000,177,158ms
000111101000001100000000001000000010,001000000100110000010101110000000000,010000000011000010000010000001010101,100000010000000001101000000110101000,70,44254ms
111110001000100100000000000000001000,000000000011010000001001000101000011,000001110100000000100100101000000100,000000000000001011010010010010110000,177,400ms
101000101000110100000000101000000000,000000010010000001001000010100011100,010010000001001000100101000000100001,000101000100000010010010000011000010,137,4206ms
100010000000100001001101000101000000,011001001001000000010000000010011000,000100010010001000000000011000100011,000000100100010110100010100000000100,60,4044ms
000000000000111000110001000000110010,000001111010000000000000100100001001,011010000001000101000010011000000000,100100000100000010001100000011000100,62,15030ms
101101110000000000000010011000000000,000010000100010110010000000110100000,010000001001100000000000100001010110,000000000010001001101101000000001001,139,3759ms
010100100100000000101010100000000010,100000010000010010000101000010010001,001001000010000101000000000100101100,000010001001101000010000011001000000,120,17868ms
010101010000100001001000010000000010,000010000001011000010100000001100100,101000101110000010100000000010000000,000000000000000100000011101100011001,157,589ms
101010110000000000011100000000000100,010100000000000000000010110110001001,000000001000010110100000001001010010,000001000111101001000001000000100000,120,10565ms
000011000010000001001001000100001001,110100001000010010010010010000000000,001000000100001000100000101011100000,000000110001100100000100000000010110,47,5775ms
000111110000000100000000001000010010,000000000110000011000101010000100100,111000001001100000101010000000000000,000000000000011000010000100111001001,177,834ms
000100110100100100000001000100000100,100000000010000010010100001010010001,011000000001011000001000000001001010,000011001000000001100010110000100000,62,18985ms
101100101100001000000000000010100000,000000000000100000000001111100011010,010000000001000011010110000001000001,000011010010010100101000000000000100,135,5397ms
101011001000101000100000100000000000,000100000001000101000000001001101010,010000010010010010001100010010000000,000000100100000000010011000100010101,157,2702ms
111100101000100000100000000000001000,000011000000000000000001011110000101,000000010000000001001010100001110010,000000000111011110010100000000000000,125,29702ms
010110110000000000000110000000000011,000001000001010100011000100100000100,100000000100001000000001010011101000,001000001010100011100000001000010000,149,13868ms
011101011000100000100000000001000000,000000000010011010010001001000000101,000000000100000001001100110110001000,100010100001000100000010000000110010,116,13839ms
011111000000000000010000000001001100,100000101011000000100000110100000000,000000000000110110000100000010010011,000000010100001001001011001000100000,98,34088ms
000101110111000000001000000000001000,000010000000001000010101010000010011,011000000000010111000010000010000100,100000001000100000100000101101100000,72,12669ms
110111011000000001000010000000000000,001000000001000010110101000001000001,000000100000111000001000010100010010,000000000110000100000000101010101100,145,6756ms
000001101000001100001000000111000000,100010000010000010010010100000001010,001100000000110001000001010000100001,010000010101000000100100001000010100,46,478ms
111110011000000000000000001000000001,000000000000100100001110100001100010,000001100011000000000000010110011000,000000000100011011110001000000000100,177,98ms
100000000000100001110100101000000100,010001001000000000000011000010100011,001000100101000010000000010101010000,000110010010011100001000000000001000,94,101911ms
101010011100000000000100001000001000,000000100000100111000010000010110000,000101000001011000011001100000000000,010000000010000000100000010101000111,144,9965ms
100101100010010000010001000000001000,000000011100001100000100011000000001,000010000000100000001010000111100010,011000000001000011100000100000010100,104,11203ms
110100010100000000000000010010100100,000010000001000010001010001000011001,000000000010011100110001100100000000,001001101000100001000100000001000010,143,3663ms
110011100000000010000011000000000001,000000000001001000101000010001011010,001100000110100100010000001000000100,000000011000010001000100100110100000,157,2215ms
111111111000000000000000000000000000,000000000000001100100001100001110001,000000000111000011010000000010001100,000000000000110000001110011100000010,177,79ms
011000101000010001100000000001001000,100111000000000010010010000100000010,000000000110001100001000100000110100,000000010001100000000101011010000001,87,5886ms
001001010000000010000001100001101000,000010001100101000110000000010000100,000100100010010100000000011000010001,110000000001000001001110000100000010,30,293ms
111100111000000101000000000000000000,000001000000011010010000101000000110,000010000111100000000010010000001001,000000000000000000101101000111110000,157,99ms
100011001000001000010000100100000100,000100000111000101000010000010100000,000000010000100000001101011001001000,011000100000010010100000000000010011,80,6614ms
110100001000000001010000010101000000,001010000100100000000000001000110110,000000010011010000101000100010000001,000001100000001110000111000000001000,157,1218ms
001100101000100000000000001011000001,000000000100000000100011100000011110,010011000000010101000100010100000000,100000010011001010011000000000100000,84,11694ms
110101101000000000100000000000001100,000000010000001000001001001110100001,000010000100110100000010000001010010,001000000011000011010100110000000000,135,4393ms
101000010000011000000001010010100000,000011000001000101000010000100010010,010000101110000010001000100001000000,000100000000100000110100001000001101,141,2240ms
011100010110000010000010000000000001,000001000001010000111000100000101000,100000000000001101000001011010010000,000010101000100000000100000101000110,144,9775ms
101110110000000000000001000000101000,010000000010011001001000000100010001,000000001001100100100000001010000110,000001000100000010010110110001000000,163,3257ms
001101100000001000000000110000010010,010000000010010000001011000011100000,100010001001000010100100001000000100,000000010100100101010000000100001001,124,3155ms
010001011001000000001000011000010000,000100000000100100000111000000001110,100010000000001010010000100111000000,001000100110010001100000000000100001,150,165ms
111010101000000001000001000000000010,000000000000100000000100110100101101,000000010101010010100000001011000000,000101000010001100011010000000010000,157,3185ms
000101010100001100000000100000011000,000000100010000010011101000000000110,101010000001000001000010001010000001,010000001000110000100000010101100000,108,3892ms
010110100010000001010000001010000000,101000000000010100000111000000000011,000001011000100010000000110000100100,000000000101001000101000000101011000,59,2641ms
110110101100000000000000011000000000,000001010010110000000110000010000001,001000000000000011100000000100110110,000000000001001100011001100001001000,177,98ms
011101010100000010000000000010001000,000010000001000100000100001101000011,100000101000011001100000110000000000,000000000010100000011011000000110100,157,2844ms
100000100001001000011011001000000000,000010000010000010100100000100101100,001001000000000101000000010001010011,010100011100110000000000100010000000,57,43842ms
100100100111000001010000000001000000,010000000000010010001010000000111100,001001001000001000100001001010000010,000010010000100100000100110100000001,157,554ms
101001000000010100000000011010000100,000000010000001000001001100101100001,010100000110000001000010000000011010,000010101001100010110100000000000000,121,29909ms
001011100011001000000000000101000000,000100000000110101000000010000101010,110000011000000000100000100000010101,000000000100000010011111001010000000,157,1164ms
101000100101000010100001001000000000,000011000010000000001000000111100001,010000010000001000010110010000000110,000100001000110101000000100000011000,157,2455ms
111001011000000000000001011000000000,000110000000010001010010100000010001,000000100011100010001000000010100100,000000000100001100100100000101001010,121,9061ms
101111110000000000000000000001100000,000000000001000011000011111010000000,000000000110010000100100000100010101,010000001000101100011000000000001010,153,1598ms
001001001000000100110001100000100000,100100100000001000000100011001000010,010010010100000010000000000100001101,000000000011110001001010000010010000,116,13328ms
110100110001000100100000000000000100,000000001110010001010001000001000010,000010000000101010001010110000000001,001001000000000000000100001110111000,111,27317ms
100101101000000001001000000000010100,000000000110101100000001000011100000,011000000001000000000110001000001011,000010010000010010110000110100000000,115,12659ms
001011111011000000000000000000001000,100000000000000100010010101001110000,010000000000011001001001000000000111,000100000100100010100100010110000000,74,20585ms
011100100001100000000001000001100000,100000000000010001000110001010010001,000010011010000000111000010000001000,000001000100001110000000100100000110,77,33795ms
010111111000010000000000000000100000,100000000100000110000000001101000110,000000000010100001111011000010000000,001000000001001000000100110000011001,81,28091ms
001100011100100010100000010000000000,000000000000011101000101000001110000,000001100001000000010000100000001111,110010000010000000001010001110000000,82,11382ms
100100111000100000000000110010000000,000000000101000101010110000001001000,001000000010011000001001000100110000,010011000000000010100000001000000111,101,13516ms
100011010000000100000010110000000001,000000000100111001001101000001000000,001100100000000000110000001100110000,010000001011000010000000000010001110,157,12519ms
000000001010000010001100010000011100,111011000000000100100000100100000000,000100010101000000010001001001000001,000000100000111001000010000010100010,20,2018ms
010101111000000100000000000010000100,000000000100001011000000100100001011,101000000010010000110111000000000000,000010000001100000001000011001110000,157,822ms
010100101000100001010100000000000100,100000010111000110000000000001000001,000000000000000000001011011100011010,001011000000011000100000100010100000,54,30598ms
010010010000010000100001000011000010,000100001111001000010100000000001000,000000100000100110000000101000110100,101001000000000001001010010100000001,45,7396ms
101011100000010000001100000000100000,000000001001001001100000000000001111,000100010010100000010011010001000000,010000000100000110000000101110010000,114,1549ms
010111001010000000001000000010000100,001000100000000010110000011100001000,100000000001100001000000100001010011,000000010100011100000111000000100000,138,27037ms
000110110110000000000000001011000000,110000001000000100110000010000100100,001000000001100001001011000000001001,000001000000011010000100100100010010,69,2998ms
110001000100101010001000010000000000,001000000000000000010001100111001001,000100010001000101000010001000100010,000010101010010000100100000000010100,114,22061ms
011110101000000001000000010000000100,100000000110000000001000000111110000,000000010000101000000011101000001001,000001000001010110110100000000000010,96,12433ms
100110000000010010000001000000011001,001000100000001000000010110011100000,000000001111100100011000001000000000,010001010000000001100100000100000110,104,19874ms
110000000100001001100000000011000100,001010101000110110000001000000000000,000100010000000000011010110000001010,000001000011000000000100001100110001,107,36836ms
101110010000000001010001000000001000,000000000010000110101000010000100110,000001001101010000000010100001010000,010000100000101000000100001110000001,148,5692ms
011100011000001000110000000000000100,100001000001100100001000010001000001,000010100000000001000011100000110010,000000000110010010000100001110001000,96,4547ms
111100011010000000010000000100000000,000010000001100000001100001000100110,000001000000000110000011010001010001,000000100100011001100000100010001000,129,709ms
001100111000100000000010000000011000,010000000010000010011001010010000100,100000000000011001100000001000100011,000011000101000100000100100101000000,117,2015ms
001000001010110001000000000000100110,100000110100000010101000011000000000,010001000001000100010101100001000000,000110000000001000000010000110011001,40,148898ms
110110100010001000010000000000000001,001000000101010000000010110000011000,000000011000100110000101001001000000,000001000000000001101000000110100110,134,9459ms
000100111010010010000000000000010001,110001000100101000001000000000000110,000010000000000000000111111100001000,001000000001000101110000000011100000,52,17624ms
110010111001000010000000000001000000,000001000010100001010010010000010010,000000000100001100000001001110000101,001100000000010000101100100000101000,157,495ms
110110111000010000000000000001000000,001000000010000100000100100010101001,000001000100101000110001010100000000,000000000001000011001010001000010110,177,231ms
110010010000100000000111010000000000,001000100010000001010000000101011000,000100001000001010001000001000100101,000001000101010100100000100010000010,111,7557ms
100001110000000000101000010000001001,011010000100010001000110000010000000,000100000000100010010000100101100010,000000001011001100000001001000010100,118,5111ms
111011100000010000001000000000000010,000000001100101000110000100001010000,000000010000000101000010010100001101,000100000011000010000101001010100000,125,4693ms
011110011000000000011000000100000000,100001000100000011000010000000011001,000000000001111100000001110001000000,000000100010000000100100001010100110,114,16001ms
101111001000000100000000000100000010,010000010100001000100001010010100000,000000000000010010001110101001010000,000000100011100001010000000000001101,146,7852ms
001011000000000000001010100000100110,000000000101111101000000010001000000,100100100000000000100101001010010000,010000011010000010010000000100001001,111,29036ms
000001100000101010000011000001010000,011000010000000101101000011000000000,000000001111000000000000100000101110,100110000000010000010100000110000001,0,1152ms
111011010000000010000000100010000000,000000001000110001100010010001001000,000100000100000100001000001000010111,000000100011001000010101000100100000,144,1478ms
010111110000000000010000000010000001,000000001011010010000100000001110000,101000000000100100000010010100001010,000000000100001001101001101000000100,177,191ms
100110011000000000000000000000011110,001000000011110010101000000000100000,000001000100001000000011110001000001,010000100000000101010100001110000000,122,4939ms
001110100000100000110001000000100000,010000000000000011000110011011000000,000000011010010000001000000100010011,100001000101001100000000100000001100,99,5107ms
010010101000000100000101000001000010,101000000000001011001010010000001000,000100010010010000100000000010100101,000001000101100000010000101100010000,63,3954ms
011111011100000000000010000000000000,100000100001100010011001100000000000,000000000000001101000000001001011101,000000000010010000100100010110100010,108,45087ms
000010010011100000001101000001000000,001000100000000010000000001000110111,100001000100011000010010010000001000,010100001000000101100000100110000000,69,13218ms
011000001100000110010000000100000010,000000100000111001100000000010000101,000101010000000000001110000001110000,100010000011000000000001111000001000,100,7186ms
011010000000010100100001000001100000,000000110010001000010000001000011010,000100001100000000001000110010000101,100001000001100011000110000100000000,91,2037ms
011110110000000000000111000000000000,100001000111000001000000000100001010,000000001000010010011000110001000100,000000000000101100100000001010110001,114,90683ms
000111011001000000001000001000010000,101000000010100100000001100000001100,000000100100001001010100000100100001,010000000000010010100010010011000010,102,2368ms
101010101010000000000000000101000001,010001010101000110100000100000000000,000100000000011000010010001010010100,000000000000100001001101010000101010,136,108722ms
100110100001000100001000010000100000,000001000110000000100100101000001001,011000010000001010010000000000010110,000000001000110001000011000111000000,141,2179ms
000000111000000101000000001100011000,000001000101011010000000110000100000,111100000000000000111001000000000001,000010000010100000000110000011000110,157,515ms
001101110000110010000000000000000010,010000000010000000101010000100011100,000000000000001101010101011000000001,100010001101000000000000100011100000,43,15714ms
110011110000000001000000100000100000,001000000110000010011000000010010100,000100000001011000000011000100000011,000000001000100100100100011001001000,138,3776ms
011111010100001000000000010000000000,000000101010000010000010001001100100,100000000000110001011001000100010000,000000000001000100100100100010001011,177,1762ms
110010000000000010000100000100101001,000000010100101100010000010010000010,001001000011010001000000000001010100,000100101000000000101011101000000000,121,462254ms
001001100000100100001100000010010000,010010000001001000000001101000001001,100100010000010011010000000000000110,000000001110000000100010010101100000,99,355ms
101010000000010000000000100000001111,000100110110000010100100000100000000,000000000001101100010010010010100000,010001001000000001001001001001010000,68,10045ms
110101111010000000100000000000000000,001010000000110001000010000100100100,000000000000001110000001111010010000,000000000101000000011100000001001011,132,10823ms
100001010100010011000000000001010000,000010000011001000110100010000000010,001000101000100000001010001010000100,010100000000000100000001100100101001,118,38185ms
101010010001000000000100100001000100,000100001000000000100001011100100001,000001000100111001011000000000010000,010000100010000110000010000010001010,89,71891ms
111010001000000001000000000101000010,000100000000110010010010000000101100,000000100011001000100101001010000000,000001010100000100001000110000010001,157,366ms
001111011000000000000001000010000100,010000000100110000000000111100100000,000000100011000101000100000000010011,100000000000001010111010000001001000,79,9792ms
001011010001001100000000010000000100,100000100100010000000001101011000000,010100001000000001101100000100010000,000000000010100010010010000000101011,109,9507ms
010000100100000000000111001011000000,000011000000000000011000100100001101,100000010001011110000000000000010010,001100001010100001100000010000100000,81,113737ms
010001010010000011010010010000000000,001010000101100100100001000000100000,100000100000011000000100001001001001,000100001000000000001000100110010110,105,156118ms
011011010000000001000100010001000000,000000101001101000001000000000110100,000000000110000000110000101100000011,100100000000010110000011000010001000,122,7372ms
000001001000000101010010000100010010,001000010010001010100001100001000000,110110100100010000000000010000000100,000000000001100000001100001010101001,173,5795ms
110000101000101001000000010000010000,001001000011000100111010000000000000,000110010000010000000000000001001111,000000000100000010000101101110100000,124,192944ms
110111001000000000000100000000110000,000000010100000001010000101100000011,001000000010010100100010000010001100,000000100001101010001001010001000000,161,2061ms
010010001110001000000001011000000000,000100000000000101100110000010110000,100001000001110000010000000100001010,001000110000000010001000100001000101,131,5767ms
110000010100000001000110000010010000,000000000000110110010000011100000001,000011100010001000100000000001001010,001100001001000000001001100000100100,136,884ms
111001101000000000001100000000001000,000100000000100000010000100110010101,000000000111000000100001001001100010,000010010000011111000010010000000000,157,6372ms
100110010000000010010000000011000100,001000001011001000100010010000010000,010000000100110100000001001100001000,000001100000000001001100100000100011,177,2293ms
100101110000000000001010100000010000,001000001100000000000100001001001101,000010000001000001110001010100000010,010000000010111110000000000010100000,136,6388ms
