100111010000000001100010100000000000,001000000100000000011100010100001100,010000100010011010000000000010100010,000000001001100100000001001001010001,177,1689ms
111000110001100000001000000000000001,000000000110001110100000000110010000,000001000000010000000011101000001110,000110001000000001010100010001100000,103,11184ms
111110000000000000011000000000110000,000000001110010110100000010000000100,000000000001101001000011100101000000,000001110000000000000100001010001011,161,6602ms
000011111001000000001000000001100000,010000000000000000010001000110011011,000000000010101110000110110000000000,101100000100010001100000001000000100,24,48095ms
100010101000100000100001000010100000,000001000001000100010010001100010010,001000010000001000001100110001001000,010100000110010011000000000000000101,102,10449ms
110111001000000000010100000001000000,000000000101100101001000110000100000,000000000010000000100011000100011011,001000110000011010000000001010000100,155,45984ms
000100011001000000000001100010100001,001001000010101000100000001000000110,000010100100000001001100010001001000,110000000000010110010010000100010000,25,533ms
111101011001000000000000000010000000,000000000000000101101010110000101000,000010100000011000010000001001010010,000000000110100010000101000100000101,143,523ms
010100011000000100010000010110000000,100000000111000001000010000001010010,000011000000000000001100001000101101,001000100000111010100001100000000000,72,90402ms
101010000100000001000110000010000010,010000110010111000100001000000000000,000101000001000100001000000100101100,000000001000000010010000111001010001,109,33764ms
001011001110000000000000101000100000,000000010000000101101100000100010001,110100000000110000000000000011001010,000000100001001010010011010000000100,157,1166ms
100000101010000000001100000110000100,000101010001010000100010000000011000,000010000000100011000000110001100001,011000000100001100010001001000000010,66,2875ms
000101000010000001001000100101000100,010000010000010000010101010000110000,100010100000101010100000001000000010,001000001101000100000010000010001001,110,8468ms
000011001001000010100000000000101010,000000000110111100000110010000000000,001100100000000000011000000111000001,110000010000000001000001101000010100,89,38396ms
101111000000000000000010000001001100,010000001000010101001101000000000010,000000010010001000000000100110110001,000000100101100010110000011000000000,160,64410ms
100101010000000000010100100100000010,000010000010101010000000000011000101,000000101101010101000000001000100000,011000000000000000101011010000011000,124,133887ms
011010011000000010000000000000100101,000000000000101001000001010110011000,000101100101010000101100000000000000,100000000010000100010010101001000010,121,14331ms
100000111000000000100001011000000001,010100000110001001010010000000100000,000011000000010100000000000101001110,001000000001100010001100100010010000,133,19911ms
010110110010000000000000100000001100,000000000101101011000000000110000001,100001001000000000011110011000000000,001000000000010100100001000001110010,177,9180ms
011011000001110000000101000000000000,000100000000000000101010110010010001,000000111110001000000000000100101000,100000000000000111010000001001000110,116,65127ms
110101100000000000000100000000100110,001010000001100001100000110000000001,000000000100011010011010000100010000,000000011010000100000001001011001000,141,12377ms
000000110010000000001110110000000010,001010000001010110000001000000010001,000100001100001001100000001110000000,110001000000100000010000000001101100,55,9435ms
111101111000000001000000000000000000,000000000000001010101110010100000001,000000000111100000010001000001100100,000010000000010100000000101010011010,157,160ms
001100111000100100000000100000000100,000000000001001000111000000100011010,000001000010000000000110011011000001,110010000100010011000001000000100000,32,9356ms
100111100000100000000000000110000100,000000001010001011000110000001100000,001000010100000000011000011000011000,010000000001010100100001100000000011,177,36ms
000100001001000000000000110010010101,000011010110000010010100000001000000,010000000000100100100011001100100000,101000100000011001001000000000001010,36,3555ms
001001110001011000000000001000100000,010010000110000100100000000011001000,000000000000000011001110010100000011,100100001000100000010001100000010100,30,6132ms
001001010010000000010000011000010001,010100000101101011000100000000000000,000010000000010100100011000011000010,100000101000000000001000100100101100,37,79036ms
110001111000000000001000010000001000,000000000011110010100000100001000010,000110000100001100010100000100100000,001000000000000001000011001010010101,177,1284ms
010011111001001100000000000000000000,101000000100000011110000001010000000,000000000000010000001001010101000111,000100000010100000000110100000111000,70,140553ms
011110001000000000000010000001000011,000000000000001101100101000110010000,000001010111100000000000010000101000,100000100000010010011000101000000100,89,6556ms
101010101000000101010000000000100000,010100000010011000100000000010001001,000001000001000000000001111101000010,000000010100100010001110000000010100,115,3069ms
011011110000001000001000000001000000,100000000110000000010000010110011000,000100000001000101000000001000100111,000000001000110010100111100000000000,61,22119ms
110001110000010000100001000001000000,000100000010000001010000100110000101,001000001100000010000010000000111010,000010000001101100001100011000000000,147,4716ms
011110100000011000100100000000000000,100001000101000000000000111000100001,000000010000100101001001000001001010,000000001010000010010010000110010100,102,6821ms
100111101000000001000010000000000100,000000000000001010001001001011010001,010000000110010000100100000000101010,001000010001100100010000110100000000,177,799ms
110000111000000000100100000100000001,000000000110011000000011000000010110,001010000000100111001000010001000000,000101000001000000010000101010101000,157,641ms
000100110001010110000000000000001001,001000001000100001010001100010000010,010001000110001000001000010001010000,100010000000000000100110001100100100,50,15953ms
101110111000000010010000000000000000,000001000001011100000000111000000010,010000000010000001100010000110110000,000000000100100000001101000001001101,177,212ms
110111101010000000100000000000000000,001000000101000100001001000001010100,000000010000011010000000010100101001,000000000000100001010110101010000010,160,562ms
111101010100000100000000000000000010,000010001010110000110000010000000100,000000000001001001001010100000110001,000000100000000010000101001111001000,142,9108ms
010111011000100100000000001000000000,100000000101001001100000010000011000,000000000010000000001110100110000011,001000100000010010010001000001100100,76,122347ms
111110111000000100000000000000000000,000000000000101000110010101000100100,000000000011010011000101000110000000,000001000100000000001000010001011011,164,497ms
010011011000000010000110000001000000,000000000010110000100000011110000100,100100000001001000001001000000110001,001000100100000101010000100000001010,116,5804ms
011110011000000000000000100000101000,100001000000001100000010000010000111,000000000101110010010100010001000000,000000100010000001101001001100010000,90,59815ms
000001001100000010010011001010000000,110100000000000001001100000100000101,001010000001011000000000110000001010,000000110010100100100000000001110000,21,3001ms
010111101000000000000010000100000001,000000000010011101000100010010010000,001000010001100000100001001001000010,100000000100000010011000100000101100,128,11682ms
010101100000000010100000000000110010,001010001001001000010000000110001000,100000010010000101001000101000000100,000000000100110000000111010001000001,116,11929ms
010101110000000011000000000100000010,001000000000000000101100101010010100,100010000010001000000010010000101001,000000001101110100010001000001000000,143,10330ms
111110100000000000000010100100000000,000000000001110001010000000000101011,000001001000001010000100010010010100,000000010110000100101001001001000000,164,354ms
100011010001101000000000010100000000,001100000000010110001100000001100000,010000101010000001100010000000010001,000000000100000000010001101010001110,146,757ms
100001100100100001000000000001001001,000100010000000010111010000010100000,001000001010001100000001010100000100,010010000001010000000100101000010010,131,1989ms
001010101000100000100000001010000010,100000000100010000001101000001001100,010001000010000100010000010100110000,000100010001001011000010100000000001,96,12099ms
010000110000011000100000001000110000,001100000011000110000100100010000000,000000000100000001001011010100000110,100011001000100000010000000001001001,72,8960ms
010100000010010100000100001100100000,000010000000101010110000010001000010,100000101101000000001000100010000100,001001010000000001000011000000011001,131,755ms
110000011010000000000000101011000000,001000000000100001010111000000000101,000000100000001010001000010100111000,000111000101010100100000000000000010,113,4113ms
100000010000010011100000000001010010,011000001000101100000100000010100000,000100100110000000011001000000001100,000011000001000000000010111100000001,81,3670ms
010011000000000001000010000000010111,100000100001001100010100010000001000,000000010010000010001000101111000000,001100001100110000100001000000100000,41,13713ms
111100100000100000001101000000000000,000000010010000000100010000011101010,000010001100001110010000100000010000,000001000001010001000000011100000101,146,1409ms
110101010000000000100000010000100100,000000101000100000011001000110001000,000010000100001101000100101000000001,001000000011010010000010000001010010,120,4888ms
101100100000000110000000000010101000,010000011000100001100001100000010000,000000000101011000010010000001000110,000011000010000000001100011100000001,122,27964ms
010010001000000000000010000011000111,000000000010010010011001011000010000,001100100000001001100000100000101000,100001010101100100000100000100000000,79,40546ms
011001110010000000010000010000100000,000000001001000000000100001011011010,000110000100011010100000100000000100,100000000000100101001011000100000001,127,18163ms
000111001000000101000000001100001000,001000000010011010000001100001010000,000000010101100000100100010000100001,110000100000000000011010000010000110,92,6152ms
000001100010010100000001001010000100,100110001000001000000000110100010000,001000000000100011110110000000000001,010000010101000000001000000001101010,0,1976ms
100100111010000000000100000100000100,001000000000000010000001011000101011,010011000000110000001000100011000000,000000000101001101110010000000010000,144,892ms
000001000000010001101010001010000001,100100010100001000000101000000001100,001010101001000110000000000000100010,010000000010100000010000110101010000,53,4484ms
001010011000000100001001010000100000,000001000110110000010010000100000010,010000000001001010000000101011001000,100100100000000001100100000000010101,38,5880ms
110010100010000000000001001000000011,001001000000010001000100000101101000,000100000000101110010010000010000100,000000011101000000101000110000010000,92,19015ms
010110000100001001001000000000001001,000000011001000010100011110000000000,101001100010100000000000000100000110,000000000000010100010100001011110000,177,8982ms
111100001000000000100010000100001000,000000000010100001011100001001000100,000000110001011100000000100010010000,000011000100000010000001010000100011,157,165ms
010001110000001000000000000001100101,100000001101100010110001000000000000,000100000000010000001010011100011000,001010000010000101000100100010000010,62,83607ms
000000010110010100011001000000000010,000111000001101010000000000001001000,110000100000000000100000100010100101,001000001000000001000110011100010000,124,62855ms
011101000000010100010100000000000100,000010001001000000100000100100001011,100000100100101010000010010010000000,000000010010000001001001001001110000,157,3470ms
111110110000000010000000000001000000,000000000001000000100010001010111010,000001000000001001011100100100000100,000000001110110100000001010000000001,177,738ms
010111010000000000000001001000000110,000000100000000011000110100110010000,001000001100101100110000000001000000,100000000011010000001000010000101001,130,9268ms
101101101000001000000000000001000001,000010000000010101001000001100100100,010000000011000010100011000010010000,000000010100100000010100110000001010,150,1348ms
001100011000000100000000110000010010,100011000100100001000000001001000001,010000000011011000110001000000001000,000000100000000010001110000110100100,61,18936ms
100101011000000011000000000000100010,011000100000100000101000100100000001,000010000001000100010010000011011000,000000000110011000000101011000000100,85,45480ms
010110001001000000000111000000000001,001000100010000101000000110000100100,100000010000000000101000001011010010,000001000100111010010000000100001000,164,4318ms
101000001101100001010000000000000100,000001000010000100001100000110010010,000100000000001000100000101001101001,010010110000010010000011010000000000,110,52759ms
001101000011000000001010000000100010,100010000000110000100101100100000000,010000010000001011000000000011010100,000000101100000100010000011000001001,72,12486ms
101000011000010000000001000010010100,000001000000001000010000111000001011,000100000111000010101100000100000000,010010100000100101000010000001100000,150,2428ms
001101010010000000001100010000010000,000000001000000101110000100001100010,000000000101010000000011001100001100,110010100000101010000000000010000001,72,58501ms
110111111010000000000000000000000000,001000000100110000000101110000010000,000000000001001100110000000001001110,000000000000000011001010001110100001,162,1178ms
000000101110000000000101000101000001,001011010001000001000010010000000100,000100000000111000011000001010100000,110000000000000110100000100000011010,31,1639ms
100000000001100010000100101000100100,011100010100010000100000000001001000,000010100000000000011011010100000010,000001001010001101000000000010010001,83,59870ms
110100111000010000001000000000100000,000010000010100000000100111000001001,001000000000001011100011000000010010,000001000101000100010000000111000100,137,967ms
011101100000001001000000000010000001,100000010010000010100100000001001010,000010000000110000011010000000110100,000000001101000100000001111100000000,77,41833ms
101100101000011000000100000000000001,000010010000000010100011001000010100,010000000001000000011000110100100010,000001000110100101000000000011001000,133,26541ms
010001100000010000010101000100000100,100010001001001000000000110010100000,000100000110000011101000000000000011,001000010000100100000010001001011000,90,1469ms
110010110001001100000000000000001000,000000000110100000000111001110000000,001100000000010000100000010001110010,000001001000000011011000100000000101,149,1284ms
000001011010100001000010000001010000,000010100001010110000000100000001010,000000000000001000111100011000100100,111100000100000000000001000110000001,14,1125ms
100101110000100000000000001000010010,010010000001001000100001010001000100,001000001010010000011100000010100000,000000000100000111000010100100001001,102,4615ms
011111111000000000000000001000000000,000000000000111010000000000011010101,000000000101000001111111000000000000,100000000010000100000000110100101010,136,26159ms
100001101100100000001000000101000000,000010000001000000110110100000100100,010100010010010110000001000000001000,001000000000001001000000011010010011,157,273ms
111111000000000000000000000000001011,000000000010011011100001110000000000,000000011001100100001000001010000100,000000100100000000010110000101110000,131,3096ms
001101100000100000011000000010000100,100000010010010001000011000001010000,010000001001001010000000001000101010,000010000100000100100100110100000001,56,5310ms
000101110000100001001000001000000010,010000000100011010000110000100001000,100000001010000000110000110001010000,001010000001000100000001000010100101,101,8682ms
000010100000000110010110000001000100,001000011000110000101000000100000001,100101000011000001000000001000101000,010000000100001000000001110010010010,68,1854ms
010011010000001000000001000110001000,000000000100110001010000000001100011,100000000011000110000000011000010100,001100101000000000101110100000000000,104,400509ms
101001110000001000000000010000010001,010000001000100001000100000010001110,000010000011000010001001101001000000,000100000100010100110010000100100000,79,12262ms
110110011000000000000010010001000000,000001000000001011101001000000001100,001000000110100000000100101100010000,000000100001010100010000000010100011,177,106ms
101000100001000100000000100100110000,000000011010110000010001001000000001,010001000100001001001100010001000000,000110000000000010100010000010001110,135,9123ms
110101001000100000000011000000000001,000010000101000100000000100111100000,001000100010000001100000001000001110,000000010000011010011100010000010000,130,6327ms
001010110000000000011001000110000000,010001000010010100100000000000010011,000100001001001010000110101000000000,100000000100100001000000010001101100,80,51919ms
100011111100100000000000000000001000,000000000000000011100000111011100000,011000000000001000011000000100010110,000100000011010100000111000000000001,157,110ms
101010011001010001000000000000001000,000100000000100100000100100010010101,000000100110000000111001010001000000,010001000000001010000010001100100010,157,1162ms
011000010000001000110010000001000001,000110000010100000001100110000010000,100000001001010111000001000000000010,000001100100000000000000001110101100,122,43524ms
111000000100010010000000000000101010,000010100001000001100101100000000001,000101000010000100000000010101010100,000000011000101000011010001010000000,157,4334ms
000010011001011000000100010000000010,000100100000000010001011000011001000,011000000000100001110000000000100101,100001000110000100000000101100010000,69,1806ms
101110101000000000000100001010000000,010001000001001010100001000101000000,000000000010010001011010010000110000,000000010100100100000000100000001111,138,31454ms
001000001000100110000011010000001000,000001110000000001000000000110100011,100000000101011000111000000000000100,010110000010000000000100101001010000,81,79271ms
000111000010000000010000001010011000,010000100001100101100000100000100000,101000000000010000001110010100000010,000000011100001010000001000001000101,146,8653ms
100101100000001100010000000100000001,001000010000000001100101100010000100,010010001000100000001000001001110000,000000000111010010000010010000001010,138,2467ms
011100100010000000010100010000010000,000001000101110000100000001000000101,100000011000001000000011100100100000,000010000000000111001000000011001010,157,949ms
011101010000110000000000100000000001,000000100000000011101000000100010110,100000000001000000010101010011100000,000010001110001100000010001000001000,157,15285ms
111010000000001000100000010010010000,000000000011010101000010000000100101,000101101100000000001000000100001010,000000010000100010010101101001000000,157,101ms
011001010000000100000001000000010011,000010000100111000001010001100000000,000000000011000011100000110010000100,100100101000000000010100000001101000,72,60124ms
011001101000010000001000000010000001,100110000000001001000000100001010010,000000010100100100100110000100100000,000000000011000010010001011000001100,116,5871ms
100110011000000000000001000001000110,010001000000101000000100100100001001,001000100110000101100000000010010000,000000000001010010011010011000100000,153,9866ms
110111010000000000010000010000000001,000000000011110010000000001110100000,000000100000000101100010000001011100,001000001100001000001101100000000010,166,1414ms
100111011001000000000100000000000001,001000100110010000000001010010000100,000000000000101100011000000100011010,010000000000000011100010101001100000,133,5804ms
010101011000000000000110000010100000,001000000110010000011000010100000001,100000000001001100100001101000000010,000010100000100011000000000001011100,157,7573ms
000110000100010000100011000100000010,000001000000100000000100110001011001,010000001001000110001000001000100100,101000110010001001010000000010000000,86,4207ms
101101001000000100000001000101000000,000000010010010000001010101010000001,010010000100100000010100000000101010,000000100001001011100000010000010100,150,395ms
101111101001000000000000100000000000,000000010010100011101000000100000001,000000000100000000000110001011100110,010000000000011100010001010000011000,162,2184ms
011011111000010000000000000010000000,000000000000000000011010110100100101,100000000010001101100001000000001010,000100000101100010000100001001010000,157,1821ms
110000000000001010110001001001000000,000010100101100001000000110100000000,001001010000010100000100000010000011,000100001010000000001010000000111100,138,9779ms
100100110001000010001000000001001000,001010001000010100000001010100000100,000000000110101000110100000000000011,010001000000000001000010101010110000,117,1549ms
110110110000110000000000010000000000,000001001000001000100010001011001000,001000000010000010010101000000000111,000000000101000101001000100100110000,153,5252ms
011000011000010000000010101000100000,000101100010001000010000000011000001,100000000101100110000000010000000110,000010000000000001101101000100011000,157,18555ms
110100001000100100100100000000100000,001011100010010000001000000000000011,000000000100001010000010001110001100,000000010001000001010001110001010000,140,3132ms
011001011000000000010101001000000000,000000000011000000101000100110011000,000010000100111101000000000000000101,100100100000000010000010010001100010,91,55364ms
011101111000000000000000010000100000,000010000000101000100001101000001010,000000000100010110011000000101000001,100000000011000001000110000010010100,102,45695ms
100110111001000000000100001000000000,010001000000010110000000010100011000,000000000100101001110000100001000100,001000000010000000001011000010100011,153,8012ms
011000001000000100110101010000000000,000001100100100000000000001110000110,000110010001001011001000100000000000,100000000010010000000010000001111001,113,218420ms
100110001100000000010010001100000000,000001000000111110000100000010100000,011000110001000000001001010000010000,000000000010000001100000100001001111,177,1169ms
001011011000000001000001010000100000,000000100000000100001110101000000011,110000000111001000010000000001001000,000100000000110010100000000110010100,157,277ms
110000010000000100001011010000010000,001100000010011010000000000011000010,000001101001100000010000001000101000,000010000100000001100100100100000101,87,26273ms
111000101000100000010000010000000001,000100000001011001001000001000001100,000010000100000000100101000101010010,000001010010000110000010100010100000,157,137ms
111111101000000000000001000000000000,000000010000101000011010100000000101,000000000100000001100100000111110000,000000000011010110000000011000001010,177,141ms
111010101000100000010000000010000000,000000000110000111000100001100000001,000101010001001000100010100000000100,000000000000010000001001010001111010,157,553ms
011110010000000000100010010000000001,000000000111001001000100000101000010,100001000000010000001000001010111000,000000101000100110010001100000000100,177,1214ms
000111110010010000000000000010100000,000000000000100010101100100100010100,100000000100000001010010011001001000,011000001001001100000001000000000011,128,28960ms
111010001000000000000010000001100100,000001000010001100001101000000010001,000000110100110010010000001100000000,000100000001000001100000110010001010,154,600ms
000010101000000001001101000000001010,001001000000000000110000000111100001,110100000101110010000000000000010000,000000010010001100000010111000000100,140,94607ms
011001001000000010010010000000000110,100000100100000000001101000001110000,000110010011001000000000100100001000,000000000000110101100000011010000001,100,12452ms
100101001000000010000101010010000000,010000000100011001011000001000010000,000010100000100100000000100000101101,001000010011000000100010000101000010,76,14643ms
000011101010110000100000100000000000,001000010000001000011000001000010101,110100000000000110000001000001100010,000000000101000001000110010110001000,138,15197ms
000011000000000011011000100001001000,101000100001000000100010010100000010,010000001100000100000001001010110000,000100010010111000000100000000000101,51,1059ms
110100000000100000010010101000100000,001001001000010001000001000010010010,000000010101001110000100000000000101,000010100010000000101000010101001000,103,21497ms
101001101101010000000000000000001000,000000000000100101101000001110100000,000110000000001000000100010001000111,010000010010000010010011100000010000,156,6850ms
111100111000000000011000000000000000,000001000001100011100001100010000000,000000000110011000000100000001101001,000010000000000100000010011100010110,132,1826ms
101010111000000000000000001100010000,010100000000100001001010100010000010,000000000100011000110000010000001101,000001000011000110000101000001100000,139,1499ms
000111010100001000001000010000010000,110000001010010001100000100000000001,000000100000100100010001000011000110,001000000001000010000110001100101000,59,7325ms
010111110001000000000000100001000000,000000000010010100000010001100101010,100000000100001001000101000010000101,001000001000100010111000010000010000,156,15458ms
010000011001001010000000000110000100,000010000110000000100000101000110010,100000100000000101000100010001001001,001101000000110000011011000000000000,92,58237ms
100100001000001001000000110000010100,010000000001100110001000001010000010,000001000010010000110110000000101000,001010110100000000000001000101000001,69,1468ms
100111111100000000000000000000001000,000000000000001001010001100101000011,001000000000010110101000011000000100,010000000011100000000110000010110000,156,634ms
011110000010000001000001000000010010,100000111000000010000010010100000001,000001000001100100001000100001001100,000000000100011000110100001010100000,63,8505ms
001011100000110000001000100000000010,000100000101001000000010001110000100,110000001010000010010101000000010000,000000010000000101100000010001101001,131,7017ms
110000101100010010000000001000100000,000000000000001101110101000011000000,001000000001100000001010000000011101,000111010010000000000000110100000010,112,3833ms
111011100000010100100000000000000000,000100010000100000000110100001001010,000000000010000001001001000110110100,000000001101001010010000011000000001,128,15908ms
000100101000000110001010001000100000,100000010100000000110101100100000000,010011000000010000000000010000011101,001000000011101001000000000011000010,58,47040ms
111001101000001000000000000010000100,000100000001000010010001101000110000,000000010100010101000100000001001010,000010000010100000101010010100000001,157,1152ms
001100101000100001010000010100000000,000000010010010010100000100001000110,110010000100001000000100001000101000,000001000001000100001011000010010001,144,1093ms
100000011010001000000100100000101000,010101000000000000010011011010000000,001010100000100010101000000000000110,000000000101010101000000000101010001,96,55176ms
110011100110000000000001001000000000,001000000001010000001000000111110000,000000011000001011010100000000000011,000100000000100100100010110000001100,139,407ms
101001100100000110000000000100000100,000000001010001000000010101000101001,000010010001010000110001010000010000,010100000000100001001100000011000010,157,2416ms
100010111000001000000100000001000001,000101000001100010100000101000000010,001000000100010000010001010010001100,010000000010000101001010000100110000,109,3402ms
111111010000100000001000000000000000,000000001111000000000010010001000110,000000000000001010110101001000001001,000000100000010101000000100110110000,177,1126ms
001110110000000000010000100000000101,110001001101000000000000000100100010,000000000000011001101010010011000000,000000000010100110000101001000011000,83,139577ms
011000000010000000000000000011011110,000001110100101000000100110000000000,100000000001000010011011001000000001,000110001000010101100000000100100000,96,95803ms
000010010011001000010000001000001100,010101000000100000000010000011010010,000000100100010001001000110000100001,101000001000000110100101000100000000,0,897ms
011111011000000000000001000000010000,000000000010100011100100000000001101,000000100100001000001010101001100000,100000000001010100010000010110000010,115,47936ms
110011010000000001000000011000000100,000100000000110000011000000110001010,001000101011000110000000000001100000,000000000100001000100111100000010001,157,5522ms
101011000100010000000000010100000001,000000100000000011001100100001110000,010000011001000100010010000010000100,000100000010101000100001001000001010,144,293ms
011011011000101000001000000000000000,000000100110000001000011101010000000,000000000000000100100100010100101110,100100000001010010010000000001010001,83,47742ms
110100011001000000000010010010000000,001001000010010001110000000000000101,000010100100100000000100100001101000,000000000000001110001001001100010010,122,2823ms
100001111000011000100000000010000000,010000000101000000001010110000011000,001010000010000010010001001001000001,000100000000100101000100000100100110,135,852ms
000110110000010000100000010000010010,010001000011000100000101000000001001,000000000100000010010010101001100100,101000001000101001001000000110000000,70,2798ms
001100001001000110000110000000001000,000010000110001000101000010000110000,110001000000010000000000101001000011,000000110000100001010001000110000100,101,8453ms
001110000000000010011000000001010100,110001000000010000100010010110000000,000000000101100101000001101000000010,000000111010001000000100000000101001,58,3492ms
000110001000000100000001100001100100,010000000111010010010000001000010000,101001010000100001100100000100000000,000000100000001000001010010010001011,161,2299ms
110100110000000000100101100000000000,000010001101010010000000001000110000,000000000010001100001010000111000001,001001000000100001010000010000001110,153,5910ms
111010100000000000101000000001100000,000100000110001011010010000000000010,000001000000110100000001011000010001,000000011001000000000100100110001100,124,2071ms
100011101000001100000000000010001000,010000010000010000101110001000000001,001100000001100010000000000100010110,000000000110000001010001110001100000,128,48821ms
010111000000000100000000100011000010,000000100001011010000100000000110100,000000001010000000110011011000000001,101000010100100001001000000100001000,88,20145ms
111010011101000000000100000000000000,000100000000000000000011100000111110,000001100000011110110000000100000000,000000000010100001001000011011000001,157,69ms
000111111000001000000000000001001000,010000000100110000010001000000100101,100000000000000001000110110100010010,001000000011000110101000001010000000,170,2668ms
110011011000000100000000000000001001,000000000000011001101001000000010110,000100100001000010010110100010000000,001000000110100000000000011101100000,121,3389ms
011111101010000000000001000000000000,000000000101010110100000101000000100,100000000000100001000110000001101010,000000010000001000011000010110010001,170,7794ms
011101101110000000100000000000000000,000010000001100100001000110001001000,000000000000001011010010001100000110,100000010000010000000101000010110001,120,3689ms
000001010000110010100010000000110000,011000000001000100010100010010000001,100010101000001000000001001000001100,000100000110000001001000100101000010,89,1009ms
101011111000001000000000000010000000,000000000000010001010000010101101001,010000000110100000101100001000000100,000100000001000110000011100000010010,157,327ms
011101001000000000001110010000000000,000010110110000100000001000100000010,000000000000001011100000101010100001,100000000001110000010000000001011100,112,30119ms
111011111000000000000000000000000001,000100000110010000110001000001001000,000000000000101100001100111000000100,000000000001000011000010000110110010,143,747ms
010010110100010000000000001000010001,001001001000100001100000100100100000,100100000010000000010001010000001110,000000000001001110001110000011000000,121,3395ms
101011110001001000000000000100000000,000100001110010000001000000010110000,010000000000000111010010100000000101,000000000000100000100101011001001010,129,7900ms
001001100000100100100100000001000010,010100001001010000010000001010010000,100000000010001011001010000000001001,000010010100000000000001110100100100,75,3102ms
110000001000010110010000000100010000,001010000010000001001101000010000100,000100110100001000100010000000001010,000001000001100000000000111001100001,154,135ms
110010111000010000000000001000000010,000000000011000100100100000101100001,001001000000100001010001110010000000,000100000100001010001010000000011100,136,2072ms
000101011101000100000000000010100000,000010000000001011100100011000001000,011000100000100000000011000100000011,100000000010010000011000100001010100,121,20952ms
101101011010000100000000100000000000,000000000000001010000000011110101010,010000100100010000011110000000000001,000010000001100001100001000001010100,157,1534ms
101000110000000110000001010000100000,000000000010000000011010100010011001,010000001001111000000100001001000000,000111000100000001100000000100000110,92,17413ms
010010101000000010000010011000000010,001001010010000101001001000000100000,100000000000100000010100100101011000,000100000101011000100000000010000101,111,35810ms
010000001100000000000101110000000101,000010000011000100111000000010000010,001001100000011011000000000001010000,100100010000100000000010001100101000,67,9048ms
001000000101010101010010000100000000,000000110000100010000101000000110001,100010001010001000100000000001001010,010101000000000000001000111010000100,120,4647ms
001100000000110011000000100010001000,000010110010000000000010000001100101,110000000000001000101101001100000000,000001001101000100010000010000010010,136,5892ms
010011101000000011010001000000000000,001000000010000000000110000010011110,100100010001001000100000001100000001,000000000100110100001000110001100000,157,739ms
000011010100010000001000010100000100,010000000001100010000100001011000001,101000000010001001110011000000000000,000100101000000100000000100000111010,149,3470ms
100111000000000010000001100000001001,011000001011001000000000001000010010,000000000100010000011010000111000100,000000110000100101100100010000100000,122,14957ms
100001010000000011000110000110000000,000010100001000000111001100000010000,001100001000101000000000010001100010,010000000110010100000000001000001101,113,17255ms
100010100000011101000000000001010000,001000000100100010101000000110000100,000100001011000000000000001000101011,010001010000000000010111110000000000,52,60962ms
100101111000000110000000000000000010,011000000100000000000011010100010001,000000000001001000110000001001101100,000010000010110001001100100010000000,92,14822ms
001000110000000000000000101101000110,100000000010100010000100000010111000,000110000001010001111000000000000001,010001001100001100000011010000000000,86,122317ms
001111001010000000000001100000000010,110000000001110010100000000100000001,000000110100001101000000001001001000,000000000000000000011110010010110100,85,10894ms
001110101000000000000000000010111000,000000000010001000100001011101000010,010001000000100111001010000000000100,100000010101010000010100100000000001,120,34667ms
101000111000100000110000000000100000,000010000001000100000010100010010011,000100000110001010001100010001000000,010001000000010001000001001100001100,157,885ms
100001110010000001010000001000010000,000010001101001110001000000000000001,001100000000000000100000010111100010,010000000000110000000111100000001100,157,1390ms
101100001100000000010001010000000010,000000000011001010001100001000110000,000001010000010101000000000011000101,010010100000100000100010100100001000,126,15861ms
101110000000010001000010100000000100,000001010010101000001001010100000000,010000001000000110010000001000011010,000000100101000000100100000011100001,125,2128ms
000010001000001000000000001011001011,110100000010000010110001000000010000,001001000100000001001110010000100000,000000110001110100000000100100000100,27,31076ms
011001111000000010000100001000000000,100000000000011001000011000100101000,000010000011000000101000110001000010,000100000100100100010000000010010101,95,27465ms
000000011000001000001101000000001011,000001000000010100000010001110110000,111010100001000010000000100001000000,000100000110100001110000010000000100,116,12286ms
000110100000110000000101000000001001,011000000000001000010000111000010010,000000011100000110100010000010100000,100001000011000001001000000101000100,48,1281ms
110011000000000100000000100001100100,001000000110110001010000010000000010,000000111000000000001010000110011000,000100000001001010100101001000000001,157,5312ms
110001011000000010100000100000000001,001000000000010100010000010111010000,000010100001000001000010000000101110,000100000110101000001101001000000000,129,26098ms
000000111000001010010001001000001000,010000000001100000100100000100110001,000011000100000001000000110011000100,101100000010010100001010000000000010,9,4837ms
110101110001010000000000000001000000,000000000010001100010100001000000111,000010001100000000100000100110101000,001000000000100011001011010000010000,157,49ms
000101010000010001000100010100000100,011000100001000010000000001010001001,100000001100100100011000000001010000,000010000010001000100011100000100010,97,2953ms
000110111000001010001000010000000000,000000000110110100100010000010100000,101001000000000001000101000100010010,010000000001000000010000101001001101,152,12103ms
111000111000000001001000000010000000,000010000000100100000001101001001001,000000000101001010110100000000000110,000101000010010000000010010100110000,157,905ms
110110010000110001000000100000000000,000001000011000100011101000000001000,001000001000001000100000000010100111,000000100100000010000010011101010000,177,3229ms
011011010100001010000000000001000000,000100001001100001100100000000010100,100000100000000100010001100100101000,000000000010010000001010011010000011,157,782ms
001111011001000000000001000010000000,000000100010110001001010000100000001,000000000000001100100100011001000110,110000000100000010010000100000111000,73,9744ms
011111110000000000000100000000000001,000000000110010000100001001001101000,000000000001100010001010010110000010,100000001000001101010000100000010100,133,13914ms
010100110000000010000000001000001011,000000000000001000010111100110010000,000010001011110000001000010000100000,101001000100000101100000000001000100,52,16276ms
000010110100000001100010000000100010,000100000001010000000101100001001001,010001001000000000001000011110000100,101000000010101110010000000000010000,105,6763ms
110110000000010000010010100000100000,000000000101000101100100010100000001,000001000010001010001001000011000010,001000111000100000000000001000011100,109,26819ms
001000011100000110000000001100100000,100001000000001001000110010010010000,000110100011010000000000000001000101,010000000000100000111001100000001010,111,2600ms
110101101000000010000100000100000000,001000000100100000100000010000011110,000000000000010001001010001011100001,000010010011001100010001100000000000,134,20481ms
011011101000000000000000100000110000,100100010001001100000100001000000100,000000000010110000101010010010001000,000000000100000011010001000101000011,81,98314ms
010011110000000000000010100001100000,000000000010000111010100010000001010,101000000100001000000001000110010100,000100001001110000101000001000000001,157,217ms
001001011001000000100010000100000100,100000000000001001000001100001100011,010100100000100000010000010010011000,000010000110010110001100001000000000,102,36352ms
001100100001110000000100000010000001,010000001110000010010010000000011000,100010010000001101000000110000000010,000001000000000000101001001101100100,87,28954ms
100100101000001000000000100100001010,000000000000100010011000001001100101,010010000100000101100011000000010000,001001010011010000000100010010000000,151,7216ms
100111001100000100000000001000001000,001000000010010001001111000000000001,010000010000101000110000000110000010,000000100001000010000000110001110100,177,385ms
010001000100101000000001010010000010,100000001000010100100110000000010001,000110100011000000010000000101000100,001000010000000011001000101000101000,113,681ms
010100111000001000010000000000100010,000010000110100100100000100100000001,000001000000000011000011010010001100,101000000001010000001100001001010000,62,5108ms
101111010100000000000001010000000000,000000000010111000010010000100100010,010000001001000010101000000010010100,000000100000000101000100101001001001,177,60ms
001110010100100001001001000000000000,010001100000010000000110000010000101,000000000011001000010000101000011010,100000001000000110100000010101100000,76,58671ms
000011110010000000010000000110100000,000000000000001100100011111000010000,000100000000110011000100000000001101,111000001101000000001000000001000010,39,11032ms
010101111000010000100000000100000000,101000000010100010000001000010001001,000000000100001000011010011001010000,000010000001000101000100100000100110,115,464ms
110110001001000000100000001000010000,001000100000001001011011100000000000,000001000110110110000000000000100010,000000010000000000000100010111001101,177,66643ms
001101001010000000000000000110100100,010000000000101100110010000000001010,000000100101010001000101011000000000,100010010000000010001000100001010001,95,14702ms
101000010000011000110001000000000001,010000100001000010001000000001100110,000110000100100000000000111100001000,000001001010000101000110000010010000,151,1468ms
101001010100100000100000000000010100,000000000010000011000010110111000000,010110000001000000011100000000000011,000000101000011100000001001000101000,177,79ms
101001001100100010000000000010001000,010010000010000000001110000001110000,000000000001000100000001101100000111,000100110000011001110000010000000000,139,45649ms
110110111010000001000000000000000000,000000000100101010001001000001010010,001001000001000000010010001100101000,000000000000010100100100110010000101,177,2555ms
100110000010010000000101010000001000,010000000000101101000000101000010010,001000011001000000111010000100000000,000001100100000010000000000011100101,157,7772ms
100100011000011000010000001000100000,011001100000100000001000000011010000,000010000010000101100010010000001010,000000000101000010000101100100000101,69,20740ms
000001110010001000001010000000000011,000000000000000001110100001101110000,010000000101110110000001000000000100,101110001000000000000000110010001000,0,4649ms
010111100000000001000010000010100000,001000001110001110001000000001000000,000000000000100000100101100100010011,100000010001010000010000011000001100,99,46111ms
001010001010000110000010101000000000,000000000000011000001101000010010101,100100100101000001100000010000000010,010001010000100000010000000101101000,123,44684ms
100000001000000011001000000101010010,000001000010001000110001001010000001,010110010000010000000110010000100000,001000100101100100000000100000001100,148,14660ms
000000001000000000001100011110100010,101100100000000100000011100001000000,000001000001001000110000000000011101,010010010110110011000000000000000000,0,14976ms
011010111000000001010000000000001000,000000000000010110101010000100010001,100100000001101000000100100001100000,000001000110000000000001011010000110,157,946ms
011100011000000110000001000000001000,100000000110000001000010001101010000,000010100001010000001100010000100010,000001000000101000110000100010000101,57,8731ms
101000000000000011011010100000000010,000010000100010000000101001010010001,000100111000100100000000010000001100,010001000011001000100000000101100000,83,3597ms
011101110000000000000000100000000101,000000000101001110001010000001000010,100000000000100001000001011110001000,000010001010010000110100000000110000,157,1168ms
111110001000000000000000001000001010,000001000111001100000000000010110000,000000010000010000101000010101000101,000000100000100011010111100000000000,177,9218ms
100011001000000010000100010010000001,010100100110100000001001000000100000,001000000001001100110000100100000010,000000010000010001000010001001011100,112,6191ms
110010000011000101000100000000010000,001000100100001000001000001100000110,000100001000000010110011010000000001,000001010000110000000000100011101000,139,17884ms
010110011000000000100000010100010000,001001000100010000001010001001000100,000000000001101000010100100000100011,100000100010000111000001000010001000,114,12201ms
110101000100000001010010000010000000,000000100000011000001000001100111000,001000010010000010100001010001000010,000010001001100100000100100000000101,157,96ms
101011010010001000000000000010100000,010000100001100001001000101000010000,000100000100010110100110000000000010,000000001000000000010001010101001101,139,48532ms
000100100001000000010000011101000001,100001001000001101001000100000000100,000010000100100000000111000010110000,011000010010010010100000000000001010,35,909ms
101000101000000010000100000100000110,010000000010000100011000101010000001,000000000101110000100001000001110000,000111010000001001000010010000001000,133,2643ms
110110101000000000100000001000000100,000001000010001000001110000100100001,001000010000010010000001000011011000,000000000101100101010000110000000010,166,1580ms
111101001000000000000100100001000000,000000010100011010010000000100001001,000000000011100001000001000010100110,000010100000000100101010011000010000,112,28147ms
101001011100010000000000000000001100,000000100000001000111010010000010001,010010000010000100000000001011100010,000100000001100011000101100100000000,157,1340ms
101111011000000100000000000010000000,010000100000111001100000110000000000,000000000011000000001011001000011001,000000000100000010010100000101100110,129,54978ms
000111011011000000100000000000100000,110000000100000100010000000100010110,001000000000010010000011010011000001,000000100000101001001100101000001000,89,5418ms
010100001010010100000001000000001010,001001000000100000010010010001000101,000010010000001001100000100110100000,100000100101000010001100001000010000,85,4078ms
100011011001000000000100001000000100,011000000000010100000001100011100000,000100000110001000100000000000011011,000000100000100011011010010100000000,143,1129ms
011100101001000000001100000000000010,000000000000011100000010000111100001,100011010000100011010000000000000100,000000000110000000100001111000011000,136,16190ms
011100110101000010000000000001000000,000001000010010100001100011000010000,000000000000100000010011000110100011,100010001000001001100000100000001100,112,28614ms
011001100100000000000000001110000001,100100001000100000000010010001000110,000000000010011000110101000000110000,000010010001000111001000100000001000,116,10447ms
011000101010100001100000000000000010,000000000001001100010110101000100000,100011000000000000001000000011001101,000100010100010010000001010100010000,144,7357ms
010000010000111010000000010000010001,000110001100000000000111001000000100,100000000011000000001000100001101010,001001100000000101110000000110000000,68,5623ms
010101101000001001000000000010000010,000010010100110000000000100100001001,101000000001000110010111000000000000,000000000010000000101000011001110100,143,28729ms
111000010100011100000000000000000001,000100001000000001100000010101101000,000011100010000000000100000010010110,000000000001100010011011101000000000,151,20535ms
101011011000000000000100010000000100,010100000100000010000001001010100001,000000100011100100100000000100011000,000000000000011001011010100001000010,133,4136ms
011110111001000000000000000100000000,000000000000001011001111010000100000,000001000110010000010000000011000110,100000000000100100100000101000011001,137,21908ms
010101010010000000000110001000000010,100000100001011111010000000000000000,001000000000100000001001000111001100,000010001100000000100000110000110001,63,52340ms
010011100000000010000001000000001101,001000001001010001000000100001010010,100000000100100000100110011010000000,000100010010001100011000000100100000,157,41097ms
001101011000000000000000001110000010,010010000010000100000000010001100101,000000100100111001001001000000001000,100000000001000010110110100000010000,82,37150ms
111100110000100000000010000000000010,000000000000000110010001010001100101,000011000100011000001100000100001000,000000001011000001100000101010010000,153,406ms
011101011010000000000100000000000100,000010100001101010010000000100000001,000000000000010100100000111000101010,100000000100000001001011000011010000,81,39017ms
001011110000000011000000000000001010,100000001000110000110000000100100001,010100000010001100001010110000000000,000000000101000000000101001011010100,96,43318ms
100110101000000011100000000000000100,011000000000001000000011000110010001,000000000110010000011000110001100000,000001010001100100000100001000001010,153,1522ms
100001000100010001110010000001000000,000100110010001100000100000100010000,010010000000000000001000101010101010,001000001001100010000001010000000101,129,4388ms
011100010000000001010010010100000000,100001000111000100100000000000000101,000000000000011000001100100011001010,000010101000100010000001001000110000,82,11543ms
110010011000011000000000001000001000,000101000000100011010000100010000100,000000000010000100000111010100010001,001000100101000000101000000001100010,124,6824ms
100011000000000100011010000001000100,000100100100001000000000001000101011,001000010011010000100100000100010000,010000001000100011000001110010000000,134,2534ms
110111100000000010000000000001010000,001000000011100000000011100100001000,000000001000000101101000001010100100,000000010100011000010100010000000011,163,1145ms
111111011000000000000000000000001000,000000100000000111100010100010000001,000000000101101000010000000101010010,000000000010010000001101011000100100,177,201ms
100110100010000000000010100000000110,011000010000011010001001000000100000,000001000001000001100100011010001000,000000001100100100010000000101010001,94,11209ms
001001111000000000000010100000101000,010010000001100010100100000010010000,000100000100010001001000000100000111,100000000010001100010001011001000000,52,42974ms
110100010000010001000000100010000010,000000101110001000100000000100010001,000001000001000000010110001001100100,001010000000100110001001010000001000,110,13776ms
001000101000000000100010100001001010,100000000100100010000100000110010100,010010010001000101010001001000000000,000101000010011000001000010000100001,102,46210ms
000000000010000001110010000100100110,101110000101000000000100000000010001,010000100000011010001001110000000000,000001011000100100000000001011001000,59,31225ms
111101110001000001000000000000000000,000010000100000000001000000110100111,000000001010010010110000010000011000,000000000000101100000111101001000000,144,345ms
110100100010000100000100000001000010,000001010000001001100010010000101000,001000000100000000011000101010000101,000010001001110010000001000100010000,144,588ms
101100010010000100000010010010000000,000000101101010010001000000000110000,000001000000101000110001001100000100,010010000000000001000100100001001011,157,550ms
100010110100000000000001000001010001,010000001001000000110000010110000010,001001000010011000001000001000100100,000100000000100111000110100000001000,95,8635ms
010001001001000101100000000000110000,001100100000001000000010101100000010,000000010000100000011000000011001101,100010000110010010000101010000000000,38,8704ms
011111000000110000001000000000000100,100000010001000011000000001011001000,000000001110000000000011010100010010,000000100000001100110100100000100001,129,4403ms
110001101000000000100100000001010000,000000000010101000010010001000001011,000000000101000101001001100100100000,001110010000010010000000010010000100,129,40069ms
000100010100000000011110000000001010,010000000000000101100000000101110100,001011101000001010000001000010000000,100000000011110000000000111000000001,67,12527ms
001110011000000000000010001100001000,010000000100010101100001000001000100,100000100010001010001000000000010011,000001000001100000010100110010100000,154,2326ms
001010111000000000001001001000000001,000000000010000011000000010010101110,000100000001011100100100100001000000,110001000100100000010010000100010000,77,33228ms
100100000100010010011000010100000000,000000001011100101000001000000010010,011010100000000000000110000000100101,000001010000001000100000101011001000,157,1243ms
000011011110000000000001000000100100,010000000001010000000110100000001011,101000000000000100010000001111010000,000100100000101011101000010000000000,157,2938ms
001000010001000011000100000000100011,000001001010010000101000001010000100,110100100000101000000011000001000000,000010000100000100010000110100011000,101,5774ms
000100000100100100000000110000010101,010000011000001001000000001010100010,100011000000000010000110000101001000,001000100011010000111001000000000000,86,26820ms
111011010000000000000000000101000010,000100000101100110100010100000000000,000000001000011001010100011000010000,000000100010000000001001000010101101,126,24164ms
100101101000000000000000100100100001,001000000011110011000010010000000000,010010000000000100111000000011010000,000000010100001000000101001000001110,157,448ms
010110010000000000111000010001000000,000001100000010000000011000110001010,001000001101100101000000100000100000,100000000010001010000100001000010101,118,71312ms
001110100000001000010010000000010010,000001010100100100000100010100000100,100000000011000001000001101001000001,010000001000010010101000000010101000,118,5999ms
101101110000000001100000001000000000,000010001101110000010010000000100000,010000000000001010000001010101011000,000000000010000100001100100010000111,145,4241ms
100001001000100001000010100010000010,000010010000000100000001010101011000,001100100001000010000100001000000101,010000000110011000111000000000100000,80,3699ms
001100010100101000001100010000000000,010010000000000110100001000011001000,100001000001000001000000000100010111,000000101010010000010010101000100000,140,23249ms
101100011000100000000000110001000000,010001000000000011110001000100100000,000010000101001000000010001000001101,000000100010010100001100000010010010,102,7051ms
011011100000000000100011010000000000,100100000000010100000000001100001110,000000000011100000010100100011100000,000000011100001011001000000000010001,120,6566ms
111100010001000000000100000000001100,000001101000010101000000010100000010,000010000110100000011000000010100001,000000000000001010100011101001010000,157,1020ms
001101111000000000010010010000000000,100000000110001101100000001000000100,010000000000100000001000100001111010,000010000001010010000101000110000001,100,27399ms
110001001100000000100001000000010100,000110010000000000010100110011000000,000000000001111001000010000100100010,001000100010000110001000001000001001,144,9903ms
010100010001010000000001001100000100,100010000010001001110000100000000010,001000100100100000001010000010100001,000001001000000110000100010001011000,87,1441ms
101101100000100000100000000101000000,000000000011000100000010100000010111,010010010100000001001000010010100000,000000001000011010010101001000001000,157,51ms
100111110000001100000000100000000000,001000001000100000000100001001001011,000000000111000010011001000000100100,010000000000010001100010010110010000,150,7127ms
110101111100000000000010000000000000,000000000010001001101101010000000010,000010000001110000000000000010111100,001000000000000110010000101101000001,157,789ms
000101101010001000101000000000000100,000000000001010001000000101010011001,110010000100000010000101010000000010,001000010000100100010010000101100000,157,1724ms
110100101000000000100010000110000000,001000000010001101000001011001000000,000011010000010000001100000000101001,000000000101100010010000100000010110,157,95ms
010111001000010100000000000000100001,001000100000000001000110110100001000,000000010100101010001000000001010010,100000000011000000110001001010000100,80,44426ms
111001011000010001000001000000000000,000100000010100010001000101000001100,000010000000000100110110010000010010,000000100101001000000000000111100001,157,10472ms
011110110001000000100000000000000001,000000000000101010000000001010011110,100000001110000000011110010000000000,000001000000010101000001100101100000,177,960ms
010001011010001010000000000100000010,101000100000000001100000111000010000,000000000000010000001101000011101100,000110000101100100010010000000000001,56,53692ms
110001000000100001001000001100000010,000010110000001010000110000010000001,001100000101010000100001110000000000,000000001010000100010000000001111100,157,607ms
010000101000001000010100000000100101,000000000010000001001010110000011010,001110010001110000000000001001000000,100001000100000110100001000110000000,81,16069ms
101001111001000100000000000000100000,000000000100100000010010001001010011,000000000010010011000101110000000100,010110000000001000101000000110001000,91,54350ms
111100000001100000110000100000000000,000010110000010000000010000001001110,000001001110000100001000001000010001,000000000000001011000101010110100000,157,941ms
010111111001001000000000000000000000,000000000100000110001001011000100010,100000000010110000100000000110011000,001000000000000001010110100001000101,177,647ms
110111011000100000000000000100000000,000000000000010110101000010000010011,001000100001001000000011001000001100,000000000110000001010100100011100000,161,847ms
010010100000000001001011000011000000,001001000010100100100000000100001010,000100010000010010010000010000110100,100000001101001000000100101000000001,48,4761ms
011000110001000100010001000000000010,100010000000011000100100010100000100,000000001100100001000010001010011000,000101000010000010001000100001100001,82,4446ms
100110010000000100101000100010000000,000001000011100001010010010001000000,001000100000011000000100001000010011,010000001100000010000001000100101100,124,16645ms
011000100100000000000010000010011001,100110010000101000001000100000000010,000000001010010101000100001101000000,000001000001000010110001010000100100,85,8161ms
010110101010100000000000100000000100,100001000000000010000001011000011010,001000010001000001000010000111100000,000000000100011100111100000000000001,94,8651ms
101100110101000000100000000000000001,010000001000000001000100011000011010,000010000010101000011011100000000000,000001000000010110000000000111100100,132,23319ms
110011110001000001000000000100000000,001100000010010000100000101010000100,000000001000101010010010010001001000,000000000100000100001101000000110011,129,718ms
001111010000000000000000010100001001,100000001000011000001100001000000110,000000000111000110110001100000000000,010000100000100001000010000011110000,107,31405ms
000010111000000000110000100000001010,000000000010110110001001001000000100,010101000001000000000010010110100000,101000000100001001000100000001010001,95,21919ms
111111100000000000000000000010010000,000000011100100000101000000000100101,000000000011000110000000110101000010,000000000000011001010111001000001000,177,133ms
000100111000000100100000010001100000,000001000000101001001101000100000100,011000000110000000010010101010000000,100010000001010010000000000000011011,83,9371ms
111000001011001000001000000000010000,000011010100010100010000000000100010,000100000000100011000110001010000100,000000100000000000100001110101001001,110,13238ms
011010110100001000100000000100000000,000101000000010000010110000000110001,000000000001100001001000100010001110,100000001010000110000001011001000000,102,16055ms
011010000000000011010010000000001100,000001110000111000000000110001000000,000100000101000000101100000010100001,100000001010000100000001001100010010,86,1630ms
101111111000000000000000000000000001,000000000001110100001110000100010000,000000000110000000010001101001001100,010000000000001011100000010010100010,162,1199ms
001111111000000000000000000000001001,110000000100010000010000000001100110,000000000000101010101100110100000000,000000000011000101000011001010010000,105,20584ms
001101110001000000011000000000010000,000000001100001010100001110000000001,100000000000000101000110001001101000,010010000010110000000000000110000110,99,78726ms
101100111010000001000000001000000000,010000000000010000101100000100001011,000001000100101100000010100010000100,000010000001000010010001010001110000,157,496ms
101101111000110000000000000000000000,000010000100001101111001000000000000,010000000001000000000110010100110010,000000000010000010000000101011001101,144,4459ms
011111001000000000000001000000100010,000000000111100001011000010010000000,100000000000011100000010000001010101,000000110000000010100100101100001000,160,14070ms
101110011010000100100000000000000000,000000000100100010010000001010001110,000000100001010000000100110101010000,010001000000001001001011000000100001,145,4193ms
000000100101001010010100000000000110,110110010000110001001000000000000000,001000001000000000100010100001111000,000001000010000100000001011110000001,56,27285ms
101111001000000100000100000000100000,000000010100000010010001110000010100,010000100001101000101010000001000000,000000000010010001000000001110001011,177,644ms
010010000000001100010001010000001001,000000001110000000101000100010110000,000101100000110010000010001000000010,101000010001000001000100000101000100,20,1817ms
010001101001000001000000000001110000,000100000010011000011010001000001000,101000000100000010000001000110000011,000010010000100100100100110000000100,157,8113ms
010010011000000010100001000100000010,000000100011101000000000000000110101,100100000100010001000100010010001000,001001000000000100011010101001000000,157,6445ms
000011100010000010101000000000011000,101000001000100001000010001100100000,000100010101011100010001000000000000,010000000000000000000100110011000111,78,17824ms
110011001000100000000000000100110000,001000100000000001110000011001000001,000000010010001010001000100000001110,000100000101010100000111000010000000,129,11202ms
110011101000000001000000010100000000,001000000100100000100001101010010000,000000000001010100010100000001101010,000100010010001010001010000000000101,128,4054ms
001000100000100000110100100000001100,000100010110000000001000000111010000,100011000001000001000001001000100010,010000001000011110000010010000000001,89,9511ms
100010010000001000100001000010010010,010000000101100011000010000001000100,000001001010010000000100101000001001,001100100000000100011000010100100000,77,3352ms
101110110000100000000000001010000000,000000000111001100001100010000010000,000001000000000000100010100101101010,010000001000010011010001000000000101,177,551ms
001011000110000010000000100000001010,110000010001010100000100001000010000,000000001000000001101011010010100000,000100100000101000010000000101000101,55,16322ms
101010110000000001000111000000000000,000001000000110100010000100101000010,000100001100001010001000001010000001,010000000011000000100000010000111100,137,627ms
100001011100000000000100010000000011,010010100001010010000000100001001000,000100000010100100110001000010010000,001000000000001001001010001100100100,103,2319ms
101100000000000001100000001100110000,000001110101000100010110000000000000,010000001010000010001000010001000110,000010000000111000000001100010001001,136,10495ms
010101001010000000000000010000110001,000000010000100000100011001010001100,001000100001001101001000100000000010,100010000100010010010100000101000000,64,9073ms
010011001000010001010001000010000000,000000000100100100000110011001001000,100000100010001000101000000000110001,001100010001000010000000100100000110,123,15501ms
011011001010000000010000011000000000,000000000101000010000001000001101101,000100000000110001101000100110000000,100000110000001100000110000000010010,118,3310ms
000110011101000000000100001100000000,000000100010010011000000100001100100,000000000000001000110011010010010010,111001000000100100001000000000001001,82,35678ms
011110101010000100000001000000000000,000000000001000010100010000000111101,100001000000100001010000001011000010,000000010100011000001100110100000000,177,656ms
000110101001001000001100000000100000,011000000010000111000010000001001000,100001010000100000110001001000000010,000000000100010000000000110110010101,133,9752ms
100101000000100100010010010000000001,001000010010001010000000100001100010,000000101101000001000000001100010100,010010000000010000101101000010001000,117,14634ms
001111100000000010000000100000001010,000000000010010000000110001111010000,000000010101100001010001010000000001,110000001000001100101000000000100100,74,8000ms
010100101010100001010000001000000000,000000000001000100101010000110001001,001001010000001010000100100000100010,100010000100010000000001010001010100,71,27110ms
100011100010001000000000001001001000,011100010100000011000000100000000001,000000000001110100101110000000000100,000000001000000000010001010110110010,65,133589ms
111010111010000000001000000000000000,000000000101000001000001000011010011,000001000000101000010000011000101100,000100000000010110100110100100000000,118,2887ms
110110100000000001000100000010010000,000000000000011110000001000101100001,000001000010100000010010011000000110,001000011101000000101000100000001000,113,18120ms
101010010000000010000001101000000100,010001001100100000111000000000001000,000100100010010001000100000000110001,000000000001001100000010010111000010,81,35831ms
111111110000000000000000000000000100,000000000000001011010011000000110010,000000001100110000100000001011000001,000000000011000100001100110100001000,156,1292ms
111011001000001000000000001000000100,000100000110100010000100010001000001,000000010000010001000011100100011000,000000100001000100111000000010100010,140,2866ms
100000100100000000011100010000100001,000010010000010011100010000100000010,010100000001100000000001101000010100,001001001010001100000000000011001000,77,3656ms
111111111000000000000000000000000000,000000000000010000110100001000111001,000000000100001110000000010111000100,000000000011100001001011100000000010,177,91ms
110101011010000001000000001000000000,000000000000111000001001110010000100,000010100001000000110010000100101000,001000000100000110000100000001010011,157,743ms
111001111000010000000000000000001000,000100000000100010011100100000010100,000000000110001001100000000010100011,000010000001000100000011011101000000,157,1258ms
110011111000000000000100001000000000,001000000000100100101000000100110010,000100000011001001010001100000000100,000000000100010010000010010011001001,136,896ms
111101100000100010000001000000000000,000000001000000100000100101001100101,000010010101011000000000000100010010,000000000010000001111010010010001000,157,1200ms
111000011000000000010000000010010001,000101000000010111100000000101000000,000010000101101000001011000000001000,000000100010000000000100111000100110,135,6631ms
111101000010000110000010000000000000,000010110000000000011100100000001010,000000000000110001100001011010010000,000000001101001000000000000101100101,142,107502ms
000101100010110000000010000100000010,101000001000000010011000010010000001,010000000100000001100000101001001100,000010010001001100000101000000110000,89,3111ms
001010100000011001000010100010000000,000000001101000000110101001000000010,010101000010100000000000010001010001,100000010000000110001000000100101100,77,23613ms
111011011000010000000000000010000000,000000000101100111000110000000100000,000000100010001000000001110100000011,000100000000000000111000001001011100,126,3638ms
111110101000000000000000000100001000,000000000000000000001011011001100101,000001010101110011000000000000010000,000000000010001100110100100010000010,177,194ms
110001010100001000000000000100001010,000000000011010100000100001010100100,000010101000000010111010000000010000,001100000000100001000001110001000001,157,744ms
000101001010001000000000001010001100,100000110000000001100000010001010010,001010000000010110011001000000000001,010000000101100000000110100100100000,35,5345ms
011000111000010000000011000000000100,000001000000100010100000000110101010,000000000111000100010000010001010001,100110000000001001001100101000000000,78,69190ms
100010011100010010000000000000101000,001000100000000101000010011100000100,010001000010100000101100000010010000,000100000001001000010001100001000011,157,281ms
101101010101000000000000000100010000,010010000010000010110010000000001100,000000101000100101001000111000000000,000000000000011000000101000011100011,135,10641ms
110010101000000100000000000000001101,000100000110100000000001011000100010,001001010001010011010000100000000000,000000000000001000101110000111010000,147,9891ms
001000111000000110100000000100000001,110010000000001000000100001010011000,000000000101000001010001100000100110,000101000010110000001010010001000000,68,14973ms
111110011000000010000000000000100000,000001000001000000000110110011001000,000000000100110000011000001100000110,000000100010001101100001000000010001,177,242ms
001101101100100000010000000000000100,100000000010000010100010001001010010,010000010001000001001000100100001001,000010000000011100000101010010100000,101,7142ms
101101000000001001000000001000001001,000000100000010110100000010001110000,010010000110100000010011000000000100,000000011001000000001100100110000010,143,1147ms
111001000000000001000000100100001100,000000111010000100100000010001010000,000010000101011000011000000000000011,000100000000100010000111001010100000,157,336ms
010000100100101000000110000001000010,001101001010000101000000001010000000,000010010001000000010001100000010101,100000000000010010101000010100101000,27,7561ms
010110100000010100001001000010000000,001001010101100000100100000000100000,000000001010000001000000011101010100,100000000000001010010010100000001011,74,10227ms
111011101010000000000000100000000000,000100010100100000011100000010000010,000000000001011011000010010100010000,000000000000000100100001001001101101,135,31897ms
000111100010010011000010000000000000,010000000000101000110100000000011010,100000011100000100000000110001100000,001000000001000000001001001110000101,177,2113ms
111111001000000000000010000010000000,000000000010110010000001110100010000,000000010001001101010100000001100000,000000100100000000101000001000001111,145,1626ms
100100100000000010010100000010010100,010001001110000000000000010001001010,000000010001000001001010001100100001,001010000000111100100001100000000000,74,32216ms
010000111000001001001010000000000010,000100000001100010110000000010110000,100010000110010100000000100100001000,001001000000000000000101011001000101,157,5247ms
001010010001010110000001000000000001,100001100000000001110110000000000010,010000000100001000000000110110101000,000100001010100000001000001001010100,68,11662ms
011100000100010100100000000000010010,100010010001101000000010000010100000,000000101000000011000100101000001001,000001000010000000011001010101000100,66,1127ms
101110010000000110000000100100000000,000000100000000000000111000011011001,010001000110000000111000000000000110,000000001001111001000000011000100000,177,155ms
001110001001010100001000001000000000,000000000000001001110110000010001100,100000010000000010000001000101110001,010001100110100000000000110000000010,119,54904ms
100010001011001000000000001001001000,000001000100010010000110000100010001,001100110000100100000000110000100000,010000000000000001111001000010000110,105,4453ms
001111000010000000000010000001100010,010000000001110011100100100000000000,100000001000001000001001011000001001,000000110100000100010000000110010100,105,17452ms
111001110010100100000000000000000000,000010000100010000011001000000001101,000000001001001001000010000111000010,000100000000000010100100111000110000,146,1072ms
001011111000000101000000000100000000,010000000001010010000011001000110000,100100000100001000100100010000001010,000000000010100000011000100011000101,157,134ms
010101000001000000000000001000101110,101000010000110010000000010100010000,000000000110001100101000100001000001,000010101000000001010111000010000000,52,25195ms
001001101110000000000000000001001100,100000000000101100000010011010010000,000100000001010010010101000100000001,010010010000000001101000100000100010,75,12569ms
110000100000100010010000100000000101,000000001001010000000110011000101000,000111010010000100100001000000000010,001000000100001001001000000111010000,161,1444ms
001010000001000011000001000000001101,100100001000011000100010001000000010,010001100010100000011100000000100000,000000010100000100000000110111010000,58,10733ms
001001001000110100000000010010100000,000100000010001001001001001000010010,000000000101000010010010100100000101,110010110000000000100100000001001000,46,25416ms
111011110000000000000001000010000000,000000001101001001000000001001100100,000100000010100110011000000000010001,000000000000010000100110110100001010,143,680ms
111100101010100001000000000000000000,000010000101001000001101001000100000,000001010000010100000000000001011101,000000000000000010110010110110000010,130,26075ms
101111110000100000000000000000100000,010000000000010000111000001100011000,000000000110000100000001000011000111,000000001001001011000110110000000000,177,3497ms
111000100010000100000000000010010001,000111010000000010000010010100100000,000000001100110001101100001000000000,000000000001001000010001100001001110,142,16236ms
000010000110010000001000100101000010,101101000000000000110010000000100100,000000011001101001000001010000010000,010000100000000110000100001010001001,6,2621ms
010110111000000000000100000001001000,000001000101000011001000010000000101,100000000000010100110001001010100000,001000000010101000000010100100010010,177,445ms
010001010001000000000110011000000010,000010100010001010101000000000100100,001100000100000000000000100111011000,100000001000110101010001000000000001,102,22538ms
010010010000100000011000100000100100,100100100000011001000010000100000001,001001001001000010100000001000010010,000000000110000100000101010011001000,67,8356ms
000001101000000000110100100010000001,001010000100000100000010010101001000,100100000010011001000000001000010100,010000010001100010001001000000100010,120,5874ms
111001010010000010000010000000000100,000100001000110000001101000010001000,000000100001000001010000000101110010,000010000100001100100000111000000001,157,11285ms
101111100000000001000100000000010000,000000001010000100000011100001001100,000000010101100000111000010100000000,010000000000011010000000001010100011,177,97ms
011010101010000000000001000010000010,000101000000000110010110000000011000,100000000100110000001000010100100100,000000010001001001100000101001000001,157,310ms
011010001000000000001001001100100000,100101110010000010000100000000010000,000000000101101000010000100000001101,000000000000010101100010010011000010,59,142539ms
010001111001000010000000000000010010,001000000100000000101011011000000100,100100000010100000000000100101001001,000010000000011101010100000010100000,157,2712ms
000111101001000000000100000010100000,001000010000000011101001000100001000,100000000000001100010010010001000110,010000000110110000000000101000010001,122,4322ms
010010111000010001000000100000000010,000101000000100100000000000110011001,101000000001001010000110001000000100,000000000110000000111001010001100000,109,60614ms
110010001000000010000000110001001000,000000000100001001110110000010000100,000000010011000100001001001100100000,001101100000110000000000000000010011,95,21642ms
100100010000100000000001010001100100,010000000110001010110000000010010000,001010000000000001001110001000001010,000001101001010100000000100100000001,77,2598ms
110001100010001000001001000000010000,000100000001100000010100010011001000,001010001100010101100000000000100000,000000010000000010000010101100000111,157,1290ms
001001000011001000001000011010000000,010000000000110001110000000001001100,100010001000000100000100100100000011,000100110100000010000011000000110000,103,1337ms
011010010001010000100000001000000100,100000000100000010010001000000011011,000100001010100101000000010011000000,000001100000001000001110100100100000,68,16827ms
001110111000100000000000000000000101,000001000010001011000010010000110000,010000000001010100000001001001001010,100000000100000000111100100110000000,89,8011ms
101010100001000001010000110000000000,010100000010000100100011000001000010,000000001000110000001100000100111000,000001010100001010000000001010000101,90,18394ms
100010000111000000000110011000000000,010001110000100000100000100000110000,000100001000000100010001000011000110,001000000000011011001000000100001001,89,14269ms
011111100000000000000001000010000010,100000000010011001000110010000000100,000000010100100000101000101001010000,000000001001000110010000000100101001,133,11482ms
101011001001000000101010000000000000,000100010000100100000101010001010000,000000100010010010000000001110001010,010000000100001001010000100000100101,157,1619ms
011111010010100000000000000001000000,100000100000000000001100101000100110,000000001001001100000001010100001001,000000000100010011110010000010010000,117,40660ms
011010100100000000000101000000000011,100000010000110010000010010011000000,000001000000001100101000100000110100,000100001011000001010000001100001000,88,1121ms
001011010001101100000000000000001000,100100000000010000010010101100000001,000000000110000010100000010000110110,010000101000000001001101000011000000,74,38289ms
111101101000000000000000001000001000,000000010100000111000110000101000000,000010000010100000010001010010010001,000000000001011000101000100000100110,144,1279ms
110111110000000000000000001000100000,001000001000110001101000100000000001,000000000101001100010110000001001000,000000000010000010000001010110010110,149,38128ms
100011110000000001000000000000101001,000000000000001100100110010010010010,010000001001100010001001101000000000,001100000110010000010000000101000100,115,59247ms
110111000000000101100010000000000000,000000010000010000001001011001010001,000000101101100000010100100000100000,001000000010001010000000000110001110,177,9500ms
101110001000001000011000000100000000,010000010000010010100100100000001001,000001000100100000000010010011100100,000000100011000101000001001000010010,156,527ms
111010110000000000001010000100000000,000100001000001010010000011000001010,000001000101010000100101100000100000,000000000010100101000000000011010101,157,465ms
001111101010000000100000100000000000,000000010000100001010100000001010101,000000000101001100000010011100000010,110000000000010010001001000010101000,122,8272ms
010000000100010100100011001000000001,000000011001000010001000010011000010,001101000010000001010000000100101000,100010100000101000000100100000010100,117,1635ms
010100100000100001000100100000100100,100000010100011010001000000000000011,001000001001000000010010000111001000,000011000010000100100001011000010000,72,14611ms
011100001000000000000100010000000111,100000110001000000001000101011000000,000001000110100100100010000000011000,000010000000011011010001000100100000,83,3299ms
001100110000000010001000010001000001,000010000000001101010101101000000000,000000001101110000100000000000111000,110001000010000000000010000110000110,77,32357ms
011100111000000001000000000010000010,000011000100001100100001000100000001,000000000000000000001110101001011100,100000000011110010010000010000100000,79,129676ms
000110010000100001101100000000001000,100000000110000000000011000100010110,001001101000000010010000000011100000,010000000001011100000000111000000001,88,16217ms
101001000000000010110000001000001001,000010000001101100000001000011000100,000100101100000001000010110000100000,010000010010010000001100000100010010,140,1232ms
100110110000010010000000100010000000,001000001011000001101000000000101000,010000000000101100010000011001000010,000001000100000000000111000100010101,124,1520ms
001011101000100000100000001010000000,110000000000000010001110000001000011,000000000100001100010001110100100000,000100010011010001000000000000011100,88,39440ms
111011000000100000110000000001000000,000100100100001000000100110000100010,000000010001000011001000000100010101,000000001010010100000011001010001000,157,950ms
101011101000000000000010000001001000,000000000111000001001101000000100001,010100000000101100110000100000000010,000000010000010010000000011110010100,157,863ms
101010001001000100100000110000000000,000000010100110000000101000000001011,000001000010001000011000000111100000,010100100000000011000010001000010100,146,632ms
111001100010000000000010001000001000,000110000001100010100000000100010010,000000001000001000010001100010100101,000000010100010101001100010001000000,130,4648ms
011001000010001000001000010001000100,000000100101010100100001000010001000,000010000000000001010010101100100010,100100011000100010000100000000010001,66,4366ms
111110010000000100100000000000000001,000001001010000000000000001111110000,000000000101001011001100010000000010,000000100000110000010011100000001100,177,763ms
110010010100001100001000000000001000,000101000000100001010000000001100101,000000000010000010000111010110000010,001000101001010000100000101000010000,136,10791ms
111010010000000000101000100010000000,000000100101000000000001000001111001,000001000000011110000010011100000000,000100001010100001010100000000000110,157,298ms
001111110000000000000000000100001100,110000001010000001001100100000000001,000000000100010110100001001010000010,000000000001101000010010010001110000,112,62148ms
110000110010000110010000100000000000,000100000100001001100000000011100100,001011000000110000000000001100001010,000000001001000000001111010000010001,143,7280ms
100000110000100001001000001010000001,000010000010011010100001000101000000,001000000100000100010000110000101100,010101001001000000000110000000010010,70,1739ms
101011100010000000000000000100001001,000100000000010110011010001010000000,010000011100101000000100010000000100,000000000001000001100001100001110010,157,1632ms
101110100010000000010000100000000010,000000010001100001100000010100001100,000001000100011100000010000010100001,010000001000000010001101001001010000,142,6898ms
111100011010000000001000000000000100,000001000100001100000000011010010010,000000000000000000110101100101001001,000010100001110011000010000000100000,157,2883ms
111001001000000000000101000010010000,000010100001001000010000110001001000,000100010000110110100000001000000010,000000000110000001001010000100100101,152,2982ms
000001111000011000000001000001010000,000000000000000110110010010010001001,101100000101100001000100100000000000,010010000010000000001000001100100110,130,26514ms
000101111000001001100000001000000000,010000000010100010010000000110001010,101000000101000100001010000001010000,000010000000010000000101110000100101,157,899ms
