001101000000010000100101001100000000,100000000000001101001000110010000100,010000100111100000010010000000000010,000010011000000010000000000001111001,111,67104ms
010011111000000000000001010100000000,001000000100000001000100001000111001,000100000010000110010010100001000100,100000000001111000101000000010000010,88,2803ms
100010001100000011010100000000001000,010000000010010100100000001100010001,001100000001101000000010110001000000,000001110000000000001001000010100110,93,20301ms
011100100101100000010000000000001000,000000010010000100001111000000100001,100001001000010010000000010101010000,000010000000001001100000101010000110,157,315ms
010100111000100001000000011000000000,001001000010000010000010000010001110,000010000000001100001001100101010000,100000000101010000110100000000100001,43,19522ms
001111001000001001000000000000101000,000000110010000100000001101010000010,100000000000000010100110000101010100,010000000101110000011000010000000001,177,4346ms
001010000100000000010100000000011101,100101100010001000100000000001000010,010000001001000010001010010100100000,000000010000110101000001101010000000,64,750ms
010001010010100000000001000000011001,100100100000011000010100000100100000,001000000101000011001010010010000000,000010001000000100100000101001000110,54,5489ms
011000000001000000100001000010110100,000110000000000011001110000101000000,100000000100101100010000011000000001,000001111010010000000000100000001010,117,3465ms
101010000100010000010001000011000000,000001101001001010000000101100000000,010100000010000001000100010000101100,000000010000100100101010000000010011,130,408ms
101110101100100000000000010000000000,010000000000000110001011000100000110,000000000001010000010100001011100001,000001010010001001100000100000011000,150,8833ms
110010110000000000011000100000000100,000100001011011000000001000000010010,001001000000000100000100011001001001,000000000100100011100010000110100000,136,4443ms
001111110011000000000010000000000000,010000001100000000001000101000011100,000000000000011010110001000011100000,100000000000100101000100010100000011,99,23885ms
011001101000011000100000000000000100,000000000000000010011101000110110000,100110000110100100000000110000000000,000000010001000001000010001001001011,177,963ms
100010111000000000001001001000100000,010100000010010010000100100001000100,001001000001100001100010010000000001,000000000100001100010000000110011010,113,29456ms
100100111000000000000100100101000000,001000000001010110000000001000001101,010011000000100000010011000000100010,000000000110001001101000010010010000,144,3078ms
000101110001000100000000100100001000,000010000010001000110000000001110010,010000001100110011000001001000000000,101000000000000000001110010010000101,78,50348ms
001111111000000000000000000000011000,000000000010001111001100000001000010,110000000000110000000010001100100001,000000000101000000110001110010000100,177,103ms
101011110000001010000000010000000000,000000000000010000001101000011110010,010100000011000001100000001000001001,000000001100100100010010100100000100,152,1622ms
101110011000001000001000000001000000,000001100110000100000011100000000100,000000000001000000100000011110101001,010000000000110011010100000000010010,177,966ms
010110000110000000100010010000000100,000001010000001000011101001000100000,100000101000110010000000000100011000,001000000001000101000000100011000011,177,4452ms
101111100000010010010000000000000000,000000001011001000100010100000001100,010000010100000101000000001010100001,000000000000100000001101010101010010,172,1245ms
010001111000000000000001000010001010,000010000000001111101000001000000100,001000000001100000010110000001010001,100100000110010000000000110100100000,93,14528ms
001111101000100100000000000000000001,100000000101000001000001001010011000,010000000010010000101000100000100110,000000010000001010010110010101000000,101,25201ms
111111001001000000001000000000000000,000000000000011001100000100000110011,000000100100100010010000000111001000,000000010010000100000111011000000100,177,278ms
100111110001000001000000000000001000,001000000100111010000000000010000101,000000001010000100010011100001100000,010000000000000000101100011100010010,139,36998ms
010100100000000000100000000001101101,001000001100000100000010111100000000,000001000010001011000101000010000010,100010010001110000011000000000010000,50,3219ms
011010100100000000001000000001010001,100000011000100001000000101100100000,000100000010001000010110000000001110,000001000001010110100001010010000000,76,4687ms
001010011100001000100010000000100000,110101000000110001000000000100010000,000000100000000010000100111010000101,000000000011000100011001000001001010,45,32678ms
101010010000001000010000000100011000,010000100011000000001000100001100100,000100001000100010100111000000000010,000001000100010101000000011010000001,133,1437ms
101111011000000001000000000000000100,000000100001110000100010110000000001,000000000100001100011100001000101000,010000000010000010000001000111010010,177,3188ms
011100011000001000100000010000000010,000001000000010110010010001010100000,100000000011000000001000000100011101,000010100100100001000101100001000000,157,2060ms
011101111000000100010000000000000000,100010000110000001000000101001000100,000000000001100010001100000100010011,000000000000011000100011010010101000,80,84609ms
001111011000000000010100000000001000,110000000000001000001000010001100101,000000000100100110100001100000010010,000000100011010001000010001110000000,117,5078ms
100011001000000100100000000011001000,010000000100100000010000011000100110,001100110001000000001000000100010001,000000000010011011000111100000000000,133,827ms
000111111000000000001001001000000000,000000000000101101000110000010001100,011000000101000010100000010100100000,100000000010010000010000100001010011,136,12009ms
101001011000001000011000000000000001,010000000011110011000001000100000000,000010100100000100000000111010000100,000100000000000000100110000001111010,122,22038ms
010011011000000010010000001000010000,001000000001101000000100000101101000,000000000100000101101011010000000010,100100100010010000000000100010000101,83,37491ms
000000100000100000100000101001101001,001111000000010010001001000000000100,010000011100000001010010000110000000,100000000011001100000100010000010010,68,2532ms
001100101000001000000100010010000100,000000000100000100001000100000111011,000001000011110000100010000101000000,110010010000000011010001001000000000,56,28917ms
011010011000001000000000100000001010,000100100001000000000001001010110001,100001000000010010111010000000000100,000000000110100101000100010101000000,157,2035ms
010111011100001000000000100000000000,001000100010000000000101010100001001,000000000000010100100010000011100110,100000000001100011011000001000010000,114,118194ms
100010010001100001000011001000000000,011100000000000000010000000001110011,000000000010001100100100110100000100,000001101100010010001000000010001000,85,54769ms
000000101001011000010010000000001100,010000010010000101000101000011000000,000000000000100010101000001100110010,101111000100000000000000110000000001,15,207ms
100000010000110000100110000110000000,000011000100000010000001100000110010,010000000000001101000000010001001101,001100101011000000011000001000000000,75,12997ms
011100101000000000010000001000001010,000000010000010100001000010101110000,000000000111101001000001000010000100,100011000000000010100110100000000001,69,37463ms
001100001000000001100110000010010000,010001000000110000001001000100001010,000010010011000010010000010000100001,100000100100001100000000101001000100,63,2640ms
010000100001000110000000000010110100,000001010110010001000010101000000000,000100000000000000001101000101001011,101010001000101000110000010000000000,28,259129ms
111001000000100000000000001010001100,000010010010010100110100000001000000,000000001001001010000001010000010011,000100100100000001001010100100100000,104,3884ms
011101101000010001000000000001000000,100000010000000110100001001110000000,000010000011000000011010010000010010,000000000100101000000100100000101101,91,18688ms
111100101100000000000000010010000000,000001000010110011010000001000010000,000000010000001100100011000001000101,000010000001000000001100100100101010,157,318ms
100010011100010001000010000000001000,000100000010101110011000100000000000,001000100000000000100000011001110100,010001000001000000000101000110000011,138,70346ms
111011110000000000000000001000000001,000100000110000110100000100100100000,000000000000101001001001000001011100,000000001001010000010110010010000010,124,11715ms
110100110000000000011000000100000001,000000000100000000000111100000110110,000000001011000011100000010010001000,001011000000111100000000001001000000,157,7002ms
010101101000000000100000000000100011,100000010000101001010000101000001000,000010000101010010000001010011000000,001000000010000100001110000100010100,88,6229ms
101011011000000000000000001000010100,000000100100000000111000100001001010,000000000000101010000111010000100001,010100000011010101000000000110000000,100,35386ms
111000111110000000000000000010000000,000010000001011010000001101000000001,000001000000000101111010000001100000,000100000000100000000100010100011110,140,172ms
011110100010001010000000010000000000,100000000000010000000100000001101111,000000010101100000010001100010010000,000001001000000101101010001100000000,126,18278ms
100101010000000010000001000101000010,010000000100011001111000010000000000,000000001001100100000100101000010100,001010100010000000000010000010101001,84,46466ms
001000111000001001001010000000000100,110000000111000000000100010001010000,000101000000010010100000101000001001,000010000000100100010001000110100010,46,1766ms
110011000000010100010000010000001000,000000001111000000101000001010010000,001000010000100010000010000101100010,000100100000001001000101100000000101,157,1691ms
011101010000000000000000101000110000,000000001100010000100010000110000110,000000000001001110011001000000001001,100010100010100001000100010001000000,63,18884ms
100001001000000010101101010000000000,001000010100000101010010000010010000,000010000001001000000000101001001011,010100100010110000000000000100100100,59,43520ms
110101011000000110001000000000000000,001000000100001000100001000110100001,000010100010010001010000010001000010,000000000001100000000110101000011100,143,1984ms
101111110000000010001000000000000000,010000000001111000000100000001101000,000000001100000101100000010110000001,000000000010000000010011101000010110,177,692ms
001001011100000000000010000001110000,110100000000100000111000000000001010,000010100001001001000100110010000000,000000000010010110000001001100000101,51,5623ms
001011100000000100000000000101100010,100000001000011010000101010000000100,010000000010000001110010100000001001,000100010101100000001000001010010000,92,16234ms
111000110000000000010100100000010000,000001001101100000001000001010000100,000000000000000111000011000001101001,000110000010011000100000010100000010,118,9760ms
001101110000000100000000010000000011,100010000110000000000100101100001000,000000001000101001000011000010010100,010000000001010010111000000001100000,57,761ms
100100101000000100000000000101100100,000001000001011000110011000010000000,001000010100100000001100001000000011,010010000010000011000000110000011000,157,4311ms
010000111000000110100000010100000000,000101000000110000000100000011100001,000000000001001001011011001000010000,101010000110000000000000100000001110,69,15263ms
110000000001100011000000001000001001,001100001000010000000010110101000000,000010100000000100010001000000110110,000001010110001000101100000010000000,56,13056ms
011000100110000000010000010000001010,000010010001000010000001001100100001,100100001000011101000010100000000000,000001000000100000101100000011010100,157,1478ms
110100111000101010000000000000000000,000000000000000101101001100001000110,001001000100010000010100000000101001,000010000011000000000010011110010000,157,330ms
110110100000000010001001000000000100,000000000101010100100100001010010000,001000011000001000010000000001001011,000001000010100001000010110100100000,156,3193ms
000001011010000000000000000010011101,000100100100000111000000000001100010,100010000001001000010101110000000000,011000000000110000101010001100000000,90,332275ms
010100001010001011000100000000010000,100000100001010000101000010011000000,000000010000000100000010001100101011,001011000100100000010001100000000100,46,10247ms
110010001001000010000000100010100000,001000000000000001100100011000001110,000001110110100000001001000000010000,000100000000011100010010000101000001,157,527ms
100011100000100110000000110000000000,001100000000011000001000000000110101,000000011001000001110011000000001000,010000000110000000000100001111000010,107,24303ms
111111111000000000000000000000000000,000000000010100001100001100010100010,000000000101011100000110001000001000,000000000000000010011000010101010101,177,73ms
010000101000000010110000000010001100,001010010000001000000011000000100011,000001000101100001000000111000010000,100100000010010100001100000101000000,56,6301ms
101100010000100001000100100000000001,000001001001000110000000000001011010,010010100110000000010001011000000000,000000000000011000101010000110100100,144,41921ms
000001010100000001010000010100100010,100010000010100100000110000010010000,001000101001000000000001100001001001,010100000000011010101000001000000100,43,3736ms
111011101000000000000000000010000100,000100010010010000101001001000010000,000000000001000011010010000101101000,000000000100101100000100110000000011,157,1276ms
011101001000100000100001000100000000,000010000000000000001010110010110100,000000110011000101010000001000000001,100000000100011010000100000001001010,95,23012ms
001100110010000000100001000000001001,010001000001000001010000101010000010,000010000100001110000100010001010000,100000001000110000001010000100100100,62,2520ms
010010010000110000010001000001100000,000100001001000100100000110000000011,000000100010000001001000001110010100,101001000100001010000110000000001000,64,3943ms
000001111000000001000101000100000100,000100000100100000001010101001100000,101010000000010000110000010010000001,010000000011001110000000000000011010,144,1098ms
011110111010000000000000001000000000,100000000000100000001110000000111100,000001000001001010000001110010000010,000000000100010101110000000101000001,98,13380ms
100110000000000000000101010001010100,001000000000100001100010101010100000,010001011100010110000000000000001000,000000100011001000011000000100000011,177,4555ms
001001111000001000000000000000111000,000100000000010101010000011101000000,000010000100100010100010100010000001,110000000011000000001101000000000110,84,1863ms
010101000001000001000110010000000010,001000000000011100101000100001100000,100000010000000010010001000100011001,000010101110100000000000001010000100,121,10125ms
100010110000100010000010000001000100,011000000010010000000001110010100000,000100001100000001100000001100000011,000001000001001100011100000000011000,130,435ms
010000000000100000111111000010000000,000011001000011000000000000100010011,000100100011000100000000011000101000,101000010100000011000000100001000100,6,7449ms
101000101010001000000001000001000100,000111000000000000100100010110000010,010000000100010001001010101000010000,000000010001100110010000000000101001,112,18049ms
010111111000000010000000000000000100,000000000101010000000100000001111010,000000000010000001101001101100000001,101000000000101100010010010010000000,120,56007ms
111010111100000000000001000000000000,000100000000011001000100111001000000,000001000000100000101010000110100010,000000000011000110010000000000011101,157,211ms
010100101010000000110000000000000110,001010000000010000000001000111011000,100000000000101001001100110000000001,000001010101000110000010001000100000,106,41639ms
100011011000000000001000010100001000,000100000000101001100000000001110010,001000100010010010000011001000000001,010000000101000100010100100010000100,134,2592ms
100000101010000010011000000000001010,010100000001100100100010000000000101,000011010100010000000001010010100000,001000000000001001000100101101010000,97,564ms
100100011000000010000100100010000010,000000000000010100101011000100110000,011010100011000001000000000001000100,000001000100101000010000011000001001,145,4560ms
111010100100000100000000000000001100,000000010010011000001100100100000001,000001001000000001000001010011010010,000100000001100010110010001000100000,144,1223ms
100101011000100001000100000000000100,001000000000011110000000010100110000,010010000011000000110001001000000010,000000100100000000001010100011001001,157,3049ms
111011001000000010000100000000000010,000100000000100000100001011010100001,000000100101011100000010000100010000,000000010010000001011000100001001100,157,515ms
110011110000000000000010001100000000,000000000001110101100000100000100010,001100001000000010010000000011001100,000000000110001000001101010000010001,157,178ms
111111011000000001000000000000000000,000000100001010000000100101100001100,000000000110000000100011000011100001,000000000000101110011000010000010010,177,150ms
001110101000000001010000010000100000,000001000000000100001011001101000001,010000010000110010100000000010001100,100000000111001000000100100000010010,102,16484ms
010011001000000000100010000011000001,101000000101011100000000000000001100,000100010000100000010001111100000000,000000100010000011001100000000110010,112,7891ms
001101100000000000001000011100100000,000000010000000110010110000000011100,110000000010001001000000100001000011,000010001101110000100001000010000000,146,5253ms
101110000010000010000000000000010011,000000011100011000000011000100001000,010001000001000100100000100010100100,000000100000100001011100011001000000,157,5466ms
000000111001000000100001010001000001,000111000000100000001100000100101000,010000000000010110010000001000010110,101000000110001001000010100010000000,30,2605ms
010111000100001000000001000100100000,001000000011000000000010011001001100,100000100000110001011000000010000010,000000011000000110100100100000010001,177,71ms
100110100011000001000100100000000000,001000010000100100000011000000001101,000000000000011000000000011111110000,010001001100000010111000000000000010,98,9379ms
000111100000000011000001000011000000,001000001000000000000110100100001110,110000000000111100011000010000000000,000000010111000000100000001000110001,139,8332ms
111001111100000001000000000000000000,000010000000000100001101110110000000,000100000001001000100000001001011001,000000000010110010010010000000100110,157,269ms
011100001000110000000000100000101000,100011000100000000100001010010000001,000000010010000110000100000100010110,000000100001001001011010001001000000,70,14832ms
010001000000011000101001000010000010,100000000010000110010100000001010100,001000001000100001000010010100101000,000110110101000000000000101000000001,52,2946ms
011001011001000000000000100100000001,100010000000001011110000001010000000,000000000110000100000110010001010010,000100100000110000001001000000101100,110,14455ms
100110101010100000000000010000000100,000000000000001001011101001010000001,010001000001000010000010100000101010,001000010100010100100000000101010000,133,2192ms
101000110000000001001010000000100010,010100000001110010000100100000010000,000011001010001000100001000001000100,000000000100000100010000011110001001,98,12411ms
000011000010000000011000011010100000,000000000100010101000110000000011010,001000111001001000100000100000000001,110100000000100010000001000101000100,42,16125ms
000101101000010100000100000010001000,101010000000000010100000000000110011,000000010110001001011000100001000000,010000000001100000000011011100000100,43,4723ms
011000101000001011000000000000001010,000010000110000000000000111001110000,000001000001000100100011000110000100,100100010000110000011100000000000001,84,3163ms
011011110000111000000000000000000000,000000001000000000110101110010000100,000100000001000001000000001001111001,100000000110000110001010000100000010,85,56507ms
011101011100010000000010000000000000,000000000010100010001001011000101000,000000100001000001000100100110000101,100010000000001100110000000001010010,86,29849ms
000101011000000000010000011000100010,010000000111010000000010000010011000,101000000000001000100001100101000001,000010100000100111001100000000000100,157,1810ms
011001111000000000100000001000000001,100000000100110000000000010010111000,000010000001001000011111000100000000,000100000010000111000000100001000110,119,8503ms
111111000000000000000100000010000001,000000100000110100011001001000100000,000000001010001011100000100001000100,000000010101000000000010010100011010,177,1308ms
010010101010000001001001100000000000,101000010100011000010000000010000010,000001000001100000000000000001111101,000100000000000110100110011100000000,60,74226ms
001101111000101000001000000000000000,000000000010000000100010000111001101,100000000000010001010001110000010010,010010000101000110000100001000100000,125,26555ms
100011110000000000010000000001000101,001000000000100000100000001110111000,010100000110001100000111000000000000,000000001001010011001000110000000010,147,9553ms
000011001100000000101000000100001100,100000000001100010010000101011000000,001100110000010000000101010000000010,010000000010001101000010000000110001,89,2369ms
100001100000100001010000000010010010,010010011010001010000000000001100000,001100000000010000000110110100000001,000000000101000100101001001000001100,95,14370ms
011000111100000011000000000000000010,000100000000000100001011000001110001,000001000000110000100100100010001100,100010000011001000010000011100000000,74,30133ms
000111101000000000100000010010000001,100000010000101101000100000000100100,001000000111010010010001000100000000,010000000000000000001010101001011010,111,32057ms
011110000010110000000010000000010000,000001000100001100010001100001100000,000000000000000000101100011100001101,100000111001000011000000000010000010,99,138619ms
010010011010001100110000000000000000,000001000100100000000011000110101000,101000000001010001001100000001010000,000100100000000010000000111000000111,157,161ms
000101000110000000100000000001100011,000010010000001111000001110000000000,111000001000000000001100000100010100,000000100001110000010010001010001000,157,993ms
101010111000000000100000000100001000,010100000011000000011001000010000100,000000000000011111000000011000110000,000001000100100000000110100001000011,126,1621ms
111010110100010000000000100000000000,000000001001001011000000000000001111,000101000000000100100001011001100000,000000000010100000011110000110010000,157,1394ms
101000111110000000000000100000000001,000100000001001010001100010100000100,010000000000000100110010001010110000,000011000000110001000001000001001010,157,1323ms
100101110000010010000000001000001000,010000000001000001001001010011000100,000010000100001100010000000100110001,001000001010100000100110100000000010,125,3855ms
001111100000000000101100000000100000,000000010011000010010000011000000110,000000001000110100000010000011010001,110000000100001001000001100100001000,102,4865ms
101100110010000000010000100100000000,000010000001010000000011000011101000,000001000000100101001000010000010101,010000001100001010100100001000000010,100,1612ms
101101100000100000010000000010000100,000010001001001000000001000001101001,010000000000010010001100110000010010,000000010110000101100010001100000000,127,4597ms
001010100000010100001010000001010000,000100010000001001000000011100100100,010000001001000010110100000000001001,100001000110100000000001100010000010,61,627ms
000010011100100110000000000000100100,000101000000001000001100000001011010,101000100000000001010010101100000000,010000000011010000100001010010000001,154,2610ms
101101011001100100000000000000000000,010010000010001001100100100000010000,000000100100010010011000011100000000,000000000000000000000011000011101111,139,9382ms
001000110000000010100100001100000100,000100000001111000000010100010010000,000011000010000001011000000001100010,110000001100000100000001010000001001,71,2020ms
101010100000100001100100000000001000,000100001011000000000001010011000010,000001000000000110010010101100000001,010000010100011000001000000000110100,157,2427ms
001100000100010010101000000001000010,100010001001000001010010000000101000,000001110010101100000100000000000001,010000000000000000000001111110010100,70,14684ms
010110110000000000000000100011000010,000000001010011001000001010000100100,101001000101100000000000000000011001,000000000000000110111110001100000000,177,406ms
110001110000000000001001000010000010,000000000110010110000000001001011000,000010001001100001100010000100000001,001100000000001000010100110000100100,146,1245ms
010111001100000000001000000010010000,001000000000100001100101001100000001,100000110001011000000000000001001010,000000000010000110010010110000100100,177,472ms
011101110000100000000000101000000000,000000000001000100100100010100001110,100000000100011000010000000011010001,000010001010000011001011000000100000,157,2640ms
110111011001100000000000000000000000,000000000110010010100000000111000100,000000100000001000011100000000110011,001000000000000101000011111000001000,164,149ms
101010110000000100000001000100010000,000000001111000000001010000000101100,000000000000110011010000001001000011,010101000000001000100100110010000000,100,29568ms
100110001011100000000000010000000100,000001000000011010010100100100010000,010000110000000101100000001001001000,001000000100000000001011000010100011,177,1060ms
000101010000000001010010001010001000,100000100100100000000100100001000110,011000000001000110100000000100110000,000010001010011000001001010000000001,95,8267ms
110010011000010000001000001000000100,000001100010000000010011100010100000,000000000000100010000100010001011011,001100000101001101100000000100000000,89,21399ms
110010101010000010000000001000001000,000000010000011100001010010110000000,001000000100100000000100100000110011,000101000001000001110001000001000100,143,382ms
110101101000000100000000100001000000,000010000100011000011000001000011000,001000000011000001000100010100100010,000000010000100010100011000010000101,144,1037ms
000100010101001000100000010000010010,010001000000010010010000101101000000,000010000010100001001110000010100000,101000101000000100000001000000001101,36,1488ms
001001110000010100000110001000000000,110000000000001010100001000000110010,000000001101000000000000010111001001,000110000010100001011000100000000100,62,47459ms
100111000000010000000000010010100100,000000000000100011010000001101010010,011000000010000100100101000000001001,000000111101001000001010100000000000,142,30277ms
100000001000010001011100100000000001,000001100100001110000010000001001000,001010010001100000100000000110000010,010100000010000000000001011000110100,137,407ms
011110101000000000000010000101000000,100000010000100011000000000000111010,000000000101010100010000011010000100,000001000010001000101101100000000001,123,66236ms
000010100010110001000000100010001000,100000001000000000001100011000110100,000101000101000010110001000001000000,011000010000001100000010000100000011,34,59980ms
011011111000000000000000000101000000,000100000000001100100100001010010001,000000000000010001010011010000101100,100000000111100010001000100000000010,108,10344ms
110111010010000000000000001000000001,001000000001010000011010000000101100,000000001100000101000101010100000010,000000100000101010100000100011010000,177,262ms
101010101000000110000100000000100000,010100000000110000010000001100001100,000001000101001000000000110001010001,000000010010000001101011000010000010,99,5238ms
110011001000000000100000111000000000,001000000100110001000000000101000110,000000010010000100001101000000111000,000100100001001010010010000010000001,142,11117ms
000100001011001000010000100000100100,001000000000100011000100010100000011,000010100100010000101000001010001000,110001010000000100000011000001010000,44,1102ms
001010101110000010000000000100000001,000101000001000001010101100000010000,100000010000110000001010000011001000,010000000000001100100000011000100110,157,1702ms
001001101010000000000010001000010100,000000010000100011000000010110101000,000000000101000100110100000001000011,110110000000011000001001100000000000,80,31424ms
100110110000100000000000010101000000,000000000000001010111001001000100010,001000000110010100000110000010000100,010001001001000001000000100000011001,152,2075ms
110001101100000000100000000010000001,000000000000010011011001101000001000,001110000000001000000010010001010010,000000010011100100000100000100100100,169,1352ms
101011000000000110000000100000100001,010100000000110000010010000101010000,000000010101001000100101000010000100,000000101010000001001000011000001010,129,1805ms
011001110001000000000001000100010000,000100000100011011010000100000000001,000010001000000000101000001010100110,100000000010100100000110010001001000,121,25193ms
111111100000000010000000000010000000,000000000000001001100010011101001000,000000000111110100001100000000000100,000000011000000000010001100000110011,177,5383ms
100000100011000001001000000000110010,000011001000010010100100000100000100,000000010100100000000000011011001001,011100000000001100010011100000000000,64,19731ms
011000110000000000001001101000000100,000001000010010010100110010000000001,000000000100101101000000000111000010,100110001001000000010000000000111000,75,166296ms
000111001100001100000000000000000101,000000010010000011101001101000000000,111000100000000000000100010000111000,000000000001110000010010000111000010,163,41545ms
111100110110000000000000100000000000,000010001000001001000000001000011011,000000000000010110011000010110000100,000001000001100000100111000001100000,146,2536ms
110110001000010000000011100000000000,001001100010001010010000000101000000,000000010100100000000100010010110100,000000000001000101101000001000001011,130,29368ms
111001101000110100000000000000000000,000000000100000010001001010001101010,000100000001001001000110001100000001,000010010010000000110000100010010100,142,1250ms
000110010000011000101001001000000000,100001100101000101000000010000000010,001000001010100000010000000011110000,010000000000000010000110100100001101,93,17903ms
011110011010000000100010000000000000,000000000000101000000100110010001011,000001100101010110010000000100000000,100000000000000001001001001001110100,142,4154ms
011111101001010000000000000000000000,000000000010000001100001101000101001,100000000000001000010000000111010110,000000010100100110001110010000000000,177,1923ms
100100000100000111001000100000000010,000011011000100000000100000010001001,001000100000010000010001001001100100,010000000011001000100010010100010000,88,6926ms
100000000110000100010000100100100100,001010100000010001100000010001010000,010001010001101010001000001000000000,000100001000000000000111000010001011,129,46141ms
011101100100100001000000000000100000,000000000000000100000110101001010110,000010010011000000011001000000001001,100000001000011010100000010110000000,104,8221ms
110110000000001000100010001000000001,001000110101000010001100100000000000,000001000000100101010000000011101000,000000001010010000000001010100010110,134,40367ms
010010000100000001010001000001011000,000000110001001100100000010100100000,101100001000100000001000001010000001,000001000010010010000110100000000110,144,254ms
101001111000000000000010100000010000,010000000110001000000001001101000010,000110000001000001100000000010101001,000000000000110110011100010000000100,156,953ms
000011101010000100000010000100000100,101100000000000011001100010000001000,010000010000000000110001001000110010,000000000101111000000000100011000001,93,35174ms
010111101010000000000001000000100000,101000000001000100000010111000010000,000000010000101010101000000101000001,000000000100010001010100000010001110,109,18789ms
000010001010000011100001000000010001,001001100100010000010000010000001100,100100010000101100001000100100000000,010000000001000000000110001011100010,109,3121ms
111110100000001000000010000000000010,000000010001010000000100011001100100,000001001110000010011001100000000000,000000000000100101100000000110011001,177,1152ms
111001011000000000001000000000010010,000000100000011010000001101000100100,000110000010100000010000000111001000,000000000101000101100110010000000001,177,111ms
110101100000000000001000100000000101,000000010001010010000100000101110000,001010001110000000010011000000001000,000000000000101101100000011010000010,157,938ms
110111101000000010100000000000000000,001000000000011000011100100000000011,000000010010100100000011000011100000,000000000101000001000000011100011100,156,744ms
110011100000100100000001100000000000,001000011010000001001010000010000010,000100000000011010100000010000100101,000000000101000000010100001101011000,113,18507ms
111000001000000001100100000000011000,000101100000110010010000001000000010,000000000010001000000001100111100100,000010010101000100001010010000000001,157,4659ms
111100111000000000000000010000001000,000001000000000100101010100001010001,000010000100100001010100000110100000,000000000011011010000001001000000110,157,79ms
000110110000001001000101000000000001,101001001001000010000010100000000100,010000000000100100110000001110000010,000000000110010000001000010001111000,76,11528ms
000011011000000010000100000001010100,010000100010000001100010001000100001,001000000100000100001001100010001010,100100000001111000010000010100000000,63,4154ms
110000101000001000010001000000110000,001010000010000010001000101010000100,000001000001100101000010000100000011,000100010100010000100100010001001000,120,2424ms
110011010000100100000000000100100000,000100101000010000010010010011000000,001000000100001010001101100000001000,000000000011000001100000001000010111,142,5768ms
001001010000110010000000001100000010,010000001010000000101000010001001001,100100100100001000010010000010010000,000010000001000101000101100000100100,134,948ms
110101110000000000010001000000100000,001000000010000110000000110000010011,000000001100110001100100000110000000,000010000001001000001010001001001100,157,49ms
000101100100000000010001010100000010,001000000001001011100000000000110100,110000010000100000001110000010000001,000010001010010100000000101001001000,157,36ms
011100110110010000000010000000000000,100001000001000010111000000000101000,000010001000000101000001100110000100,000000000000101000000100011001010011,104,10496ms
010100000000000000001000101001011001,001001001100001001110000000000100000,000000010010110000000011000110000100,100010100001000110000100010000000010,40,10311ms
010110010101100001000000000000100000,001001001000001000000001001100010010,100000100000000100001110000011000001,000000000010010010110000110000001100,162,13092ms
101111001000000010010000000010000000,000000000011001100000010110100000010,010000010100010000001100000000110001,000000100000100001100001001001001100,161,1684ms
110111000000000100000010000000100010,000000000011110000011100000100000100,000000111100000010000000001011000001,001000000000001001100001110000011000,156,1693ms
111111110000000000000000001000000000,000000000101000110000001010000001110,000000000010100001011100000110010000,000000001000011000100010100001100001,164,1602ms
111110110000000010000100000000000000,000000000111001001011000000000110000,000001000000010100000010010111001000,000000001000100000100001101000000111,177,596ms
110100000010110000001000000001000001,001010110000000010000110010010000000,000001000001000101110000000000010110,000000001100001000000001101100101000,105,2269ms
001011010110000000000001000110000000,000000100000000110001010100001000110,110000000000000001010100011000101000,000100001001111000100000000000010001,157,34ms
100000110001000000000011100001100000,010000001010000101010000001100000010,001110000100100000101000010000000100,000001000000011010000100000010011001,150,2842ms
000111010000011010000100000001000000,011000000110000100001000010000011000,100000001001000001010000101010000010,000000100000100000100011000100100101,101,12143ms
101101000000011100000000000001000100,010000101010000000101000000000010011,000000000101000011010000001110001000,000010010000100000000111110000100000,130,8886ms
011111110100000000000000000001000000,100000001000001010100110101000000000,000000000001100101011000000010001100,000000000010010000000001010100110011,112,86634ms
011011010010100000000100000000000100,000000001000010001011000110001000001,100100100100001000100010000010010000,000000000001000110000001001100101010,157,176ms
000110011000101010100000000010000000,000000000011010001000000101100011000,101001000000000100000001000000100111,010000100100000000011110010001000000,126,16283ms
011111000000010000001000101000000000,100000110001000001000001000000101001,000000000010101100010100010010010000,000000001100000010100010000101000110,96,78953ms
100010000100000100001110010000000001,010100001010000000110001001000000100,001000110000000010000000000101111000,000001000001111001000000100010000010,112,79643ms
100111001001001100000000000000010000,010000110000000011000001010100100000,001000000010000000110100000001000111,000000000100110000001010101010001000,128,21508ms
110001000010001101000010000000000001,001010000000000010001101000110000100,000000111000010000100000010001010010,000100000101100000010000101000101000,126,9493ms
100100110101000000000000000000001011,010010001010000000010011010100000000,000000000000101001000100001011010100,001001000000010110101000100000100000,85,16563ms
110011011100000000000100000000001000,000000000001001000110010100001010010,001000100000110101001000001000100000,000100000010000010000001010110000101,157,1031ms
010001001000000010000100001100000101,000010000001111000000011100000000010,000100100100000001011000000011010000,101000010010000100100000010000101000,92,2084ms
011111111001000000000000000000000000,000000000000000001000100110100010111,100000000010011000011010000010100000,000000000100100110100001001001001000,177,272ms
111010001000000000000000000110110000,000001000100000110110000100000000011,000000010011110000000110001000001000,000100100000001001001001010001000100,157,300ms
110110101001100000000010000000000000,000000000100011011010000000001010010,000001010000000100001100010000101001,001000000010000000100001101110000100,146,2587ms
100011111100000000000000000001100000,011000000010110000110010000000010000,000100000000001010001000001110000101,000000000001000101000101110000001010,140,813ms
011000011001000000011000010000000010,100100000100000010000011101000000001,000001000010001001100100000010100100,000010100000110100000000000101011000,57,69575ms
001010110001000010000010000001100000,000001000110110100110001000000000000,000100000000001001000100101110000010,110000001000000000001000010000011101,36,30222ms
001011001001001100100100000000000000,000100100000100000001001011110000000,100000000110000011000010000001000101,010000010000010000010000100000111010,140,13114ms
001000000000100100010011000100011000,100101000000000001101000000000000111,010000111000011010000000001001000000,000010000111000000000100110010100000,67,4763ms
101101101001000010000000000010000000,000010000000110000010010101001000010,010000000100000001001000010100110001,000000010010001100100101000000001100,157,59ms
001000010100001000000000100011000101,000000001001010001001110010100000000,010100000010100000100000001000011010,100011100000000110010001000000100000,60,10171ms
101100101001100000100000000000000001,000010000010000010010100100001100010,010001010100011100000010000000001000,000000000000000001001001011110010100,157,1559ms
100110111100001000000000010000000000,000001000010000010001100100010001010,000000000000110100110001001001000001,011000000001000001000010000100110100,159,3552ms
000100000010000001110000010010110000,000000010001001000001011000001001001,101001101000100000000100001100000000,010010000100010110000000100000000110,139,557ms
001100011011011000000100000000000000,100010000000000000100000100101110010,000000000000100101011010001010001000,010001100100000010000001010000000101,46,52424ms
010101110000010000000000100000100001,000010001011000001010100000101000000,101000000000001000100010001000011100,000000000100100110001001010010000010,138,2479ms
010101010000000001110000000000001010,000000100100101010000000101001100000,100010001001000000000010010100010100,001000000010010100001101000010000001,157,68ms
110001001000000000000010100000010011,001000100000110100100100000000101000,000110010010000010010001010000000100,000000000101001001001000001111000000,146,11319ms
000101111000000100000000010000101000,011000000001000000000111000010000101,000010000010001010101000100000010010,100000000100110001010000001101000000,30,4090ms
010100010000101010001000011000000000,100001001110000100000000100100000100,001010100000010001010000000011100000,000000000001000000100111000000011011,60,25259ms
010010111100100100000100000000000000,101000000001001000100000010001000110,000000000000010001001011101000001001,000101000010000010010000000110110000,72,17127ms
001011110000001100100000000000000001,000000000111110000000011001001000000,010000001000000011000100000010011010,100100000000000000011000110100100100,82,11581ms
110111110000100000000000000100000000,000000001100000110001010100001100000,001000000001010000100000000010011101,000000000010001001010101011000000010,177,81ms
001110001000000011000110000000100000,000000110000010000001000100100000111,010000000111100000100000001000011000,100001000000001100010001010011000000,114,3972ms
000001001001001000100000100100100010,000110110000010000001010000001001000,110000000110100000010000001000010100,001000000000000111000101010010000001,141,314ms
001101010100000000000011000000110000,000010000000000100110100101000000101,010000100011111000000000000000001010,100000001000000011001000010111000000,89,7595ms
100010101000000000000110010011000000,000000000000110100011001001000010010,010100010001001010100000100000000001,001001000110000001000000000100101100,131,45099ms
110101111000000001000000000000000010,000000000100000010010111010000100100,000010000010000000101000101111000000,001000000001111100000000000000011001,157,30ms
010111110000001000000000000100000010,001000000001100010000010100000110001,000000000010000101111000010010000100,100000001100010000000101001001001000,129,7616ms
000000000001101010100100000100100100,110010000100000000010011101000000000,001101010000010000001000000001010010,000000101010000101000000010010001001,56,35156ms
100111111000000000000100000000010000,001000000010101000000011000100100100,000000000101010110100000001001000001,010000000000000001011000110010001010,177,1352ms
110000100000011000001100000011000000,000011000010100000010000001000111000,001100010001000100100001010100000000,000000001100000011000010100000000111,157,278ms
111101100000010001000000000000000010,000010011010001100000010001000100000,000000000101100000111001000000011000,000000000000000010000100110111000101,157,1825ms
101111000001000000000001000100001000,010000001000000010010100010000010101,000000000100001101001010101000100000,000000110010110000100000000011000010,140,12164ms
010011010000000001001000100000001001,001000001000000110100000011101000000,100100000011000000000110000010000110,000000100100111000010001000000110000,108,2480ms
001000101100000101000010000001010000,000011000010000000000100110100001100,100100010000010000100001000010100001,010000000001101010011000001000000010,143,2246ms
111001100000000000000011001010000000,000000000011000000111000110000101000,000000010000101001000000000101010110,000110001100010110000100000000000001,157,31825ms
110101010000000010001010000000010000,000000100000110000100000111010000010,000010000000001101010100000101001000,001000001111000000000001000000100101,141,1629ms
111110010000100010000000000000000010,000000000000000100001101110101010000,000000101101000001100010000010001000,000001000010011000010000001000100101,177,269ms
111101101010000000000000000000000001,000000010000100001011011100000100000,000000000001001110100000010001010100,000010000100010000000100001110001010,127,4281ms
101101110000010000000000100000001000,000010000101001010010000001000110000,010000000000000100000101000111000101,000000001010100001101010010000000010,157,314ms
101101111000000010000000000000100000,010010000000100100010000001010000011,000000000101000000101100010101000100,000000000010011001000011100000011000,133,4665ms
011011101000001001000000000000000001,000100000000000100000011000100011110,100000010000010010110100001010000000,000000000111100000001000110001100000,157,1192ms
001011101000000001010000001000001000,000100000011011010000100100000010000,100000010000100000101010000000100101,010000000100000100000001010111000010,143,4152ms
110111001001010000000000000000000010,001000000010100100000011010010000100,000000000100001011011000000000110001,000000110000000000100100101101001000,157,18286ms
000111011001000000000000010000100001,000000000010001010100100000011010010,010000100100010101010000100100000000,101000000000100000001011001000001100,107,14167ms
101111111100000000000000000000000000,000000000010110000000001111010010000,000000000000001011101100000101000010,010000000001000100010010000000101101,177,153ms
101100100001000000000010011001000000,010000010010000110001100000000100100,000010001100001000010001100010001000,000001000000110001100000000100010011,119,1815ms
111010010001000100000000010100000000,000100100100101010000010000000001100,000001000000010000111000001010110000,000000001010000001000101100001000011,157,514ms
011000001000000000010000000100011011,100001010110000011000000100000000100,000100000001011000101000010010100000,000010100000100100000111001001000000,100,28684ms
001110100001000001001000010000000001,110001000010000000100100101000001000,000000000100001110000001000101110000,000000011000110000010010000010000110,78,18091ms
111100010000010000000010000010100000,000010000100001000110001000001001001,000001000010100110000000101100010000,000000101001000001001100010000000110,133,825ms
010110111011000000000000000000100000,100000000000010111010000010000011000,001000000000000000101100100010000111,000001000100101000000011001101000000,110,41208ms
010110101100000000000000001010000010,100000000011100000010010000000100101,001000010000000110101100000100010000,000001000000011001000001110001001000,142,393ms
000000011010010001100100100000000001,011000100000001000000011010001010000,000011000001000110001000000100001100,100100000100100000010000001010100010,23,7312ms
001100111000100000000010000100000010,000001000000010011100100000001100001,100010000011001100000001100000010000,010000000100000000011000011010001100,120,1517ms
000110101001000000010000000011000001,010000000110000010000100110000001100,001000010000001100000001001100010010,100001000000110001101010000000100000,77,2770ms
111001110000000010000000100000010000,000000000101010000010100000000101011,000000000010101001101001010001000000,000110001000000100000010001110000100,157,36395ms
000100011000000110000100001000011000,100000000101000000101010010001000010,010011000010001000010001100010000000,001000100000110001000000000100100101,40,26096ms
011011001010000011000000000000000010,000000010000101000010100010100110000,100100000001000000001010000011000101,000000100100010100100001101000001000,146,5004ms
000110111001000000010001000000001000,100000000000000000100110000010100111,000001000110011011000000000100010000,011000000000100100001000111001000000,94,78671ms
010011110000010000100000000001001000,000100000100000100001001001000100011,101000001001100000000010110100000000,000000000010001011010100000010010100,157,61ms
111011011000000000000100000000100000,000100000000101000000000001111000101,000000000010000010011011000000011010,000000100101010101100000110000000000,129,12421ms
110100101000000100000000001000000110,001000000000100000111100010000100001,000010010100000010000011000011001000,000001000011011001000000100100010000,146,1418ms
010010110000000000000000010001001101,100000001000001100010101000000010010,001000000110100010101000001100000000,000101000001010001000010100010100000,116,2148ms
111010101000001000000100000000000010,000100010010010010000000100010001001,000000000001000001111001000100110000,000001000100100100000010011001000100,157,1517ms
011100010010101000001000000000010000,000011001001010010000100100010000000,000000100000000001110001011100001000,100000000100000100000010000001100111,92,52160ms
011010000011000000100000001010000010,000000101100000001010100010100000100,000100010000101100000010100000110000,100001000000010010001001000001001001,68,1162ms
011110010000000000100001000100000010,000000101001000111010100001000000000,000001000110010000001000110010100000,100000000000101000000010000001011101,135,69166ms
011010001000000001000010100010000100,100000010010000000000100000101110001,000100000001011010111000000000000010,000001100100100100000001011000001000,81,44620ms
111001001010010000001000010000000000,000010000000000011100101000110010000,000000000101100000000010001001101010,000100110000001100010000100000000101,146,3771ms
011011011000010000000010010000000000,000000000100100000001101100001101000,000000100010001001100000000010010110,100100000001000110010000001100000001,83,12886ms
110101001000000000010000101000100000,000000100001010011100001010001000000,000010000000100100000100000100010111,001000010110001000001010000010001000,130,15369ms
111011010000101000000010000000000000,000000000100000100101100110000010100,000100100001010000000000001100001011,000000001010000011010001000011100000,142,2962ms
110110110000000001000000100000001000,000001001000001100001101000010000001,000000000001100000110010000000110110,001000000110010010000000011101000000,177,1745ms
001011000100000001001000000001000101,000100010001000000100100111100000000,000000101000110000010011000010100000,110000000010001110000000000000011010,49,38041ms
101000010000000110000010100100000100,000000101010000000101000001011000001,010010000100110001010000000000100010,000101000001001000000101010000011000,150,754ms
011001001000100001000000110000000001,000010110000010010010100000001010000,000000000000001000001011000100101110,100100000111000100100000001010000000,53,12906ms
100001111000000000011100010000000000,000010000010000101100001000001010010,001100000101010000000000101000001100,010000000000101010000010000110100001,134,807ms
100001110001010000001000000000110000,000000000010100101000000111001000100,010000000000001010010111000010001000,001110001100000000100000000100000011,84,3835ms
010111010001000000100000000000001010,001000000000010100010010111010000000,100000101100000001001001000001000001,000000000010101010000100000100110100,177,849ms
000011100010000010000010001000010010,110100010001000001000000100011000000,001000001000110000100001010100000001,000000000100001100011100000000101100,53,4148ms
111110111100000000000000000000000000,000000000010100100001010110000001100,000000000001010010110101000100000001,000001000000001001000000001011110010,177,144ms
010000110001011001000000000000001100,001001001010100100000000110000010000,000010000100000010000011001100100001,100100000000000000111100000011000010,52,31211ms
110000011010000010110001000000000000,000100000100101000000100000011100100,000010100001000000000010101100001001,001001000000010101001000010000010010,142,3935ms
000001110001001010000001001100000000,010100000000010001011100000000110000,001000000010000100100010000011001100,100010001100100000000000110000000011,48,2576ms
111010011000000100000000100000000100,000100100010010000000001001010110000,000001000101100011011000000000000001,000000000000001000100110010101001010,157,3871ms
000100101000000001001010100001000001,000010000000110010000000011110010000,001001000110000100000101000000001100,110000010001001000110000000000100010,36,755ms
000111000000010000000000101000001110,111000100000001000101000000010010000,000000001110000101000001010100100000,000000010001100010010110000001000001,51,2233ms
110000010100000100100001000001000100,000101000010001001000110100100000000,000010100001110000001000001010100000,001000001000000010010000010000011011,126,2243ms
010000011010011010000000010100000000,001101000100100000001000000000010011,000010100000000000110100100001001100,100000000001000101000011001010100000,83,28347ms
111101011000001000000000100000000000,000010100010000010001010010000010100,000000000100100001010000001001101010,000000000001010100100101000110000001,145,12263ms
111111010000001000000001000000000000,000000101001000101001100100010000000,000000000010110010010000010101000001,000000000100000000100010001000111110,163,1698ms
011001010000100000000000010010100001,000010001000000000000111000100011100,000100000011010110000000001001000010,100000100100001001111000100000000000,57,84273ms
011111100010000010000000100000000000,100000000000000100010010011100010001,000000010001100001100000000011100100,000000001100011000001101000000001010,126,7716ms
011111001000011000000010000000000000,100000010100000101001000000011100000,000000000011100010000001001100001010,000000100000000000110100110000010101,96,104380ms
101100001110000101000100000000000000,000000110000000000000010011110100001,010011000000111010001000000000001000,000000000001000000110001100001010110,157,34973ms
110111111000000000000000000000001000,000000000000000111011011000010000100,001000000110010000100000010000110010,000000000001101000000100101101000001,177,2317ms
010011101000000001100010000000010000,001000000110000010001000000100100011,000100010001001000010101100010000000,100000000000110100000000011001001100,63,36595ms
100111100000000000000010010000101000,000000001001110100100000101100000000,011000010100000011000100000010000001,000000000010001000011001000001010110,166,5128ms
111000011010000010001000000000000010,000100000000010101110010000000001100,000000000001101000000000110111000001,000011100100000000000101001000110000,157,4276ms
000011111000001000010000010000000100,110100000100000011000010100000000001,001000000010110000001000001100010010,000000000001000100100101000011101000,49,29102ms
011110110000000001010000001000000000,100001000001001000000010100100001010,000000000000000110101001010011000001,000000001110110000000100000000110100,133,23639ms
110111100100000000000100000000000100,000000010000110010101010100001000000,001000001010001101000000001000110000,000000000001000000010001010110001011,177,1110ms
000011010000000001011010000000010100,110000000011000010000000100100101000,000100001100110100100100000000000010,001000100000001000000001011011000001,66,10924ms
000000001000000000010010011101010001,000101010110010001000000000000100100,011010000000101100100001000010000000,100000100001000010001100100000001010,77,45800ms
110000111000000000100001001100000000,001000000110011100010000000000001010,000010000000100001000000010001110101,000101000001000010001110100010000000,136,1236ms
101000011010001000101000000000001000,010010000001100010000000000010000111,000001100000010000000101001101100000,000100000100000101010010110000010000,121,17189ms
111001010001000000000001000000000101,000010100110000000010100010100001000,000000001000001000101000101011000010,000100000000110111000010000000110000,143,2976ms
100111101000001000000000000101000000,001000010000000011000010100000101001,010000000010110000110100010000000100,000000000101000100001001001010010010,177,1824ms
000100111000000100000100100000000011,001011000000010010000011000000011000,000000000011100000011000001101000100,110000000100001001100000010010100000,17,2079ms
000011110000001000010010000000100001,100000000111000001100000100001010000,001000000000110100000101011100000000,010100001000000010001000000010001110,29,10605ms
000001100001000010001000000100010110,001000000000110000000100111000100001,010110010100001000100010000001000000,100000001010000101010001000010001000,132,2122ms
100100010100000001100100100000000010,011001000010000000000010001101001000,000010000000001100001001000000110101,000000101001110010010000010010000000,89,4485ms
000100100000001001010000100101000001,101011000000010110001000010000000000,010000011000100000100011001000100000,000000000111000000000100000010011110,63,52811ms
001101001100000010001100010000000000,000000110001100000010001000000001110,110010000010001100000010100001000000,000000000000010001100000001110110001,144,3046ms
001110010000011000000010100000010000,100000101000100010010001000000000011,000000000100000100001100001101101000,010001000011000001100000010010000100,87,7935ms
111011000000010000100001000001000000,000000010000100011010100101100000000,000100100110001100000010010000100000,000000001001000000001000000010011111,157,1483ms
010110100000010000100000000010011000,000001001011100000000001100001000001,000000000000000110011010001100100100,101000010100001001000100010000000010,97,21018ms
111010000100000100000000001001100000,000000010010100000101010000010011000,000000001000011000010001110000000101,000101100001000011000100000100000010,110,5267ms
110110011000000001000000010000000001,001000000001000010010000000110011010,000000100000101100100110001001000000,000001000110010000001001100000100100,153,5491ms
100001000000010001001011000100010000,000000100111001100100100000001000000,010010001000000010000000011000001110,001100010000100000010000100010100001,84,6966ms
011010110000100000000001000001001000,100000000101011000001010000000100100,000100001010000101000000111000010000,000001000000000010110100000110000011,64,20800ms
001110011000110000000000000100000010,000000100101000001000000101011010000,100000000000000100000111000000101101,010001000010001010111000010000000000,139,78981ms
011001000000000001000000000110111000,000110000000010000100001110001000010,000000010011101100000100001000000100,100000101100000010011010000000000001,56,43520ms
000111110000000000000100100000010100,110000001100000001000001001000101000,001000000000110000100010010011000001,000000000011001110011000000100000010,97,14536ms
010100011000000000001000100101001000,001011100001010000000010010000100000,100000000110101100000000001010000010,000000000000000011110101000000010101,123,75388ms
010000010001010001101000110000000000,100000100000100010000100001011000100,000111000110000000000010000000100011,001000001000001100010001000100011000,109,8690ms
111101110000000000000000000000000011,000010000110001000100100001110000000,000000000001000100011001000001101100,000000001000110011000010110000010000,122,17490ms
010010001000000010001101000000001001,100001000000000100000010111000010100,000000010110001001110000000010000010,001100100001110000000000000101100000,50,18257ms
010001011010000001000000001010000010,000100100100000000111000000100100001,100010000001011010000100010001000000,001000000000100100000011100000011100,116,4816ms
011100111000000001000000000001010000,000010000100000100001011010100100000,100001000011100010000000001010001000,000000000000011000110100100000000111,157,784ms
000010010011010000000000000100100101,000001101000000000100100010001001010,110100000100001011000010000000010000,001000000000100100011001101010000000,157,46536ms
011011100000000000011100000000000010,100000010100011000000000001000011100,000000001010100100100010100001000001,000100000001000011000001010110100000,101,14887ms
000010000011001000100111000000000001,011101000100000000001000011000001000,000000100000100010010000100101110000,100000011000010101000000000010000110,6,4699ms
010100110010001000000010011000000000,001000001001000010100101000010000100,000000000000110001001000000101101010,100011000100000100010000100000010001,44,42246ms
101110010000100001001000000000001000,010000100001001000010100001100000010,000001001010000000100000100011100001,000000000100010110000011010000010100,131,12237ms
010101100000010000000001010000001010,001000010010000110001000000100100100,100010000101001001100010000001000000,000000001000100000010100101010010001,143,4327ms
001100010000000110000001101100000000,110000001000101001010100000010000000,000000000101000000100000000001110111,000011100010010000001010010000001000,65,19488ms
100000011010000001111000010000000000,011100000001101000000101001000000000,000001000000000110000000100110001110,000010100100010000000010000001110001,94,95051ms
100010100001100000100000001001001000,001000011010000000010001010000010010,000000000100000011001100100010100001,010101000000011100000010000100000100,92,3787ms
101110111000001000000000000100000000,010001000001000110100000001001000001,000000000010000001000110110010100100,000000000100110000011001000000011010,139,7632ms
000001101001101001000000000010010000,001000010100000000000101001001100010,000010000000000100111010110000001000,110100000010010010000000000100000101,15,12088ms
100101000001010001000000000000100011,000000000110000100110000101100010000,011010010000001000000001010000001100,000000101000100010001110000011000000,135,4986ms
111111101000000000000100000000000000,000000010010000011000000000111100100,000000000001111000101010000000001010,000000000100000100010001111000010001,177,572ms
100110010110001000100000000000000100,010000001001000000001011100010010000,001001000000000001000000001101101010,000000100000110110010100010000000001,153,4774ms
110010010001000010010000000000001001,000100001000000101001010000100100100,001000000100111000100000010001000010,000001100010000000000101101010010000,157,208ms
010110011000000000001000000001101000,000000000001001101000011001010010000,100001100110100000100000000000000011,001000000000010010010100110100000100,177,191ms
110010000100010100000000000000100101,000100110010000000101010000000001010,001000000001101001010100000010010000,000001001000000010000001111101000000,125,5907ms
011001100010100001000000000000010010,100110010001000100000110000000001000,000000001100000000001000101110000101,000000000000011010110001010001100000,96,18899ms
101101001000100000000001000000100100,000000000010011111000010001000000010,000000010101000000011000000111001000,010010100000000000100100110000010001,133,2192ms
111000010010010000000010000100001000,000001100000000000101100000001010110,000010000101101000010001000010100000,000100001000000111000000111000000001,157,2442ms
110100010001000000010000101010000000,000001101000001010001000010001000100,001000000010000001100110000100001010,000010000100110100000001000000110001,157,113ms
101011100000000000000100100000110000,000000000011010001110010000000001100,010000010000100110000000010110000001,000100001100001000001001001001000010,157,496ms
101110001000000010000100000001010000,000000110100001001010000010000000101,000001000011000100100010001000100010,010000000000110000001001100110001000,135,1749ms
011111010000000100010000000000010000,000000001111100001000100100000001000,000000000000000010100011001101000011,100000100000011000001000010010100100,119,41030ms
011000010010110000000000100000000011,000001000100000001000101000010101100,000100000001000100010000011101010000,100010101000001010101010000000000000,62,15996ms
111000101100010000000000001000000100,000001000001000110101100000000100001,000010000010000000010011010111000000,000100010000101001000000100000011010,157,58ms
101101010000001001000000000000100100,000010000011100100000100010000000011,010000101100010000101001000100000000,000000000000000010010010101011011000,157,428ms
000101001000000101100000000010000011,010000000001000000001000011001110100,100010100000110000010101100000000000,001000010110001010000010000100001000,123,8309ms
101010001001000000100101000000001000,000000100000100100000010001000110110,010100000110001010010000010000000001,000001010000010001001000100111000000,157,382ms
101001100000010100010000000010010000,000000011001000000000100000101001101,000110000100001010100001010000100000,010000000010100001001010101000000010,156,5039ms
001000011000000000001000101101000001,000111000011001100000100010000000000,010000000100010000110000000010011010,100000100000100011000011000000100100,100,18848ms
111101010000010010000000000001000000,000010000010001000001100000110001100,000000001100100000000001101000110001,000000100001000101110010010000000010,143,1733ms
010101001000010000000001000000001011,000000100001101010101000100000000100,101000010100000100000110000100010000,000010000010000001010000011011100000,143,2373ms
101100000000001010101000000001100000,010000000011110001000000010100010000,000011010000000100010100100010001000,000000101100000000000011001000000111,126,348ms
001010111100100010000000000000000001,100100000010000100110000010010000010,000001000001001001000101000001010100,010000000000010000001010101100101000,60,8366ms
001101101000000000000010001001010000,000000010010000111100000100010000100,110000000000011000011100010100000000,000010000101100000000001000000101011,157,743ms
011110001000000000000010011000010000,100000000011001010100000000010100100,000001100100100000010101000000001001,000000010000010101001000100101000010,112,8000ms
110100100001000000100010000000000011,000000010000111101000101000100000000,001010001110000010010000011000000000,000001000000000000001000100011111100,157,5179ms
111110000110000000000000100010000000,000000000000010101000011000100011001,000001100000001000101000011000100100,000000011001100010010100000001000010,177,87ms
100001010010000010101100000000010000,000100000100001100000000000001001111,010000001000000001000010111100100000,001010100001110000010001000010000000,125,24799ms
100001011010000000100000001000100010,010000000001000100010010000101000101,000100100000001001001101010010000000,001010000100110010000000100000011000,93,8798ms
111011100000101000001000000000000000,000000010101010000000001000100001011,000000001000000000010100110011100100,000100000010000111100010001000010000,142,18777ms
010011100000000010000000000001011010,101000000010010001110001000010000000,000000010000101100000110000100100001,000100001101000000001000111000000100,87,17626ms
110110111000000100000000000000001000,000001000001000011000000101000100110,000000000110101000010011000100010000,001000000000010000101100010011000001,177,227ms
011010111110000000000001000000000000,000000000000000001100010001111001100,000001000000011100010000110000010010,100100000001100010001100000000100001,91,13412ms
110011101010100000000000000000100000,001000000101010000001100100010000100,000100010000000100100000011100010001,000000000000001011010011000001001010,157,569ms
000010111001001010001000000010000000,100100000000010001000111010000000001,000000000100100000010000101100111000,011001000010000100100000000001000110,40,6956ms
111110001100000010000000001000000000,000000100000010001001001000100011100,000000010010000100010010110010000001,000001000001101000100100000001100010,172,480ms
110010100001000100001000000010000001,000000001110010001100100010000010000,000100010000000010010001101000100100,001001000000101000000010000101001010,104,30688ms
101000001000000000000100011010010100,000000110000000101100011000100100000,010011000100010010010000100000000010,000100000011101000001000000001001001,143,6577ms
011010101000100000000010100010000000,000001010000000101010100001000101000,100000000000000000100001010101010101,000100000111011010001000000000000010,157,732ms
101111010001000000000010010000000000,000000101000100001110001001001000000,000000000010011000001000000100110011,010000000100000110000100100010001100,134,19820ms
101001010000000100000010001100000001,010010101010000000000100000010100010,000100000001110011001000000001001000,000000000100001000110001110000010100,89,11278ms
101010011000000000000000000110100001,010000100001000011101010100000000000,000000000110100000010100011001000100,000101000000011100000001000000011010,133,15326ms
001000100100001000001100000000001101,110000010000000000110010110000100000,000000001011000011000001001001010000,000111000000110100000000000110000010,0,3596ms
101011111000000000000100000000000100,000000000000001000110010011100001010,000000000011010110001001100000010000,010100000100100001000000000011100001,94,44488ms
111100100000001000011000000000000010,000000001001010001100000100010011000,000010010110000010000010001001000100,000001000000100100000101010100100001,144,1402ms
110110010000000100101010000000000000,000001000010110000000001100110000001,001000000101000000010000011000110100,000000101000001011000100000001001010,177,223ms
010010100100000101001010000000000001,000000010001000000010000101110010010,100000001000011010100101010000000000,001101000010100000000000000001101100,115,134903ms
001100100110110000000000100100000000,000010000000001000011000010000110011,100001010000000010000100000011001100,010000001001000101100011001000000000,136,93662ms
010000001110000000111001000000100000,100000100000011001000100000100010100,000101010000000110000010100000000011,001010000001100000000000011011001000,75,1825ms
001001000010100000001100101000000001,010000110100000100010000000011000100,000000001001001000100011000100001010,100110000000010011000000010000110000,25,4073ms
100101111000001000100000000000010000,000000000110110001011000000010000001,000010000000000000000111001000101110,011000000001000110000000110101000000,118,3736ms
000100110001000001000010000000011100,000001001010000000001101010000100001,110010000000011000100000100110000000,001000000100100110010000001001000010,151,219ms
101111101000000001000001000000000000,000000000111110000100010000000011000,000000010000000110000100001001000111,010000000000001000011000110110100000,151,2037ms
100011000000001000000111100001000000,010100010010010000011000000000100100,000000100100000001100000010110001001,001000001001100110000000001000010010,123,1187ms
111101111000010000000000000000000000,000000000111101000000000011001001000,000010000000000101111001000010010000,000000000000000010000110100100100111,157,3619ms
110000001010000001000001011000001000,000000010101011000010000000100000011,000100100000000100101000100011100000,001011000000100010000110000000010100,111,3600ms
000010110010100000001100110000000000,000001000000000101100010001001010100,110100001100000010010000000010100000,001000000001011000000001000100001011,157,1525ms
011100000010000011000100000001001000,000001001000000100001000100010010101,000000100101110000100000011100000000,100010010000001000010011000000100010,113,10429ms
010101111000100000100000000000100000,000010000111000010000100110000000001,100000000000000100010011001011001000,001000000000011001001000000100010110,157,1446ms
110010111000000000100001001000000000,000001000001100000001100000110001100,000000000010011011000000110001000010,001100000100000100010010000000110001,144,793ms
100101101110000000001000001000000000,001010000000010110000010000010001001,010000000000101000000100010100110010,000000010001000001110001100001000100,150,1274ms
101000100100001001000001000010000100,010000001010000100010010110000001000,000110000000000010001000001101000011,000001010001110000100100000000110000,150,6448ms
101110100000000000001010001000100000,000001000001110011000100000100000010,000000000000001100110001010000011100,010000011110000000000000100011000001,150,17337ms
001001100011001100000000110000000000,000100010000000001011000000110000101,100000001100000000100000001001110010,010010000000110010000111000000001000,139,15949ms
001010001000100000000000000011100011,100001000101010001010000000100000100,000100000000001000101100111000010000,010000110010000110000011000000001000,30,63448ms
001011111000010000000000100000000001,010000000000000111100100000110100000,100000000000101000011001011000010000,000100000111000000000010000001001110,112,3383ms
000000010001011000100101000000001001,000100001100100000001000111000100000,100001100000000011010000000000010110,011010000010000100000010000111000000,63,1521ms
110001100000010000100000000000011100,000000001001000111001010101000000000,001010000110000000000101010010100000,000100010000101000010000000101000011,144,3304ms
001111010000000000010010000100001000,000000000010111010000000001010100001,000000000000000001101101110001000100,110000101101000100000000000000010010,97,390471ms
110100011000010010110000000000000000,000011000001000001000001110001010000,001000100100000100001010001000000011,000000000010101000000100000110101100,157,43ms
001010010100000000000101000101000100,000001000001001000100010101000101000,000000001000010111001000010010000010,110100100010100000010000000000010001,60,3145ms
001110111000000000000100000100010000,110000000100001100000000001010001001,000001000011000001100000100001000110,000000000000110010011011010000100000,92,6990ms
000110000001001100001101100000000000,011000000110100000100010000000010100,000001000000010001010000010010101010,100000111000000010000000001101000001,20,2761ms
010001101100000000010001100001000000,000000000000000100100010011000010111,000000010011000011001000000110001000,101110000000111000000100000000100000,75,26701ms
110001111000000000001100000000001000,000100000000000101100011100100000010,001000000101101000000000010010000101,000010000010010010010000001001110000,136,4066ms
101001110001010000100000100000000000,000110000010001001000110000001010000,010000000000100010000000000110101101,000000001100000100011001011000000010,146,11067ms
010001110001001000000011000000000100,000110001000100010000000010100001001,001000000010010001000100001011000010,100000000100000100111000100000110000,40,6567ms
110001010100101000001000000000000100,001000100000010100000110000101000001,000000000001000010010000110010101010,000110001010000001100001001000010000,108,29291ms
101011001000000010000001001000001000,000000100000100100101100010000000011,010100010100000001000000000110010100,000000000011011000010010100001100000,157,699ms
111110101000001001000000000000000000,000000010001000000001010010110110000,000001000100110100010001000001001000,000000000010000010100100101000000111,177,162ms
011101000000001100010000100000010000,000010101010000010100001000100100000,100000000000100001001100000010001101,000000010101010000000010011001000010,157,5348ms
100101100000000100100000000010101000,010000000011100010001001010000000010,001000000100001001010110000100010000,000010011000010000000000101001000101,157,385ms
111000000010100100000011000000000001,000010110000001001100000100100010000,000101001000010000001100000000100110,000000000101000010010000011011001000,103,4148ms
101100111000001000000010000100000000,000001000010100110000100010001000010,000000000000000001111000001010011100,010010000101010000000001100000100001,139,1013ms
110001011100000000001000001000000001,001100100001000011000100000000101000,000000000000111000100001110010000100,000010000010000100010010000101010010,124,13689ms
100001101000010001000011000000010000,001100000010100100000000000011100001,000010000001000010011000101100000100,010000010100001000100100010000001010,85,15010ms
011011000000001001000100001000000001,100000000100100100010001000110001000,000100110000010010000000110001000010,000000001011000000101010000000110100,42,2580ms
001101011000100000001000101000000000,100010100000010000010001000011010000,000000000001001001100000010100101001,010000000110000110000110000000000110,84,26018ms
100110011000000000011000001000000001,010000000001000001000110000101010100,000001000100101110100000010000100000,001000100010010000000001100010001010,155,1767ms
100011101010000000001010000100000000,000100010000101000000000101001110000,011000000100000100010001010000000011,000000000001010011100100000010001100,157,68ms
001110110000000000001000000001011000,000000000000010010010100011010000101,100001001100001000000010100100100000,010000000011100101100001000000000010,177,1209ms
101001000010000000100000001010100001,000010000100100001000010100101001000,010100011001011100000000000000010000,000000100000000010011101010000000110,146,5231ms
100011010100000000001001000100000001,000000001010110100100010010000100000,000100000001000001000100100011000110,011000100000001010010000001000011000,100,2226ms
000001000110100101000000001001010000,000000110000010000000111000010100010,100100000001001000101000100000001001,011010001000000010010000010100000100,89,5618ms
111100000000001100000010001000100000,000010100100100000001000100100001001,000000001011010001010001000001000010,000001010000000010100100010010010100,120,3252ms
101001001000010000001000100000000011,000000000101000101000000010001011100,000000000000101000110011001100100000,010110110010000010000100000010000000,96,52705ms
010011000010000010000010001011000000,100000001000011000100100010000011000,001100000100100001000001100000100100,000000110001000100011000000100000011,69,591ms
000110001100010000010010001100000000,010000010011101000000001000000001010,101000000000000100000000100011110001,000001100000000011101100010000000100,177,2447ms
100111010000000010000000100100000010,010000000100101100010010000000100001,001000100000010000001100010000011100,000000001011000001100001001011000000,137,1399ms
101011010000010000000010000000100001,000000100111100000000000010011000100,010100001000000100010001001100001000,000000000000001011101100100000010010,136,4453ms
101011101000000000000000000010000101,010000000100010101000010100001010000,000100010000001000011000011000101000,000000000011100010100101000100000010,135,1907ms
101110110000000001000010000010000000,010000001101011000100100001000000000,000000000000100010011000000101011010,000001000010000100000001110000100101,139,33391ms
111110011000000001010000000000000000,000001000000001010101000100100110000,000000100011010100000000011000001100,000000000100100000000111000011000011,147,1265ms
101100011100000100000100100000000000,010000000000000001100000010110001011,000000100000011010011010000001010000,000011000011100000000001001000100100,137,1107ms
110100001000000010000011100010000000,000000000111000100001000010100001010,000011000000101001100100000000000101,001000110000010000010000001001110000,112,3728ms
000010101001100000010100000000100100,010000000000000100001001101010010001,100101010110001010000010000000000000,001000000000010001100000010101001010,157,1031ms
010001100010001000000000010100110000,100100001100000010110100001000000000,001000010000000100000001000011001101,000010000001110001001010100000000010,64,41240ms
110000110000000010000010100000001001,000010000011110000010001000001100000,000101000100000100101000001000000110,001000001000001001000100010110010000,153,276ms
101001101000001010010000000000010000,000010010001100000100000000001101010,010100000000010100000111001010000000,000000000110000001001000110100000101,115,5992ms
110101000010000010000001100000001000,000010100100010100101000000010000001,001000000001000000000010010101010110,000000011000101001010100001000100000,157,9820ms
001001001100010000010001000001001000,100100110001000001001100010000000000,010000000010100010100010000100100010,000010000000001100000000101010010101,99,7892ms
111100001001100000000100100000000000,000010000100000100110000010110001000,000000100000001010000000001001110011,000001010010010001001011000000000100,100,13824ms
010111100000000001000000100001100000,100000000011010000010001001000000011,000000010100101100101100000100000000,001000001000000010000010010010011100,132,6670ms
100100100010000100010101000001000000,011010000100110010000010000000000010,000000011000000001000000111100011000,000001000001001000101000000010100101,76,21146ms
111100011100000000010000001000000000,000001100000011100000001000001101000,000010000000000011100000100110000101,000000000011100000001110010000010010,157,183ms
100100001000001110010010001000000000,010010100000000001100000010001010001,001001010010100000000100000010001100,000000000101010000001001100100100010,103,30328ms
010110001100000000100100000001000010,000001100001100010000000011010100000,100000000010010100001000100100000101,001000010000001001010011000000011000,177,207ms
100101001000010010001000010000100000,000010000001001100000011100001000100,001000110000000000010100000100001011,010000000110100001100000001010010000,157,2205ms
100000111001010101000000100000000000,001110000000000000000101000110000011,000000000100101010001010000001110000,010001000010000000110000011000001100,98,118436ms
000000110000000001000010101001010010,001100000101000100010100000100100000,100011000010100010101000000000001000,010000001000011000000001010010000101,92,4487ms
111011111000001000000000000000000000,000000000001000000010000101110101001,000100000110000011101011000000000000,000000000000110100000100010001010110,157,129ms
010101011100000000000000000000100110,101000000011000100100010110000000000,000000000000101010011000000011001001,000010100000010001000101001100010000,86,26287ms
000110100000001011000000000010010100,110001000101000000000111000000100000,000000011000100000010000010101000011,001000000010010100101000101000001000,58,29081ms
111101001000000000110000100000000000,000000010001000011000111010000100000,000000100100011000000000000101001110,000010000010100100001000001010010001,157,667ms
001000001100100010000000100010110000,000010010010000001100010000100001100,010100000000000100000101010001000011,100001100001011000011000001000000000,39,16822ms
111101000000001000000000100000010100,000000000110100000100010010001001010,000000101001000010001101001000100000,000010010000010101010000000110000001,115,5332ms
101000000010001001000110000000101000,010000011000010100001001000010000010,000101100100000010000000110001000001,000010000001100000110000001100010100,99,2031ms
001011011000010000000100010000001000,000000000100100111000001000110000010,110000000000001000011000100000010101,000100100011000000100010001001100000,137,2609ms
110011111000000000000000000001001000,000100000000100000011110000010010100,001000000111001100000000110100000000,000000000000010011100001001000100011,157,89ms
011010010000100000100000000001100100,000000000010000011000111100010010000,000100101000010000011000000000001011,100001000101001100000000011100000000,56,12457ms
011111011000000000000000100000000010,000000000011000000001101001000101100,100000000100001101000010010000010001,000000100000110010110000000111000000,177,936ms
100111011000001100000000001000000000,001000100111010000010010000000000001,010000000000000000001101100001110100,000000000000100011100000010110001010,136,49387ms
001110000001100001000001000000010001,010001101010000000000100000010001100,000000010000011000100010001101000010,100000000100000110011000110000100000,63,4913ms
111000100001000000001000000010010010,000010010110000001010100100100000000,000100000000100000000010011001101100,000001001000011110100001000000000001,129,6853ms
001111000100000001100000000000100100,000000001010011100010000000010001001,010000010001100010000100100100010000,100000100000000000001011011001000010,121,12727ms
