010111110000000100010000100000000000,101000001000101000000000011001100000,000000000000010001001111000100001001,000000000111000010100000000010010110,95,67737ms
101100101000011001000000000000001000,010010000010000100101010000100010000,000001000100000010010001101000000101,000000010001100000000100010011100010,122,2957ms
101110101000000001001100000000000000,000001000000010010000010000010100111,010000010101000000100001000101010000,000000000010101100010000111000001000,177,255ms
001000011001010000000010000000100011,100000000100100001101000000011000100,010101100000000000010000111000010000,000010000010001110000101000100001000,78,24974ms
101011110011000000000000000000000010,000100000000000000011101100110000100,010000001100111100000000000000100001,000000000000000011100010011001011000,157,2117ms
111111100100000000000000000000001000,000000000001010110100000110000000011,000000011000101001000101001010000000,000000000010000000011010000101110100,162,85ms
011001011000010000000110000000000001,000100100000001001111000011000000000,100010000001000000000001000001111010,000000000110100110000000100110000100,112,67203ms
111101010001001000000100000000000000,000000101000000110000000011100011000,000000000110010000101011100000000010,000010000000100001010000000011100101,157,766ms
011100101000100000010010000100000000,000000010110000110000100010000001001,000001000001011001001000001001010000,100010000000000000100001100010100110,85,11586ms
110000011010000100000110000100000000,001001100100000001000001001000001010,000000000001010000111000100000010101,000110000000101010000000010011100000,129,1942ms
101001100000010000001010000100000100,000100011001100000010000100001000001,000010000100000101100100010000101000,010000000010001010000001001010010010,143,292ms
000110001000000001000000101011100000,001000100110000000011100000000010010,100001000001101010000000010000001001,010000010000010100100011000100000100,79,2684ms
100100110000000010000000000110000011,001001000010100001000110000001100000,000000001001011000001000101000011000,010010000100000100110001010000000100,117,7348ms
101101011000000000100000000001000001,000000000011100011010110000100000000,010000100000010100000001000000011110,000010000100001000001000111010100000,144,2075ms
111010001001000100000000000000100010,000000010000110011100000100100010000,000101100000001000000000011010000101,000000000110000000011111000001001000,141,2460ms
111101110000000010000001000000000000,000000000101000100111000000010100100,000010001000110001000110001000001000,000000000010001000000000110101010011,133,1972ms
011100011000000000000011000001000100,000000000111001000011000001000110000,000010000000100101100000100110000001,100001100000010010000100010000001010,115,5168ms
010100101001000000000100101001000000,001010000010000010000011010000000101,100000010100001001101000000110000000,000001000000110100010000000000111010,157,97ms
000001110000100000000000001110010100,000000001011000001100110100001000000,001000000100001110000001010000101000,110110000000010000011000000000000011,0,3408ms
011111001000100100000000100000000000,100000000010000001101000000010010101,000000000001011010000110001001000010,000000110100000000010001010100101000,103,58233ms
001111000000000010100000000000001011,000000000010111000010000010100010100,100000111001000000000010001011000000,010000000100000101001101100000100000,143,4078ms
100011110000000100010110000000000000,011000001011000000000000000101110000,000100000000010010000001011000001110,000000000100101001101000100010000001,62,68602ms
000000100000000000001100011010110010,110001000000010000100011000001001000,001010010111100110000000000000000000,000100001000001001010000100100000101,61,136030ms
000011001000000011000001000001001010,000100100000110100001000010100100000,010000000101000000110000101010000100,101000010010001000000110000000010001,65,1493ms
111111111000000000000000000000000000,000000000101111100000100001010000000,000000000010000000101000110100011100,000000000000000011010011000001100011,177,81ms
100100000000000000001101000000111001,001001000001011001000000000011000010,010000011110000100000000110100000000,000010100000100010110010001000000100,128,33780ms
000110011001000001000000001001001000,001000000000101000000000010010110101,010001100010010100100001000100000000,100000000100000010011110100000000010,115,15402ms
001011011100000010001000000010000000,010100000000100100100001000000010110,000000100011011000000000100001101000,100000000000000001010110011100000001,51,11745ms
110011100000000110000000000010000010,000100001000010000001000111001001000,000000000011000001010111000000010100,001000010100101000100000000100100001,119,22701ms
111111000000000001000000010100000000,000000111100001000101000100010000000,000000000001100100000110000001011010,000000000010010010010001001000100101,149,7703ms
111110001000000000000011000000001000,000001010000011000110000000100100010,000000100100000010000100011000010101,000000000011100101001000100011000000,139,8519ms
000001010000110001011000000100000001,100000000001001110000100100001000010,001100001000000000100011000000101100,010010100110000000000000011010010000,74,6064ms
011101011000000000000000000010100001,100000000100010100001001011100000000,000000100010101011000000100001010000,000010000001000000110110000000001110,105,17326ms
010101111000000001001000000000001000,001000000000111010000000010110010000,000000000010000000110111101000000100,100010000101000100000000000001100011,67,56481ms
110100110000000100000000010010010000,000001000100101001001101000000000001,000010000011000010000000101100100010,001000001000010000110010000001001100,130,5505ms
010011010010000000000010000000110010,000000000100001000100001100110001100,100000001000110010010000010001000001,001100100001000101001100001000000000,105,76993ms
011110010100000000000000010100100000,000000101000010001101100000001000010,000001000011101110010000000000001000,100000000000000000000011101010010101,111,10131ms
111101111000000000000000001000000000,000000000101100010011100000001010000,000000000010010000100001110110000100,000010000000001101000010000000101011,157,283ms
000011011010001010000000010000000001,100000100000000000011000001011101000,011100000100100000000101000000010100,000000000001010101100010100100000010,81,33438ms
100111100000000000001000001011000000,000000010101100110000001010000001000,010000001010001000110000100000000110,001000000000010001000110000100110001,177,703ms
001111001001100000000000001000000010,110000110100010010000000000000010001,000000000010001000100101110100100000,000000000000000101011010000011001100,97,153150ms
000001101000000000100001100100001001,000100000011010001010000010000100010,010010010000101000000000001011000100,101000000100000110001110000000010000,103,6074ms
001000100100001001000011100001000000,000101010001010100001000000000010001,110010000010100000110000010000001000,000000001000000010000100001110100110,157,2208ms
000111010000000101000000001001010000,101000100000010010010010000000100010,000000001100101000001000100100001100,010000000011000000100101010010000001,78,2851ms
010110101000000000100001100000000010,001000010000000000001000001100110101,000001000010101010010010000010001000,100000000101010101000100010001000000,106,230968ms
011111000000010100001000000000000100,100000101000100000000001100100100010,000000000111000001110100010001000000,000000010000001010000010001010011001,123,32817ms
010000010001000001000000011000010101,000010000010001010011001100000001000,000001100100100000000110000101100000,101100001000010100100000000010000010,57,3214ms
110100001000000000000001000101001100,000001100010011100010010000000000001,000010000000000001101100100010010010,001000010101100010000000011000100000,157,4565ms
000111000000000011000000100001100100,011000100000101000000010010010001000,000000011100000100100001001100010000,100000000011010000011100000000000011,78,1945ms
001100110000000101011000000000100000,000000001110100000100100010000000110,010000000001001010000011000110010000,100011000000010000000000101001001001,66,4177ms
001010011001000001000010000000000011,000100000100100110000100010001001000,100001000000011000111001001000000000,010000100010000000000000100110110100,132,18544ms
011000101000010000011001000000100000,000001010010000000000010010110001001,000010000001001101000100000001000110,100100000100100010100000101000010000,43,21145ms
000011101000000000000100010001001100,001100000011101100001000000000100000,000000000100010010000011001010000011,110000010000000001110000100100010000,34,13461ms
101010000000110001000001000001000100,000001010010001100111000010000000000,010000001001000000000010101110000001,000100100100000010000100000000111010,121,42713ms
000100000000100101010001001000011000,000000001001001000100010110010000010,101000010010000010000100000001100100,010011100100010000001000000100000001,60,5166ms
110111111000000000000000000000000100,000000000100110100000111100100000000,001000000010001010011000010001100000,000000000001000001100000001010011011,163,2444ms
101100111000000001000010000000000010,010010000011100000000000000100001101,000000000000001100101101000001110000,000001000100010010010000111010000000,104,68836ms
000000110000000000101010010011100000,100100000110001001000101000000000010,001001000001100010010000000100001001,010010001000010100000000101000010100,50,11251ms
111010000001001000000010010000001000,000000001000000001111100000100100010,000001110000000010000001000010010101,000100000110110100000000101001000000,143,6823ms
101101101000001100000010000000000000,010010010110000010100000000000010010,000000000001100001000100001101100001,000000000000010000011001110010001100,98,83007ms
010100100000000001001100000010100010,001000000000110010100000001000011001,100000010011000100010001100000000100,000011001100001000000010010101000000,111,4577ms
100101011000000100100000000000010001,001000000000011011001101000100000000,010010100010100000000000111000001000,000000000101000000010010000011100110,150,4608ms
011111101000000000000010010000000000,000000010000100111100001000010000001,100000000110000000001000001000011110,000000000001011000010100100101100000,177,560ms
000010101001000100000100100000100100,000101000000100010001010000011000010,110000000100011000100001010000000001,001000010010000001010000001100011000,121,1230ms
001101000001101001000001000010000000,000000100110010000001010100000001010,000000001000000100000100011101100100,110010010000000010110000000000010001,29,8600ms
100111010000000001001000000110000000,000000000000001000100100101000001111,011000101011010000000001000000010000,000000000100100110010010010001100000,177,194ms
011101110000000000000000000001100010,100000000001101000111000010000000100,000000000000000111000010001110001001,000010001110010000000101100000010000,120,45714ms
110001100110000001000000100000000100,000100000001000000000101001011001001,001000010000100110100010010000010000,000010001000011000011000000100100010,157,2144ms
011010000101000000001100000010000100,000000001000101010000001001100011000,100100000000010101000010000001100001,000001110010000000110000110000000010,142,3002ms
100101111100000000000000001000001000,000010000000010011100001000100000101,000000000011100000001100010010010010,011000000000001100010010100001100000,103,3883ms
100110011010000001000010100000000000,011001000001001100000000000100110000,000000000100110000000101010011001000,000000100000000010111000001000000111,130,47442ms
100110100100110000000100000100000000,001000000001000010101000000000111100,010000000010001101000000101001000001,000001011000000000010011010010000010,162,6835ms
101101100010000101100000000000000000,000010001000010000001000101000111000,010000010001000010000110000010000101,000000000100101000010001010101000010,143,3058ms
001110001100100000001100100000000000,000001110000000100000001000010110001,100000000011001011010000011000000000,010000000000010000100010000101001110,177,59605ms
100010110100000000010001110000000000,000100001001101000000100000010010010,010000000000010101101010000000001100,001001000010000010000000001101100001,157,520ms
110100100100000000000000000001010101,000000001000010011011001001000001000,001011000000100100000010010000100010,000000010011001000100100100110000000,146,1471ms
011110100100000000010101000000000000,100000010001000011000000100100100010,000000001010111000001000010001000001,000001000000000100100010001010011100,118,9044ms
000100001001000010000011011010000000,110010010000100000000000100001010001,001001000100001001011000000000100010,000000100010010100100100000100001100,16,5193ms
110011101000100000001100000000000000,000000010100011000000000100101100001,001000000001000110000001010010011000,000100000010000001110010001000000110,127,2338ms
011111111000000000000001000000000000,000000000100010111001100010000000100,100000000000100000110000001101110000,000000000011001000000010100010001011,177,213ms
011010001000000010100000000001001001,000000000110001001000011101000000100,100001110000010000011100000000010000,000100000001100100000000010110100010,136,8362ms
101001111100000000001000000000100000,000110000001100000010001000101010000,000000000000011011100000100010000110,010000000010000100000110011000001001,148,665ms
101001110000000000000000000001110001,000000000010110001010100001100000100,000000001101001000100010100010000010,010110000000000110001001010000001000,122,19903ms
101010011010101000000000000000100000,010100000001010001001001100000001000,000000100000000110110000011000010010,000001000100000000000110000111000101,95,17264ms
010111111010000001000000000000000000,000000000100000000101010000111010100,101000000000100000010101001000100010,000000000001011110000000110000001001,177,184ms
101110011010000000000000100000000001,000001100000100010101001001000000010,000000000001010000010110000011001100,010000000100001101000000010100110000,136,21390ms
011000010101000000001000001000100100,100101001000001001010000000001000001,000000000010000010000111100010001010,000010100000110100100000010100010000,48,1973ms
011110101010000000000000000101000000,100000000100000000010101100000010101,000001010001100011000010001000001000,000000000000011100101000010010100010,117,9144ms
111010110000100000000000000001100000,000000001101000010000000011000001011,000001000010011001000001100100010000,000100000000000100111110000010000100,144,506ms
011100100000100000001010001000000100,000000010010000110110000010000101000,100001001101001000000000100100000010,000010000000010001000101000011010001,157,435ms
101101110010000010000000010000000000,000000000000110000100100001000011011,000010000101001001010001100000100000,010000001000000100001010000111000100,157,5626ms
101100011000010000000000000000010101,000000100010101000100000000110101000,000010000001000011011100100001000000,010001000100000100000011011000000010,86,44993ms
110000001100010000000010010000100010,000101010000000110001000100000001100,001000100000100000110001001001010000,000010000011001001000100000110000001,157,1113ms
011010010000100000000100000011000010,000100000101000000000000011100111000,000000100010011000110000100000000101,100001001000000111001011000000000000,73,20668ms
101001000001000010000000100010110000,000010000100001000110101010000000001,000000001010010001001000001100001100,010100110000100100000010000001000010,97,9542ms
100111110000000000000000010100100000,001000000001101000000000101000001110,010000000010000101110010000010010000,000000001100010010001101000001000001,177,108ms
010110111000000000000000000100000110,000000000000010100100101101001100000,100000000110101000001010000010001000,001001000001000011010000010000010001,177,1038ms
110111010000001010000001000000000000,001000100010010100100010011000000000,000000000100100000011100100010010100,000000001001000001000000000101101011,155,231080ms
011001000100000110000010011000000000,000100101010000001110000000100001000,100010000000101000000100000000100111,000000010001010000001001100011010000,120,9553ms
111101101010000000000001000000000000,000010000001101000010010000100110000,000000010000000010101100011000000110,000000000100010101000000100011001001,157,720ms
000111100100000000010010010000001000,110000011001000101000000100000100000,000000000000101000001101001101000001,001000000010010010100000000010010110,68,8764ms
110001110100000000000100000001000001,000100000000111001010000010010000100,001000000011000100100010001100001000,000010001000000010001001100000110010,157,61ms
110100011110000000000000000100010000,000001000001000010110110000000100001,001010000000000000000000101011001110,000000100000111101001001010000000000,157,1732ms
110011110000000000000000010000001001,001000000011000110010000001011000000,000100001000110000101000000100100100,000000000100001001000111100000010010,157,178ms
001000101100100000000001010010010000,000010000011011000100000100000100100,000100000000000110011000001101001000,110001010000000001000110000000000011,63,1453ms
010010010010000000011001001000010000,100100000000100011000100000111000000,000000100100011100000010000000001101,001001001001000000100000110000100010,43,9671ms
011101101000001000000000100000000010,000000000011000100100011000101001000,100000000100010000001100001010010100,000010010000100011010000010000100001,157,1778ms
110010010000100000000110000001100000,000100000000010000011000110100001001,001000100101001001000000000000010110,000001001010000110100001001010000000,134,12973ms
111000110000010001000100000000100000,000101001100000000100001000010000101,000010000010001110000000101101000000,000000000001100000011010010000011010,143,2947ms
010110110000100001000000000100001000,001000000000010000101101100001100000,000000000010001010010000011010010001,100001001101000100000010000000000110,111,47961ms
111100000000100000000010010011000000,000001001100000011011000000000000011,000000010001000100100000101100001100,000010100010011000000101000000110000,157,26ms
000010010000010000001010010000010101,010000101010000001100100001001000000,000000000101000010010001100110000010,101101000000101100000000000000101000,27,27963ms
101110110100100000000100000000000000,010000000000000110010001001001100001,000000000011000000001000010110011100,000001001000011001100010100000000010,177,1660ms
000000010000000000001100010001110110,000100000010100100110000000110001000,000010101100001000000011101000000000,111001000001010011000000000000000001,14,12969ms
001000111000010100010100100000000000,100100000001001000000000000010101110,000011000110000000101000010100000001,010000000000100011000011001001010000,96,28507ms
010101110000100000000000010100000001,001000000110010001010010000011000000,000010001001000110000000101000010100,100000000000001000101101000000101010,72,8368ms
100101001000000010000001000100010100,010000100101110001000000001010000000,001000000010000100010100110000101000,000010010000001000101010000001000011,105,22608ms
001101110000001001000000010000100000,000000000101000000000010001111001001,100010001000010110100100100000000000,010000000010100000011001000000010110,137,12497ms
110101000010100000000000010011000000,000000100001001000001101000000010110,001010000100010001110000001000000001,000000011000000110000010100100101000,157,201ms
101111010100100000000000001000000000,000000100000011011110000100000010000,010000001010000100000110000101000001,000000000001000000001001010010101110,177,687ms
111010100000000000010000100100000001,000101001100101000000000000001001010,000000010010000110000011010010100000,000000000001010001101100001000010100,135,20167ms
010100111100000000100000000000000011,001001000010101000000100001000010100,100010000000010110010000000010101000,000000000001000001001011110101000000,131,2648ms
111001000010010000010000000001000100,000010110000000000000010011100100010,000000001101001010000001000000011001,000100000000100101101100100010000000,139,21407ms
000101011000100010000000000011000100,010000100001010001000010000100101000,100010000110000100000000110000010010,001000000000001000111101001000000001,123,14729ms
001101100000000000010000000010101010,000000011110010000000100000100010001,010010000000000101101001100001000000,100000000001101010000010011000000100,107,7751ms
010000110000000010000001100101010000,101000000000000001110100000010000110,000101000010101000001000000000101001,000010001101010100000010011000000000,43,34165ms
110000101000000000010110000010000001,000101010000000010101000010100001000,000010000011000101000000101000010010,001000000100111000000001000001100100,86,8806ms
110110000000000000000101110000000001,001000011001000010001010000000100010,000000000100010001110000000011011000,000001100010101100000000001100000100,157,4669ms
110001101000001000000000000100010010,001100000000010000000100010010101100,000010000110100001000001101001000000,000000010001000110111010000000000001,157,3192ms
010000011100101100010000000000000010,000000100000000001001100100001101100,000001000011010010100010010000010000,101110000000000000000001001110000001,61,53743ms
110011010000000100000100001100000000,000100000100111011000001000000100000,001000000010000000011010000011001001,000000101001000000100000110000010110,157,520ms
011101000010110000000010000000010000,000000000001000101001001010010100010,000010010000000010110000101001000001,100000101100001000000100000100001100,80,16559ms
100100010000000001110010000010001000,000000100000110000001000100100100101,000011000100001100000000011001000010,011000001011000010000101000000010000,104,4306ms
100011011000100100010000010000000000,001000000010000011000001001000011100,000100100000011000001000100110100000,010000000101000000100110000001000011,142,986ms
100101000000000010100111000000000010,010000110010110100000000100010000000,001000000100000001010000011001001100,000010001001001000001000000100110001,110,22036ms
011111010000001000000010000000001000,100000100101000000000000001010100110,000000000010100000010001110100010001,000000001000010111101100000001000000,108,80471ms
101010001010000000000100001011000000,010000010001000101101011000000000000,000000100000101010010000110000010001,000101000100010000000000000100101110,77,68722ms
110110100010000000010000000100000010,001001000101100001100000001010000000,000000011000010010001101000001001000,000000000000001100000010110000110101,141,4322ms
011011111000000100000000100000000000,000000000000010000101100011101100000,100100000100101011000000000010001000,000000000011000000010011000000010111,157,1321ms
101011010001000000001001000000001000,000100000010101000110000100100000100,010000101000000011000110011000000000,000000000100010100000000000011110011,118,76755ms
001010101001000000010110000001000000,000001010010000100001000001010001100,000000000100110001100000110000010001,110100000000001010000001000100100010,72,12055ms
000001011000000100110000001100000100,011100000010001000000000100000011010,000010000000010010001001010011100000,100000100101100001000110000000000001,15,3822ms
101100000000100001100100000000000110,010000001100011000010010000000110000,000001000001000010000001100111000001,000010110010000100001000011000001000,91,5057ms
111110100000000010100000000000000010,000001011000100101000000000001010100,000000000100010000001000011100101001,000000000011001000010111100010000000,177,1359ms
011100001101000000001000000000010010,000000110000001010100001000101001000,000000000010010001010100101000100100,100011000000100100000010010010000001,74,6762ms
101010101001000000010000001000001000,010100000100111000100010000010000000,000000010010000000001000000101110110,000001000000000111000101110000000001,124,28430ms
111010011100000000000000001010000000,000100100000001001000001000001100110,000000000001010100000110110000010001,000001000010100010111000000100001000,135,6131ms
011000011001000011000100000001000000,000100100010010000010000001110001000,000001000100000100001001000000110011,100010000000101000100010110000000100,70,19294ms
111011110000000000001000000000000100,000000001000011110010100000001100000,000100000000000001100011000110001001,000000000111100000000000111000010010,157,77ms
100100011101000001100001000000000000,000001100000010000001000000100101110,010010000010001010010100001000000001,001000000000100100000010110011010000,157,4677ms
101100001000100011000000100000000100,000010000010001000000100010111000001,010000110001010000010001000000101000,000001000100000100101010001000010010,109,8276ms
001111010000000000100000000011000010,000000000100011010000010010100001001,010000001010000101010101000000010000,100000100001100000001000101000100100,113,24275ms
110100010100000000000101000010010000,000001100000010100010010001000100001,000000001001101001100000010100000010,001010000010000010001000100001001100,157,123ms
101010100010100010001001000000000000,000100010101001000000000010001000011,010000001000010000010010000010011100,000001000000000101100100101100100000,131,13422ms
010001000000001101100011000000000001,000000011101000000010100100000011000,000010000010000010000000011111100000,101100100000110000001000000000000110,61,1979ms
001101001001000000100000010100000010,100010100100100000000100000010010100,000000000010000100011011100000101000,010000010000011011000000001001000001,68,19711ms
001110000010001000011000000001100000,000001000000000111000101110010000000,100000101100110000000000001100000001,010000010001000000100010000000011110,150,1516ms
101011001000000010000001000100100000,000000000101011000000000011010001001,000100100010000001010010000001010100,010000010000100100101100100000000010,108,17969ms
010111100000000000010010000000000110,001000011100000000000100000101010001,000000000011111000101001000000001000,100000000000000111000000111010100000,98,87310ms
000100100010000000010011000100011000,100000001000001010100000101001100000,011001010000000001001000000000000111,000010000101110100000100010010000000,78,8124ms
001000001000000110011011000001000000,000010100100100001100100010000000010,000001010001010000000000101110100000,110100000010001000000000000000011101,25,14704ms
100001010011001000001100000000000100,010110000100000000000010100010000011,001000101000100000010001010100100000,000000000000010111100000001001011000,98,5791ms
011101111000000000000000000100001000,100000000001010001000100000001000111,000000000110000110001000110010100000,000010000000101000110011001000010000,116,26130ms
110110101000000010000010000000010000,000001000000000001100001110110100000,001000010011000100010100000000001001,000000000100111000001000001001000110,151,2871ms
100111000010001001000010000100000000,001000001000010000000001010000100111,000000000000100100111000101010001000,010000110101000010000100000001010000,137,9804ms
001000010000110100011000010001000000,000011000110000010000100000010101000,110100001000001000000000101000000101,000000100001000001100011000100010010,113,13815ms
011011101000000000001010000000100000,000000000110101001010001010010000000,000000000000000100100100101001010011,100100010001010010000000000100001100,87,259506ms
101110100000100000000110000000000010,010001010000000000110000000001110100,000000000101010011001000001100001000,000000001010001100000001110010000001,156,16710ms
111111101000000000000000100000000000,000000000010100100010010010010100100,000000010000010001001001000101000011,000000000101001010100100001000011000,177,2960ms
001100010000000000101100000001100010,000000000100001011000010010100010001,010001100000110000000000100010001100,100010001011000100010001001000000000,81,109957ms
111011100000010000000000001000010000,000000000110000111000100000100100010,000000001000101000110000010001001100,000100010001000000001011100010000001,136,3627ms
110010000101000010000100000100100000,001100001010010000100001000010000010,000000010000101000011010110000000001,000001100000000101000000001001011100,117,3298ms
000111110100100001000010000000000000,011000000000010010010001000001001001,000000001000001100000100011100100010,100000000011000000101000100010010100,66,16416ms
000010110000000000010110010000110000,010101001010000101001000000100000000,000000000101110010100001100000000100,101000000000001000000000001011001011,29,10972ms
000101100000001000100000000010001110,010000011100000100000000100101100000,001010000011100010001100000000000001,100000000000010001010011011000010000,39,29040ms
000110000000010001110001000000101000,100000101101001100000000110000000000,011000010000100010000100001011000000,000001000010000000001010000100010111,74,9433ms
111011111000000000000000000000000001,000100000000000101100110000011010000,000000000011100010001001011000000100,000000000100011000010000100100101010,136,2577ms
100011000010010000000000001000010101,001100010000100110011000000001000000,000000101000000000100011100100100010,010000000101001001000100010010001000,114,6382ms
111001110000000010000000000001000010,000000000010010100101001100000001100,000000001001101001000010000100100001,000110000100000000010100011010010000,145,2542ms
001101111000000011001000000000000000,110000000000111000000001001101000000,000000000100000100010100100010011010,000010000011000000100010010000100101,91,12670ms
110110110010001100000000000000000000,000001000000010000100010100000011101,000000000100100000010101011011000000,001000001001000011001000000100100010,177,3634ms
101111001000000000000000001000000110,010000000010000010000001100101100001,000000010001110000011000000010011000,000000100100001101100110010000000000,141,10892ms
110111000001000000010000010000000010,000000001000010000100001001100100101,001000000100101011000100000011000000,000000110010000100001010100000011000,177,2425ms
101011011000000000000001000100100000,000000000000100101101100001010000001,010100000011000000010010100000010100,000000100100011010000000010001001010,151,1432ms
100011101001100001000000000000010000,010100010110000000000000000001100110,000000000000001110101000101110000000,001000000000010000010111010000001001,96,8740ms
011011100001010001000000000000010000,000000000000000100001100011010001011,000000010100101000100010100100000100,100100001010000010010001000001100000,117,13083ms
011010110000011010000000000000000100,100100000000000000101011111000000000,000001001110000100010100000001100000,000000000001100001000000000110011011,100,321558ms
100110001011000000110010000000000000,010000100000101010000001000000011001,000001000000000101000100011011000010,001000010100010000001000100100100100,136,5519ms
011001010001000000010000100100000010,000010101000000000101100011010000000,000100000010010100000001000001001101,100000000100101011000010000000110000,63,104618ms
001100101010000100100000001010000000,010000000101001000000110000000011010,100011010000100010000000010100000001,000000000000010001011001100001100100,139,1308ms
100110000010011000010000001000000001,010001101001000001100010000000000100,001000000000100110000100000101101000,000000010100000000001001110010010010,99,18532ms
111000101001000000100010000000001000,000001000110100000011000000100000101,000100000000001010000001110000110010,000010010000010101000100001011000000,118,1616ms
100001011001000100010000000000101000,000110100100100000000010100100000100,011000000000010001001001011000000010,000000000010001010100100000011010001,102,6971ms
001001010100110000000000101000000001,100110000001001100010000000000110000,000000100000000001000110010011001010,010000001010000010101001000100000100,21,2979ms
110001001010000101100000000001000000,000110000100001000010000100100001100,001000010000110000001000001000110001,000000100001000010000111010010000010,127,1203ms
001001110110100000000001000000100000,000000001000000100001110010010001010,100000000001000000110000100100010101,010110000000011011000000001001000000,129,15935ms
000111111001000000000100010000000000,000000000010001100101001100000001100,011000000100100001000000000110100001,100000000000010010010010001001010010,135,30348ms
011100000000110000100000000110001000,100011000011000010001010010000000000,000000000000000100010001100000110111,000000111100001001000100001001000000,79,42914ms
000000011000000000001000000001011111,111000000000000000100111100010000000,000111000101011000000000001000100000,000000100010100111010000010100000000,20,7511ms
101101000010001000000000010000101000,000010011100100000000100101001000000,010000000001000000110001000110000110,000000100000010111001010000000010001,157,982ms
110101100000000000010000000110000010,000000001001000010101000100000011100,001010000110001001000001001000100000,000000010000110100000110010001000001,157,179ms
001100111000010010010000100000000000,010011000001000000000001010001110000,000000000110000000101010001100000101,100000000000101101000100000010001010,82,49997ms
001110010100010000000000000000100110,000000100010000010100010010010011000,100001001000100000010100000101000001,010000000001001101001001101000000000,177,12553ms
001010001000001001000100100000110000,000101110001010000100010000000000010,010000000010100110000000001100000101,100000000100000000011001010011001000,39,3510ms
000001111010000100001000001000010000,100100000000010000110000000110100010,010000000000001011000011000000001101,001010000101100000000100110001000000,19,914ms
010011101100000000010000100000000100,000000000010100001000110010010011000,100000000001000110100001001101000000,001100010000011000001000000000100011,142,9086ms
010010101000000011100000001000100000,000001010001110100000001000000000011,100100000100001000000000100101010100,001000000010000000011110010010001000,157,1112ms
110000111000000000000001000100100100,001000000010010010100100011000010000,000001000001101100001010100010000000,000110000100000001010000000001001011,137,8744ms
000010001000000000010000101100101010,001000010000001010000000000011010101,010101100101010100000000010000000000,100000000010100001101111000000000000,100,450634ms
111000000001000100000000110110000000,000010100100000001101100000000011000,000001010010000010000001001001100100,000100001000111000010010000000000011,116,142ms
100001101000000010010000000101010000,010000010010000100100110100000000010,001100000001101001000000010000001100,000010000100010000001001001010100001,98,12910ms
100111101000100000100000000001000000,010000000010011000001001110010000000,000000000101000011000100000000010111,001000010000000100010010001100101000,145,10902ms
100000010100100100100001000100100000,000100100010000010000000101000001110,000001001001001001010110010000000000,011010000000010000001000000011010001,112,10630ms
100000100001100100000000100000010110,010101011010001010000010000000000000,001010000100000000101100001010000001,000000000000010001010001010101101000,99,45330ms
110000100000000100001001010000000110,000101001000010001110000000100001000,001000010011101010000000000011000000,000010000100000000000110101000110001,102,9674ms
011000110000000010101000000000110000,100001000000101000000010110000000101,000010000011000000000101000110001010,000100001100010101010000001001000000,103,8953ms
011100111000011010000000000000000000,000000000000000001100100010011110100,000011000000000100010011101100000000,100000000111100000001000000000001011,105,15932ms
010000001010001001000110000100000001,100011000001000000100000010011010000,000000110000110010000001100000101000,001100000100000100011000001000000110,16,521ms
011001001000000001000000110100100000,000000000110010100000000000011011010,100110010001000000001110001000000000,000000100000101010110001000000000101,156,27553ms
100001100000100100100000110000000100,011100000000010010000011000000100010,000010001100000001011000000010001001,000000010011001000000100001101010000,106,797ms
110011001011100000000100000000000000,000100000100000100100001000100100011,000000010000001010001010001011001000,001000100000010001010000110000010100,117,3270ms
101111110000000000000100010000000000,010000001000100100101010100100000000,000000000110001001000001000001101010,000000000001010010010000001010010101,126,14497ms
010111011000000001000001010000000000,001000100001101000100000100010000010,000000000100000000000100001101111100,100000000010010110011010000000000001,95,91348ms
100110101010000010010000000001000000,001001000000100101100100001000000010,010000000000011000001010010010011000,000000010101000000000001100100100101,135,7006ms
101001011000000100001000001000000100,000010000100011000000100100001001010,000100000001100001010001010100000001,010000100010000010100010000010110000,127,3602ms
000011000010101100000000010011000000,010000111001000000011100000000000100,100100000000010001000010100100101000,001000000100000010100001001000010011,78,2946ms
001111011100000100000000000000000001,000000000001101000000011110100100000,110000000000000010111100000000001100,000000100010010001000000001011010010,177,239ms
101110111000000000100000000001000000,010000000011001000000110000000010101,000000000000010110011000001010001010,000001000100100001000001110100100000,153,638ms
100000101000010010101000000010001000,011100000010001000000000000001110001,000000010001100100010100100100000010,000011000100000001000011011000000100,84,18112ms
011110110000100000000010000010000000,100001001001000010010100100100000000,000000000000011100001000011000000111,000000000110000001100001000001111000,74,39284ms
101010110000000010000010100000000001,000000001001001000010000010001101100,010101000110000100000101000000010000,000000000000110001101000001110000010,148,2401ms
111010010000000110100001000000000000,000100000101110000001010000001010000,000000101000001001000000011010001001,000001000010000000010100100100100110,128,2586ms
001011110000001110000000000000001000,010100001000000001100010000000010101,100000000111000000000001010011000010,000000000000110000011100101100100000,125,64886ms
110010101010000100000000010000001000,000000000100110000000100000101100101,001101000000000000111010100000010000,000000010001001011000001001010000010,157,2094ms
100011010000001001000011010000000000,010100101101100000001000000000000100,000000000000010000110100101110001000,001000000010000110000000000001110011,110,153386ms
111001001000100000100010000000000100,000010000101000100010100010000100010,000100110010001011000001001000000000,000000000000010000001000100111011001,134,15608ms
010001101000001010000010000000001001,000110000100010001000101010100000000,001000010011000000010000100011010000,100000000000100100101000001000100110,60,8473ms
010101011010000001001000100000000000,000010000001001000010011000100110000,001000100100100000100000001001001001,100000000000010110000100010010000110,108,6977ms
100001001000011010000000100101000000,000110000111000000010001010000000100,001000000000100101100000001010010001,010000110000000000001110000000101010,101,2395ms
001110101000000010000010000100010000,000000010100110000101100000000100001,010001000011001100000000010000001010,100000000000000001010001101011000100,95,12653ms
101110000010001000000000000110010000,000001110000010000000100010000001011,000000000001100000011000101001100100,010000001100000111100011000000000000,150,47540ms
010011011000100000000000100000011000,000000000100010000010011000101000101,000000000010001100001000011010100010,101100100001000011100100000000000000,31,106916ms
000101010100000000010000100110000001,100000000000000110000111010000001010,000010101010010000100000000000110100,011000000001101001001000001001000000,78,3801ms
100010010011010010000000000010000010,000000001100001101000110000100010000,011100100000000000011000100000100001,000001000000100000100001011001001100,157,2351ms
111100001100001110000000000000000000,000000110000100000000100001001011001,000001000010000000110000110010100010,000010000001010001001011000100000100,157,607ms
001001001010100000000010000000101001,000000000000011010010100001100000110,010010000001000100100000110011000000,100100110100000001001001000000010000,56,8381ms
001101101001100000000001100000000000,000010010000000110001000010000001110,010000000010011001000000001100110000,100000000100000000110110000011000001,83,7563ms
010100010000010100000010001000100001,000001000001001001010100010001000100,100010100110000000000000000100011010,001000001000100010101001100010000000,157,1272ms
011000000010001100100000010100100000,100011010100000000001100000010000010,000100101001000010010010100001000000,000000000000110001000001001000011101,80,2942ms
010000101000000000110000001001000011,000100010000000001000011010000110100,000010000110000100001100100100001000,101001000001111010000000000010000000,95,62567ms
010011000000001100000000100011000010,000100000100000000101011010000010001,001000010000110001010000000100100100,100000101011000010000100001000001000,67,9984ms
010011111000110000000000000000000100,001000000011000110001010000000001010,100000000100001000100001011100010000,000100000000000001010100100011100001,157,656ms
011101001011001000000000000001000000,000000000100000101000101000110000110,100000110000010000111010000000001000,000010000000100010000000111000110001,157,1396ms
010100000000000111100001010000100000,100000001000110000011000000000000111,000011010101001000000010001100000000,001000100010000000000100100011011000,102,7944ms
101100010001010001100000000000100000,010000001000000010011010000100001001,000001100110101000000100010000000010,000010000000000100000001101011010100,136,4801ms
010101000010000010000010011000001000,001010000001001000010001100000000110,000000000000110001101100000100110000,100000111100000100000000000011000001,61,34518ms
111111011000000100000000000000000000,000000100010110001001011010000000000,000000000000001010100100100010010101,000000000101000000010000001101101010,156,4773ms
111001011000000000001001000010000000,000000100000001000100010000100010111,000110000010100001000000011000101000,000000000101010110010100100001000000,154,3657ms
110111001100100000000000010000000000,000000010010000100000101001011010000,001000000001010010000000100100001110,000000100000001001111010000000100001,177,396ms
000101000001010000000001101100001000,100010000100000000010010000011100001,010000001010100010001000010000010010,001000110000001101100100000000000100,36,5798ms
011110111000000000001100000000000000,000000000010001000110000011010000101,000001000001100110000001000000111000,100000000100010001000010100101000010,117,8427ms
000110110100110001000000100000000000,100000001011000010100101010000000000,000000000000001100001010001000101011,011001000000000000010000000111010100,42,129570ms
010111000010000100001000000000000101,000000011001000010000100111000100000,100000100000001000000001000110011010,001000000100110001110010000001000000,177,2938ms
110101111000000010000001000000000000,001010000001101000000000100100100001,000000000100000101100000011010010010,000000000010010000011110000001001100,157,5827ms
010110001010000010000010000001001000,101000100000000000001001010000100101,000001010000111000100100000110000000,000000000101000101010000101000010010,103,9315ms
010110000100010100000001010000000010,100001001001101001000000100000000001,000000100010000010001110001100000100,001000010000000000110000000011111000,77,22502ms
011000001010000000010001100000010001,000000000100100100101110000010000100,100100010001001001000000001000001010,000011100000010010000000010101100000,117,14142ms
001100000001000010000110011100000000,010000000000101000101000100010011000,000001110000010000000001000001000111,100010001110000101010000000000100000,16,6111ms
011110001010000000000000001000010001,000001000101010110100010100000000000,100000000000100001000001010110101000,000000110000001000011100000001000110,177,9797ms
011010111000010000000100000000000010,000000000000001100110011110000000100,000101000110000000000000000010111001,100000000001100011001000001101000000,112,28816ms
011011000000000110000000101000100000,100000101001100000010000010000010100,000000010000010001001010000100001011,000100000110001000100101000011000000,62,2454ms
000100110000001011000010000001010000,100010000010110000000000011010100000,001001001000000100100001100000001100,010000000101000000011100000100000011,50,681ms
001001011000000101000000001010000010,000010000001000010010100000101001100,100000100010110000000001010000010001,010100000100001000101010100000100000,97,10772ms
110010001011100000000000000100010000,001000100100000010001110000000100010,000100000000010001010001010011001000,000001010000001100100000101000000101,143,488ms
010001110010001010000000000001000010,100000000100100000010110110010000000,000100000001010000101001000000110100,001010001000000101000000001100001001,60,33199ms
001110100001010000001010000000000001,000000010000000011100100000101000110,100001001110101100000000000000001000,010000000000000000010001111010110000,177,11719ms
000000101000101011100001000000000001,011110000000010000010110001000000000,000000010000000000001000110111011000,100001000111000100000000000000100110,0,18274ms
001100011100001100000000000001000001,010000100000010001010110000000001010,000001000011000000001000010100110100,100010000000100010100001101010000000,85,10131ms
011000111000100000010100000000000010,000011000101000110000001011000000000,100100000010000001001010000001010100,000000000000011000100000100110101001,142,52061ms
100101110011000100000000000000001000,001010001000100000100000000100110010,000000000100001011000010110000000101,010000000000010000011101001011000000,121,11803ms
100110110010000000011000001000000000,000000000100111001100100000001100000,011000000000000010000000010100011101,000001001001000100000011100010000010,177,1001ms
101111011000000001000000000000000001,000000000100110000011100000011000100,010000100010001110100000100000010000,000000000001000000000011011100101010,177,1623ms
101100110000001000001000100001000000,000011001001000010000000010100010100,000000000110110100000001001010000010,010000000000000001110110000000101001,157,16238ms
010100011010000010000001000000010010,100001000001101000010000000010001100,000010100000000001100010110100000001,001000000100010100001100001001100000,92,2794ms
001011000000000011110100000000000100,000000100110001100000001000000011001,100000001000110000000010100010100010,010100010001000000001000011101000000,97,8661ms
111000100100000011000000000000010010,000101000011101000000000001000100100,000010011000000000100101010010000001,000000000000010100011010100101001000,152,14909ms
001000110000000101110000110000000000,110110000001100000001000000001010000,000000001100001000000011001000100110,000001000010010010000100000110001001,41,21368ms
111010101000000000001000000000001001,000000010100010111000000000011100000,000001000010001000010011001000000110,000100000001100000100100110100010000,113,12130ms
100111111000000001001000000000000000,001000000110100100010001100000000001,000000000000010000000110001110101100,010000000001001010100000010001010010,145,7748ms
000100011010100010000000100001000100,111010100001000000100001000010000000,000000000000010101010010010000111000,000001000100001000001100001100000011,0,1428ms
110000110110000100010000001000000000,001001000001100000001000100011001000,000000001000000001000110010000110011,000110000000011010100001000100000100,142,3061ms
101101001100001000001000100000000000,000000010001110001000000010001000101,010000000010000000100100001110100010,000010100000000110010011000000011000,157,385ms
000110111000010000000101000010000000,000000000010000000001010101000101110,110000000101000000010000000101010001,001001000000101111100000010000000000,177,17366ms
000111001000010000001000000100001010,000000010110000000000001001010100101,101000100000001010000100110001000000,010000000001100101110010000000010000,146,6305ms
010001010010100000000001101000000100,100100000001000101100010000000100001,000000000000001000001100010111010010,001010101100010010010000000000001000,31,16354ms
001011001000000000000000111101000000,010000010100001000110101000000000001,100100100010100001000000000000100110,000000000001010110001010000010011000,143,16161ms
001001100000011010100010000000010000,000000000000100100000101001011001001,110110001110000000010000100000000000,000000010001000001001000010100100110,177,686ms
111100111000010100000000000000000000,000010000110101000110010000000000010,000001000000000001001101000100100101,000000000001000010000000111011011000,122,5357ms
100000000011000001000001010010000110,000011001000100000101000000100010001,001000010000011000000010101001001000,010100100100000110010100000000100000,50,4009ms
010110010001011000000010100000000000,100000000000100110010000000101010010,000001001100000000100100000000101101,001000100010000001001001011010000000,121,18856ms
001101010001000000000100011010000000,100000000100110000011000000000011010,000010000000001010000011000101000101,010000101010000101100000100000100000,43,6688ms
110110111000000000000001000010000000,001001000011000011000010100001000000,000000000000100000100100011000100111,000000000100011100011000000100011000,177,15114ms
110110011000001000010000010000000000,001001000010000000101011000000011000,000000000000100101000100100011000110,000000100101010010000000001100100001,126,84238ms
011101010110000000100001000000000000,000000101000000010010000000010100111,100010000001000100000100010001011000,000000000000111001001010101100000000,157,601ms
101000000101001000010001000000010010,010100000000000001000000000011101101,000010011010010100101000010000000000,000001100000100010000110101100000000,132,54669ms
111011000000000000000001001000110000,000000001100010010000110000001001001,000100000000101101000000000110000110,000000110011000000111000110000000000,157,17926ms
000110100000110000001000001001000010,010000001001000000110011100000010000,001001010010000110000000010000001001,100000000100001001000100000110100100,42,13258ms
011001101000101100000000000100000000,000000000100000010001011000010011001,100010000010010001100000111000000000,000100010001000000010100000001100110,157,1841ms
011111011000000000000010010000000000,000000100000111000010100000011010000,100000000011000010000000000100001111,000000000100000101101001101000100000,177,3892ms
100000110000010000010000000100010011,000001000100101001000111000000001000,001100001011000000101000101000000000,010010000000000110000000010011100100,157,23967ms
101000110010000001010001100000000000,000001000101001000000000000101001110,000000001000100010001000001010110001,010110000000010100100110010000000000,83,186537ms
111100010010000000000000010000000101,000010100000100000001001101000100010,000000000001001101100010000011010000,000001001100010010010100000100001000,141,2535ms
000001100000000000100111100010000010,000000010101010000011000000100001100,011110000000100001000000001001100000,100000001010001110000000010000010001,112,10006ms
111011011000000100000000000000010000,000100000000100011100000101000000110,000000000001011000010000010111001000,000000100110000000001111000000100001,157,525ms
111000011000000000000001100000000011,000001000001001110011010010000000000,000100000110100000000100001110010000,000010100000010001100000000001101100,157,1671ms
110000000001000000000110001000010110,000001100100110010101001000000000000,000000000010001001010000000101101001,001110011000000100000000110010000000,77,89856ms
110011011000000000001100000000000010,000000000000000011010000001001101101,000100000001111000000001100010010000,001000100110000100100010010100000000,113,4364ms
011111100000101000000000001000000000,100000001100010001010000000000110100,000000000000000100000111100111000010,000000010011000010101000010000001001,98,28479ms
000101001000001010010000010100001000,000010010010010001000100001001010000,011000000001000000001010100000100011,100000100100100100100001000010000100,66,2008ms
010010011100010000000000000010010001,001001000010001001001011000001000000,000100000001100000100100100100001010,100000100000000110010000011000100100,96,23800ms
111000111010010000000000000000000100,000010000100000010000101000011100001,000101000001000000010000111100010000,000000000000101101101010000000001010,157,593ms
110110001000000010000011001000000000,000001010000001100100000010010101000,001000000101000001001100100000010100,000000100010110000010000000101000011,162,1205ms
100101010000001010000010001000000100,000010000010100000110001000010001010,010000100000000101001100000001100001,001000001101010000000000110100010000,86,1329ms
101011000000000111100000100000000000,010000000001100000001100011000001001,000000101110001000000000000101010100,000100010000010000010011000010100010,157,3702ms
111101100001000000000000000100100000,000000000000101011000001000001001110,000000000010000100100010111010010000,000010011100010000011100000000000001,157,2623ms
010101100010000001000011000000000001,000010000100000010000100110001010100,101000010001010100100000001000001000,000000001000101000011000000110100010,157,2078ms
000001001000101000001000010101000010,110010010010000000010001000000100100,001100100000000111000000000010001001,000000000101010000100110101000010000,44,22214ms
000101111010000000001001000000000001,100000000001100010000000001100001110,000010000000010101010100100001010000,011000000100001000100010010010100000,37,6501ms
010101010000000001000101000001000100,000000000010110110010010000010000001,101010000100001000000000111100000000,000000101001000000101000000000111010,140,3368ms
000111011000010000000010010000010000,100000000000100100000100101100000011,000000100111000010010000000001001100,011000000000001001101001000010100000,62,4485ms
000011010010000000001001100000000101,100000100000001101010100001000000010,011000000001010000100000000101101000,000100001100100010000010010010010000,81,8306ms
100010101010000010100000000001000010,000000000100111101010000010000010000,001101010000000000001000000100101100,010000000001000000000111101010000001,143,2796ms
011010101000000000100100100001000000,000000010000100101010000000110010001,000001000110000000001010011000000110,100100000001011010000001000000101000,100,7018ms
111111001000000000000010000000000010,000000000000100000100001010101100101,000000000100000001011100100010011000,000000110011011110000000001000000000,156,16505ms
010100110011000000110000000010000000,001000000000010001001110000000100110,000001001000100100000000011001001001,100010000100001010000001100100010000,71,977ms
000001000001010010011010000001000001,010010000000000100000000001100110110,100100011110101000100000000000000000,001000100000000001000101110010001000,133,5335ms
010010001100100000101011000000000000,100100010010010000000000010010001010,001001000000000101000100100001010001,000000100001001010010000001100100100,89,15596ms
110011000000000000010100101100000000,000000011000010111000001000000010100,000000100001100000000010010001100011,001100000110001000101000000010001000,133,1667ms
000000111000000101001100000000010100,001110000110010000000001010010000000,100000000001000000010000101100001011,010001000000101010100010000001100000,76,2630ms
100011100100000000000011010000000100,000000011001010001000100001000011000,001100000010000010001000100010000011,010000000000101100110000000101100000,137,326ms
110010011100100010000100000000000000,000101000000001001000010100110001000,000000000001000100111000000001100101,001000100010010000000001011000010010,157,1378ms
010010110000000000000000000010111001,000001000011100001010010010100000000,001100001000000110001001000001000010,100000000100011000100100101000000100,109,25698ms
000010011100000000010011010000010000,000001000010010000000000001011100101,110000100001000011100000000100001000,001100000000101100001100100000000010,157,2359ms
001011111000000010000010000000000010,110000000010000001000101000011100000,000000000001111000101000011000010000,000100000100000100010000100100001101,65,12246ms
110110010000000100000010001000010000,000000100100010011001000100010000100,001000000000001000110100000101000011,000001001011100000000001010000101000,177,257ms
010010111000001000000000011000100000,000000000011100000000001000101011100,100100000100000010111000100000000010,001001000000010101000110000010000001,157,1518ms
010011100010100001000100000000100000,000000010001000000111011001010000000,101100000000001010000000110100000001,000000001100010100000000000001011110,139,44218ms
001100001001000000011001001000000100,100010100100000010000000010100010010,010001010000101001000000100000001001,000000000010010100100110000011100000,62,26421ms
011010011000000100000010110000000000,000101000010000000111101000001000000,100000100000001000000000001110111000,000000000101110011000000000000000111,157,107351ms
010111101001000000000000000101000000,000000000100000111001110000000101000,001000010000011000000000010010010011,100000000010100000110001101000000100,126,11742ms
100000001000011011100010000000010000,000000000100100000010101111000100000,010110110011000000001000000000000001,001001000000000100000000000111001110,150,83234ms
111101001000000000000000001000101000,000010000000110100010110000101000000,000000100101000001101001000000010001,000000010010001010000000110010000110,157,604ms
010101001010000000001010000000100100,001000110100001100010000010010000000,100010000000000010100001001001011000,000000000001110001000100100100000011,119,13291ms
000111101000000000101000000010010000,100000000011010001010011000001000000,000000010100101000000100010100100010,011000000000000110000000101000001101,100,6516ms
101111111000000000000000000100000000,000000000000001010111010010000100010,000000000010010101000101000010001100,010000000101100000000000101001010001,177,71ms
010001011010000001000010000000100010,000010000100101100101000010001000000,101100000001000000010101100010000000,000000100000010010000000001100011101,133,16351ms
000011111000001000000000000001010001,000000000111000000111000010100001000,011000000000000110000011000010000110,100100000000110001000100101000100000,74,35114ms
011101100000000000000000011100000001,000000001101101001000000000000110010,100010010000000000011010000011001000,000000000010010110100101100000000100,157,2998ms
111100011000001000000000100000001000,000000100100000011011110000000010000,000001000010110000100000001010100100,000010000001000100000001010101000011,141,5547ms
101111101000100000000010000000000000,000000010101010010100000100000010001,000000000010001000000100000101101110,010000000000000101011001011010000000,139,9493ms
001001000011010000101100001000000000,010100010000000001000000110001010010,100000001100101100000000000010001100,000010100000000010010011000100100001,118,34526ms
111001010000000110000100000000000100,000000001010100001001001000100100001,000000100001010000110000001011010000,000110000100001000000010110000001010,143,1078ms
010010000000100000101000001010000011,101000000001001000000101010001001000,000001100110000010010010000000100100,000100011000010101000000100100010000,65,4135ms
010100001011000000101000000000001001,001010010000010001000101000001000010,000000100000001110000010100010010100,100001000100100000010000011100100000,50,1187ms
101001010001000001000001001000000001,010110000100001010000000100010001000,000000001010010100111000000100010000,000000100000100000000110010001100110,113,4007ms
010000000100100100000011100001001000,001100000001001001000100000000100110,000011101000000010010000011010000000,100000010010010000101000000100010001,65,4290ms
110101001000000011000000000000100010,000000010000010000100010100001011001,000010000111000100010000011010000000,001000100000101000001101000100000100,157,2793ms
100010001011000010010001100000000000,010001100100100100001000000000101000,001100010000001000100000000110010100,000000000000010001000110011001000011,129,16444ms
111010111000001000000000010000000000,000001000001000000111100001001000100,000100000100100000000011000110000011,000000000010010111000000100000111000,157,388ms
101001101100010000000000011000000000,000010000000100011110000000110001000,010000010011001000000000100000010110,000100000000000100001111000001100001,157,815ms
110001000010001000000110101000000000,001100011000000100000000010011000010,000010000001100001110000000000110001,000000100100010010001001000100001100,100,13856ms
011000100000000010000001010101000001,000000001000001000110000001010011100,100111000000010001001100000000100000,000000010111100100000010100000000010,154,11894ms
010011110000001101000000000000000001,001000001001000000001010001000100110,100000000100010000100000000111011000,000100000010100010010101110000000000,157,6036ms
001010100000011000010100101000000000,000000011011000100000010010000001100,100000000000000011101001000100100001,010101000100100000000000000011010010,101,108338ms
100010000000010110000001010000100001,001100100001000000111000001000000100,010000010010001000000000000111010010,000001001100100001000110100000001000,80,61245ms
010010100010000100101100000000100000,001000010000100001010010110000000010,100101000101000010000001001010000000,000000001000011000000000000101011101,141,13409ms
000100010000000010000100011110001000,100010000000000001100001100000100011,001000100100011100000000000001010100,010001001011100000011010000000000000,34,92209ms
101001001000000000000001010001000101,000000010110000110000100000110100000,000100100000100000111000101000001000,010010000001011001000010000000010010,157,4990ms
000000001100001101101000010100000000,110110100000000010010100000001000000,001000000001110000000010101000100100,000001010010000000000001000010011011,39,2779ms
101000011100000010110000001000000000,000101100000010000000011000000001110,010000000011001101000100010000010000,000010000000100000001000100111100001,157,1752ms
101111100010001000000000001000000000,000000000000000011110100000000100111,000000010100000100000001110011010000,010000001001110000001010000100001000,156,1869ms
010000111000000000101000000100101000,000001000101000010010000010011010000,100110000000010000000101001000000101,001000000010101101000010100000000010,177,1645ms
100101101000100000100110000000000000,001000000001001001000000100100010110,010010000010010110010001000010000000,000000010100000000001000011001101001,157,1500ms
001001101010100001000001000000000001,000110000000010100000110011000000100,110000010000001010001000100101000000,000000000101000000110000000010111010,136,16433ms
001111111100010000000000000000000000,010000000010100000101001100001000001,000000000001000000010110000100011110,100000000000001111000000011010100000,106,40723ms
001010010101000010000000010000001100,010100100000001100010000001011000000,100001000000110000100100000100110000,000000001010000001001011100000000011,133,877ms
100011001000000000000011000110000100,010000100000010100001000010000101001,001100010010100001100000100000010000,000000000101001010010100001001000010,139,7451ms
100100111101100000000000000000010000,000011000000000100000010101101001000,011000000010011001000101000000100000,000000000000000010111000010010000111,157,2557ms
011100010000000000100001011000000100,000000100100100010001010000101100000,100001001000010000000100000000011011,000010000011001101010000100010000000,157,1839ms
001111100010110000000000000000000001,100000001000000000100110010101100000,000000000101000011011001001010000000,010000010000001100000000100000011110,102,86354ms
111110010001000000000000000000000110,000001001000010101001000000010011000,000000000110001010000110110000000001,000000100000100000110001001101100000,164,6001ms
001101011000000101000000000000000011,110000000000110000000101000110001000,000010000101000000011010100000010100,000000100010001010100000011001100000,61,828ms
000010000000100100100000001010011001,010001000011010000000100110000100000,100000101100001011010000000000000100,001100010000000000001011000101000010,82,40260ms
101110001000000100100000000000100010,000001100001001001010100010010000000,000000000000010010001010001001011100,010000010110100000000001100100000001,124,11185ms
000000000000001001001010010000101110,001000100110100100000001100000000001,100110000001000010010100000101000000,010001011000010000100000001010010000,85,6389ms
110101011000000000000001000011000000,000010000110100000000010001100010010,001000100000000111010000010000001100,000000000001011000101100100000100001,128,2228ms
101100100010001000000000100000001001,010000000001000000101110011000000100,000000000100110010000001000110010010,000011011000000101010000000001100000,142,4258ms
011110011000011000000001000000000000,100001000101100000000010010001010000,000000000000000110110100100100001100,000000100010000001001000001010100011,125,23586ms
101101010001000000000000010000010010,010000101000000101000101000010000100,000010000010110000000000101000101001,000000000100001010111010000101000000,87,13943ms
101000100010000100000000010001101000,000100001000000001000100101110000100,000011010000110010100011000000000000,010000000101001000011000000000010011,132,8310ms
100001111000001000000010000001000001,000000000000000100111000011110000100,011010000101100000000000100000100010,000100000010010011000101000000011000,144,1474ms
101011100001000100000000001000000010,010000000100110010100000000111000000,000000010000000001000101010000110101,000100001010001000011010100000001000,97,6391ms
001111110010010000000000000100000000,110000001000000100100001001000100010,000000000100001010010000010001010101,000000000001100001001110100010001000,118,17277ms
000011100001100101000000100100000000,001100000000000000101001011000000011,110000000010000010000110000001100100,000000011100011000010000000010011000,122,13463ms
011110000000000000010000110000100010,100000001000100001101111000000000000,000000010110011110000000000001000100,000001100001000000000000001110011001,89,172500ms
001010111000000001010000010000000100,000000000101010000101001000010001010,110100000010001000000000100100110000,000001000000100110000110001001000001,152,2588ms
100110111000100010010000000000000000,010000000000011001000100100001100001,000001000100000100000011000010011100,001000000011000000101000011100000010,154,1762ms
111100101101000010000000000000000000,000001000000010001000100010001100101,000010010010001100010010100000000010,000000000000100000101001001110011000,157,227ms
011010100000010001000000010100000100,000001001000101100100001000000011000,100100010010000000010010100010100000,000000000101000010001100001001000011,157,132ms
111011010000000000000000100000010010,000000100101000101001010010000000001,000000001010000000110100001101100000,000100000000111010000001000010001100,157,180ms
100111011000000010010000000000000001,000000100000001100100110000101100000,011000000110000000001000101000001010,000000000001110001000001010010010100,166,308ms
110001011000010001100010000000000000,000010100000100010001101001000100000,001000000001000100010000110001010010,000100000110001000000000000110001101,138,34333ms
110101101000000000100010000001000000,000010000001010000011001100010000010,000000000110101101000000001100100000,001000010000000010000100010000011101,157,1641ms
111100110000110000000000000000000001,000011000101000100100000100100000100,000000001000000010001101011001010000,000000000010001001010010000010101010,112,15653ms
001010110010001000010000001000010000,100000000001000000101110000100101000,000001001000110101000000000001000110,010100000100000010000001110010000001,53,22337ms
011100110100010001000000000100000000,100000001000100000100000010011001010,000000000001001100000100001000110101,000011000010000010011011100000000000,99,129851ms
000100111001100010000001000000100000,000000000010001001000100110001000110,111000000000000000011000000110011000,000011000100010100100010001000000001,157,1771ms
011011010000001000000000001010000001,100000100000000100001100100001011000,000100000110010010000011010000000100,000000001001100001110000000100100010,89,11835ms
110000010100000010101001000000000100,001101000001110000000010010000010000,000010000010000100010100100001001010,000000101000001001000000001110100001,118,4751ms
001100100100101000001100000100000000,010000000011000000110011000000100100,100011011000000110000000000001000010,000000000000010001000000111010011001,153,1190ms
001010000011100011000000100010000000,000001001100000100000110010000001010,110100000000010000011001000001000100,000000110000001000100000001100110001,121,8895ms
111110111000000000000000000000000010,000000000010000000011101000011010100,000000000101101010000000001100101000,000001000000010101100010110000000001,177,155ms
000101101010000100000000001001000100,100010010001101000100000000100000001,000000000000010000001100110000111010,011000000100000011010011000010000000,19,2342ms
111001101001000000000000001010000000,000000000100000001000100010100011110,000110000000111000011000000001000001,000000010010000110100011100000100000,154,1810ms
000010100001001110000011100000000000,100000000100000001010000010010100101,001001011000100000100100000000011000,010100000010010000001000001101000010,52,39453ms
010111010000001000000010000000010001,001000000001100011001000000110000100,000000001010010100000100100000101010,100000100100000000110001011001000000,62,4098ms
111001100000010001000000000010000100,000110011010000000001010100000000001,000000000101000110000101010100001000,000000000000101000110000001001110010,143,15301ms
010001001000101000000000010000101010,101000010011000100100000000100000100,000010100100010011000001100000010000,000100000000000000011110001011000001,33,13071ms
100001110000000100010110000000000100,010010000000001010001000101010000010,001100000111010000100000000100001000,000000001000100001000001010001110001,139,615ms
111101000000000100001001000000000100,000000110011000011000010000100010000,000010000100010000100000110000101001,000000001000101000010100001011000010,142,2016ms
011001111000100000000000000000100010,000100000001000010000010011100001001,100000000110001100100001100010000000,000010000000010001011100000001010100,157,790ms
001001111000010000000010000000011000,000000000011100100010000000001100011,010100000000000010101100010110000000,100010000100001001000001101000000100,95,6987ms
110111100000010000000001000000000100,000000001011001100000100010000000011,000000010000000011100000101101010000,001000000100100000011010000010101000,170,708ms
101000111010010000100000000000100000,000100000100100000000010001010010011,000010000000000101000000110101001100,010001000001001010011101000000000000,110,13905ms
110100111000000010000000000000010001,000000000001100000001111100000000110,000001000100001100010000011011000000,001010000010010001100000000100101000,144,1559ms
010011001100100001000011000000000000,100000010011001000000000001100000101,000000000000010010110000110001011000,001100100000000100001100000010100010,80,65405ms
100111001000100001000010000000000100,001000100100010010100000100001001000,010000000011001000011001000100100000,000000010000000100000100011010010011,143,2051ms
101010111000000001001000000000000010,010000000000001100010001001100001001,000100000011100010100100010000000100,000001000100010000000010100011110000,132,1746ms
100101100001000001000010110000000000,000000010000000010011100000010000111,011010000100011000000000001000101000,000000001010100100100001000101010000,153,3416ms
101101111000001000000000000000000001,010000000101000000100111000001000010,000010000000010101010000101000100100,000000000010100010001000010110011000,128,1248ms
010001111010000001011000000000000000,101000000100010000000000100001010101,000010000000101110000001000100100010,000100000001000000100110011010001000,67,44824ms
111110000100000000000000101001000000,000000100010100001010000000100100011,000001011001000010000011000000010100,000000000000011100101100010010001000,132,3227ms
111011001000000000000100100000001000,000000000000010011010000011100010010,000000000000101100101010000010100001,000100110111000000000001000001000100,157,5747ms
111011101000000010000000010000000000,000100000001100000111000100000000011,000000000110011001000000001010101000,000000010000000100000111000101010100,157,2631ms
011111110000001000000000000000010000,100000000000010000101111000000000101,000000000101000010010000111010000010,000000001010100101000000000101101000,122,26780ms
110001111000000000000000000011000010,001000000010001100001001100100100000,000110000100000000010100011000001001,000000000001110011100010000000010100,156,516ms
111110110001000000000000000001000000,000000001000101110100000100010000001,000000000100000001010100011000111000,000001000010010000001011000100000110,170,6688ms
101000010000010010000000001110010000,010001100100100000001011000000000010,000010000001000100010100100001100100,000100001010001001100000010000001001,74,5778ms
100010111000010000000000000010110000,000101000000000000001010100000001111,000000000111000010100100011001000000,011000000000101101010001000100000000,120,46226ms
101000001010000000001001100000000101,000011110000000010000110001100000000,000100000101100100010000000001101000,010000000000011001100000010010010010,82,6176ms
010110011100000000000000010010010000,000000100010000110010000000001100011,001000000001111001001000001000000100,100001000000000000100111100100001000,77,24847ms
010111001100000000000011000000000010,001000000000000101100000011001101000,000000100011111000010000000100000100,100000010000000010001100100010010001,113,7388ms
111000001001100001000000100010000000,000000000100011110000110000000000101,000111000000000000110001010000100010,000000110010000000001000001101011000,177,1492ms
100100001000000100011000001010000001,000000110001001001000010110000000010,011011000110000010100000000001000000,000000000000110000000101000100111100,157,1256ms
110100000000001000000001110010010000,000011000001100011001100000000000100,000000010110010000000010000101000011,001000101000000100110000001000101000,157,4860ms
000100101010000100100000000010110000,001000010100110001010000000101000000,010001000001000000000110111000001000,100010000000001010001001000000000111,72,5609ms
001110111000000010000010000010000000,010001000000100100101000011100000000,100000000010000000010001100000011101,000000000101011001000100000001100010,140,29577ms
101000101100001000000000100000010001,000100000010000111000010001010000100,000000010001110000010000010000101010,010011000000000000101101000101000000,77,13306ms
100100100000000000000101000011001100,000010000001011010010000110000010000,011001011000000100100000000000100001,000000000110100001001010001100000010,157,1261ms
110010111000000001100001000000000000,001001000100001100000000000010000111,000100000000100010010110100100100000,000000000011010000001000011001011000,157,46820ms
100011111000000000001000001000000001,010000000100000000100011100011100000,000000000010001011000100000100001110,001100000001110100010000010000010000,114,8728ms
011001100000110000001000000001000010,000000000000001011110110110000000000,100000001000000000000001001000111101,000110010111000100000000000110000000,111,215963ms
110111011000000001100000000000000000,000000000000000110001101000111001000,000000000100101000010010010000110010,001000100011010000000000101000000101,177,1303ms
101111000000001000000000000000101001,000000000101000010000000011011010100,010000000000110101010100100100000000,000000111010000000101011000000000010,156,5205ms
001011100000001000001000001000010001,000000010000010111000100100010001000,000100001110100000100000000101000010,110000000001000000010011010000100100,105,1432ms
110001010001000000000010000001100001,000110000110010000110000000010000100,000000100000101010000101011000000010,001000001000000101001000100100011000,83,5980ms
011011001010000000001010000000100000,000000100100011010000001010000000110,100000000000100100110100100000001001,000100010001000001000000001111010000,157,804ms
000011110101110000000000000001000000,000000000010001110001000011000010010,100100001000000001100001000110000001,011000000000000000010110100000101100,140,8670ms
001111101000000000011000010000000000,000000010010110110100010001000000000,110000000101001000000000000101001010,000000000000000001000101100010110101,177,2676ms
101010010000000000010010000011010000,010000001000100000001001111000000001,000101100011000010000000000000101010,000000000100011101100100000100000100,132,52902ms
001011010000000010000001100001010000,000000100100101000101000000110000100,010100001001000001000000011000101000,100000000010010100010110000000000011,44,3689ms
110111101000000000001000000010000000,000000000100111000000100100001100001,001000010000000011110010000000001010,000000000011000100000001011100010100,177,48ms
100110010000011010000000000000110000,000000000010000001001010011011001000,000001101001000100100000000100000101,011000000100100000010101100000000010,136,9091ms
111110101000000000000100010000000000,000000000100011000111000100000000101,000000010000100001000000001110111000,000001000011000110000011000001000010,154,833ms
000101110100001000100000010100000000,100000000000000000001101100001101010,000010000011000101000010001000010100,011000001000110010010000000010000001,78,15149ms
101110010010010000011000000000000000,010001000000000100000011010010000011,000000101000101000100100100001100000,000000000101000011000000001100011100,149,2040ms
001000000010000100110010000101100000,010011000000000000001100101000001010,000000110101011000000000010000010100,100100001000100011000001000010000001,47,29563ms
000010111100000000100001010000010000,000101000011110000010000000010000001,011000000000001000000110000001101100,100000000000000111001000101100000010,76,11854ms
110010100001001000010000000010100000,000001000000010011100101001000000001,001100001000100100000000000100001110,000000010110000000001010110001010000,157,2783ms
011011110010000010000010000000000000,000000000000100101000000101000011110,000000000001010000011101000111000000,100100001100001000100000010000100001,70,23332ms
110111110010000000000000000001000000,001000001101100010010000000000100001,000000000000011101100010101000000010,000000000000000000001101010110011100,147,12322ms
010110100000000010100010100000000001,001000000001111000000000001001101000,000001001000000101011000010110000000,100000010110000000000101000000010110,129,1267ms
101011101000000000100000010000010000,010100000001001000010001001001000100,000000000110100110001000100100000001,000000010000010001000110000010101010,143,6641ms
010001100101000000000100001000010001,000010010000101000100000100110001000,100100001000000000011001010000100100,001000000010010111000010000001000010,157,4312ms
100000011001100001000011100000000000,000001100100001000000100000100010011,011000000000010110100000000011001000,000110000010000000011000011000100100,129,8761ms
001011101001001010000100000000000000,100000000000110000010000010010011010,000000000010000100001011100001100001,010100010100000001100000001100000100,39,51815ms
110010110100000110000000000100000000,000001001000101001100100000000101000,001000000011010000000000101000000111,000100000000000000011011010011010000,157,232ms
100000111000001010000110000000000100,000101000100010000100000000000111010,000000000010100100000001110011000001,011010000001000001011000001100000000,49,4656ms
010000100100100000000100010001000110,001000001011010100001000100000100000,100011000000001001100000001010001000,000100010000000010010011000100010001,124,5984ms
111110011000010000000000001000000000,000000000010100100101100100001100000,000000000100000011000011010000011001,000001100001001000010000000110000110,170,3965ms
111100100000000101000000000100010000,000001000001000000001110001001000101,000010010000010010010001000000101010,000000001110101000100000110010000000,129,3319ms
001110011000000000000001110000100000,000001100001001100100010000000010010,100000000110010010011000000010001000,010000000000100001000100001101000101,161,6664ms
000110101001000011000000010000010000,000000000000001000001110100101000101,101001000010000100010001001010000000,010000010100110000100000000000101010,127,18584ms
111111110000000000000000000000000100,000000000100000010001111100100100000,000000000001110100010000000001010011,000000001010001001100000011010001000,162,3130ms
100100101000000001000001010100000001,011010000111010000000000101000000000,000000000000001010100110000001101010,000001010000100100011000000010010100,82,14710ms
000110010000100000100100000010000011,100000000001000111000010001001000100,000000000100011000011001100100100000,011001101010000000000000010000011000,75,7204ms
100010011001000000000000101000010100,000100000110010000011001000110000000,000001100000000110000100010001100001,011000000000101001100010000000001010,66,272ms
111001111000000010001000000000000000,000000000101000001000000110100001011,000000000000010000110001001011100100,000110000010101100000110000000010000,157,4371ms
110101010111000000100000000000000000,000010001000100011001000110000000001,001000000000000000010101000110001110,000000100000011100000010001001110000,157,149ms
001110110010000010001010000000000000,000000000000110000010100010010100011,100000001000000001000000101001011100,010001000101001100100001000100000000,122,26533ms
011011011001000000001000100000000000,000000100010100001100010000101100000,000000000100011010010100000010001001,100100000000000100000001011000010110,105,24425ms
110100101001000000110000000000000010,000001010110000111000011000000000000,001000000000010000001000010110011100,000010000000101000000100101001100001,157,5567ms
111111010000000000000000000100000100,000000001101001000110000000011000010,000000000010110010001000000000111001,000000100000000101000111111000000000,163,3771ms
111000010000000100000100100100000100,000011000000010001000000010011000011,000100001100101000010010001000010000,000000100011000010101001000000101000,154,2546ms
101011111000000001000000000000000010,010000000001100100000000010001001101,000000000000010010111110001000010000,000100000110001000000001100110100000,129,2760ms
110101110010010000000000000000000100,001000000001100000011000001100100001,000000001000000110100101100001010000,000010000100001001000010010010001010,118,2204ms
110011111000100000001000000000000000,000000000010000000010110111100000100,000000000101001101000000000001110010,001100000000010010100001000010001001,157,6169ms
010101101100010000001001000000000000,000010000000100001010100100000110010,000000010010001100000000010110001100,101000000001000010100010001001000001,91,8332ms
100001000101000100001000100000100100,010000000000110001100000001111000000,000100101010001000000011000000000011,001010010000000010010100010000011000,63,890ms
011001110100000100001000000000100000,100010000001100010010100100000000100,000000000010000001100011001010001001,000100001000011000000000010101010010,105,37884ms
100010100000000100000110011000100000,010000000111100000101000000110000000,000001010000011010000000100001000101,001100001000000001010001000000011010,71,7799ms
111101011000000000000000000110000000,000000000110101001001001000000001001,000010100000000100010110010000000110,000000000001010010100000101001110000,157,12ms
