build/simulation
110011011000000010000010000000000001,000100100000100100000001100110000100,001000000010001001110000000000011010,000000000101010000001100011001100000,145,557ms
110100111000100000000100000001000000,000011000000000010000011110000100001,001000000100010000110000001010001010,000000000011001101001000000100010100,157,151ms
001001010110000000000000001010100010,010100000001100100110000000000001001,000000100000011011000010000100010100,100010001000000000001101110001000000,45,9081ms
001111110000000000100010000010000000,000000001011000111000000000101001000,110000000100010000011001010000000100,000000000000101000000100101000110011,177,886ms
000010110100100000000001010000011000,000001000000001110100010000010000110,101100000001010000000000101001000001,010000001010000001011100000100100000,90,538ms
011010011000011110000000000000000000,000100000000000000010110100011010010,000001100000000001100001010100100001,100000000111100000001000001000001100,93,89245ms
000111010000000000000111000100000001,010000000010000001001000010011000110,000000100001110010100000100000110000,101000001100001100010000001000001000,86,9782ms
101011010000000001010001000000000010,000000001001001000000010100101101000,000100100100010010100000010010000001,010000000010100100001100001000010100,150,468ms
100111100100000000000000000100010001,000000010011110000000010001000001010,000000001000000001101101010000100100,011000000000001110010000100011000000,159,121ms
101100101001010000000000001100000000,010000010110100100011010000000000000,000000000000001000000100110000111101,000011000000000011100001000011000010,96,21202ms
100000000110001000001000001000001011,011101000000000101000000010100000100,000010000000010010100101100000110000,000000111001100000010010000011000000,91,1481ms
110011100100000000000000010000101000,000000011001001100001000000010010100,001100000000100010000100001101000010,000000000010010001110011100000000001,151,317ms
000001100000100000100100000011010010,000100000000011000001011010000101000,111000011000000100000000101000000001,000010000111000011010000000100000100,144,1283ms
011111001000000000001000000001100000,000000100110001001000100000000000111,100000000001100000000011100010011000,000000010000010110110000011100000000,177,720ms
101000000000010000110000101000100010,010110001000000001000000000101010001,000000110110000110001100000010000000,000001000001101000000011010000001100,90,25667ms
001011011001000000000000100100000010,000100100010000000010010010010010001,000000000000001111101000001000100100,110000000100110000000101000001001000,71,7497ms
001100010010001011000001000100000000,000001001000100000101100000000001011,100000000101000000010010000010110100,010010100000010100000000111001000000,124,9477ms
111110101010000000000100000000000000,000000000100001100000000110001011010,000001010000100011110001000000000100,000000000001010000001010001110100001,177,524ms
110101001000000000010000100000010100,001000010001100110000100000010100000,000010000110001001101000000000001010,000000100000010000000011011101000001,157,1651ms
111010100000001000000100000100010000,000001010001100000110000001000100001,000000000010010101001001100001001000,000100001100000010000010010010000110,118,10201ms
010010011000001000000000000110010100,001100100001100011000100000000100000,100001000000010100000010011000000011,000000000110000000111001100001001000,128,35459ms
111011010000010000000000000001100000,000000000100000101100001110010000010,000100101000000000000100001100011100,000000000011101010011010000000000001,157,207ms
110110101000010000001000100000000000,000000000111100000100010010101000000,000000010000001101000001001010000011,001001000000000010010100000000111100,126,9720ms
110000111000000000110001100000000000,000000000000110000001010010011100010,000110000011000110000000000100011000,001001000100001001000100001000000101,177,2352ms
100000001100101100000000101000010000,000100000000000010101011000100100001,001001010010000000010100000011000100,010010100001010001000000010000001010,99,5191ms
010111001000011000000000000000011000,100000000100000010111100000000100010,001000100001100000000001110100000100,000000010010000101000010001011000001,104,10779ms
000000101000100000000110011001010000,000000000101001000100001100010001100,100011000000010010010000000100100010,011100010010000101001000000000000001,71,16893ms
101110111010000001000000000000000000,000000000000010100110010010010011000,000000000101001010000001000001100011,010001000000100000001100101100000100,152,7228ms
010001001010001010000000000010000011,000110000101000000100101000001000100,100000010000000101010010001100001000,001000100000110000001000110000110000,140,1264ms
100000011001000001000010100000000110,000000100000001110111100000000100000,011010000000010000000001010001001001,000101000110100000000000001110010000,95,5323ms
010001110100000000100001000100000001,001000000010001110000000000011011000,100000001000100001000110100000000110,000110000001010000011000011000100000,142,7596ms
110001110000000001001000000010100000,000000001000000010000100101100001011,001000000101001000010001010001000100,000110000010110100100010000000010000,136,5199ms
001100011000001100000000001000000011,010010000011000010100010000010100000,000001000100010000000100110100011000,100000100000100001011001000001000100,53,2427ms
001011000001000000101000100001001000,000100111000011000000000010100100000,010000000110100000010100001000010100,100000000000000111000011000010000011,73,7110ms
000101010000010110001000100000010000,011000001001001000000110000010000001,100010000000100001000000001101101000,000000100110000000110001010000000110,96,4918ms
101000111010001000000000000001100000,000110000101000100100001000000000011,010000000000100010000100101000011100,000001000000010001011010010110000000,114,4801ms
110100100000100000000100000100110000,000000001001000001101000001001001001,001010010010010000010000000010000110,000001000100001110000011110000000000,137,8703ms
110000001111000001000000001010000000,000100000000011100001010100000001001,000011000000000010110100000000110010,001000110000100000000001010101000100,141,2869ms
010000100010110100000000000000011010,000001001100000001001000110010000100,100010010001000000100101001100000000,001100000000001010010010000001100001,143,2554ms
110110011100000000100010000000000000,001001100000011000000101000000000011,000000000011100100010000010011100000,000000000000000011001000101100011100,155,8565ms
111111000000000100001000000000001000,000000010100100010000000010000110101,000000100001001001100110100100000000,000000001010010000010001001011000010,177,681ms
011110111000000001000000000000001000,000001000101000000000110000100110100,100000000010101000111000100000000010,000000000000010110000001011011000001,177,2049ms
000011101100000001010000010000000001,100000000010000000100000101011010010,001100010001100000000010000100101000,010000000000011110001101000000000100,66,12486ms
101100111000000001000001000001000000,000001000011000000100010010100100100,010000000100101110010000001000000010,000010000000010000001100100010011001,157,1432ms
000010111000100100100010001000000000,000100000101001000010001000000101001,110000000000010010000000100101010100,001001000010000001001100010010000010,144,5702ms
001110100000000000100010001010100000,010001000100000000010000010101001100,000000010011101000001001100000000010,100000001000010111000100000000010001,74,19452ms
000101011000000100010110000010000000,100000000000100001100001010100001010,001000100010001010000000101001010000,010010000101010000001000000000100101,36,5738ms
010100101110000000010000000000010010,101000000000011011000010000100100000,000001000000100100000101100001000101,000010010001000000101000011010001000,39,1990ms
000000111000000010100000001010100010,000000000110101001010100000000000101,001011000000010000000011110000010000,110100000001000100001000000101001000,41,15197ms
111101110000000000000100100000000000,000000001000010010001000011010000110,000010000100000101100000000001011001,000000000011101000010011000100100000,157,89ms
110000101100000010000100100100000000,000010000000010000100011000000110110,001000010010001001010000000011001000,000101000001100100001000011000000001,157,561ms
010101011100100000000000100000000100,001000000000000011111010000000010010,100000000010010100000000011101000001,000010100001001000000101000010101000,157,662ms
110010101000000000100101000100000000,000100000000001011000000011000000111,001000010101100000010010000000011000,000001000010010100001000100011100000,157,49ms
001000101010010000001000011000010000,000000010000001001110011100100000000,010100000100000010000000000010101110,100011000001100100000100000001000001,78,20505ms
100100101001000100000000000001100001,010010010010000000010011010000000010,000001000000011001101000000010001100,001000000100100010000100101100010000,93,5747ms
101001111001000000000000010000100000,010110000000000000100010000100011100,000000000000111000001001100001000011,000000000110000111010100001010000000,76,96012ms
000110100100001000000100100100000100,001001010010000000110000001011000000,010000000001110001001001010000000010,100000001000000110000010000000111001,70,4492ms
111000100000000000110001000100010000,000011010000000111000010010000000010,000100001000100000001100001011000100,000000000111011000000000100000101001,157,513ms
001010100000101000000000010001100001,010000000100000001101000100000010110,100100001001010100010000001000001000,000001010010000010000111000110000000,95,4793ms
000110101000010000010000000010010010,110001000010001001000101000001000000,000000000101000000101010100000101001,001000010000100110000000011100000100,83,6702ms
011110101000000000100000100000100000,100000010000100101010000000001001100,000000000011011000000001001110000010,000001000100000010001110010000010001,132,11863ms
111101000000100000011000000010000000,000010010100001100000001001100000001,000000101011010011100100000000000000,000000000000000000000010110001111110,134,6781ms
011101001010100000000000010000000010,000000000000010001011100101000000101,100000010100000000100001000011101000,000010100001001110000010000100010000,157,354ms
000011000010010010000000011000100100,000100010000001001000011000000011010,100000100001000000111000000101000001,011000001100100100000100100010000000,102,723ms
110101100000001100000000000100000001,001000000001010001110100000010001000,000000000000100000001011010000110110,000010011110000010000000101001000000,122,27852ms
001001001001000000001000011011000000,110000010110000011000000100100000000,000100000000000100000101000000111110,000010100000111000110010000000000001,14,1981ms
011011100000110100000100000000000000,000100001100001000000000110110100000,000000000001000001101010001000011010,100000010010000010010001000001000101,99,17134ms
110000110000000000101010100000001000,001000001100100100000100000111000000,000000000011001011000001011000000010,000111000000010000010000000000110101,115,17177ms
011101010000000000010100001000100000,000010000000001110000000010110011000,000000101000010001100010000001000101,100000000111100000001001100000000010,104,18517ms
100000101001010000010000000000101010,001010000010000111001010010000000000,010000000100001000100100100001010100,000101010000100000000001001110000001,114,7136ms
110011110000000000000010000010100000,000000000001111000100000101000001010,000000000110000000010100010101010100,001100001000000111001001000000000001,135,14965ms
100010111000000011000000000000010100,011000000100100000010100100000001010,000100000010000100101001000111000000,000001000001011000000010011000100001,130,432ms
101001100000000101011000100000000000,010110000110000000000110000001000010,000000000000011000100001001110010100,000000011001100010000000010000101001,123,10568ms
101101111000100001000000000000000000,000000000101000100001001010011001000,010000000010001000000110100000110010,000010000000010010110000001100000101,136,2619ms
100010000100100011001000100000010000,001000100010000000010100010110100000,000100010001000100100001000001000101,010001001000011000000010001000001010,91,2315ms
000111100000100000000000000100110001,110000000001010000100010011001000000,001000001010001101000100000010000010,000000010100000010011001100000001100,103,21166ms
110101111000000000000001001000000000,001000000000100000000100100101011100,000010000010000100111010000010000001,000000000101011011000000010000100010,157,179ms
010000000001000101000001100001000011,000011101000100000010000000010010100,100100000100010010100100001000100000,001000010010001000001010010100001000,83,2878ms
100110110000001010000000100000000001,011000000101000000000000011000100110,000001001010000001100010000110010000,000000000000110100011101000001001000,139,1491ms
000100111100001000010000010000000010,010001000011100000001010000010001000,101010000000000111000001100000010000,000000000000010000100100001101100101,104,8251ms
101101110000000010000000100000001000,000000000100011001010100010110000000,000010001000000100100010001001100100,010000000011100000001001000000010011,135,1367ms
010101000000000001100001100100100000,000000110010101010000000000011001000,100000000100010100001110010000000001,001010001001000000010000001000010110,142,29108ms
100100111010000000000000010000010001,001001000000000100010001000011001010,000000000001100010001110001100100000,010010000100011001100000100000000100,94,33692ms
110011001000100000010000000101000000,000100100110011010000000000010000010,000000010001000001100001011000101000,001000000000000100001110100000010101,134,5614ms
011111011000100000000010000000000000,100000000010000101100001110010000000,000000100100000000010100001101001001,000000000001011010001000000000110110,123,45303ms
000001001000000110110000001000100001,111000000001000000001000010110001000,000110000110011000000000100000010010,000000110000100001000111000001000100,55,873ms
110111001000000000010000100100000000,000000100001000011101000010000000011,001000000100100100000001001000110100,000000010010011000000110000011001000,173,244ms
011111100010000000000000010000000100,000000001000010000100000100111100010,100000000100100111010001001000000000,000000010001001000001110000000011001,177,1923ms
000110000000101100001011010000000000,010000011101000001000000000100001010,100000100010000010110100100000000100,001001000000010000000000001011110001,82,213684ms
100101100000000011000000011000100000,010000010000111000001101000010000000,001010000100000100100010100001010000,000000001011000000010000000100001111,123,6740ms
111101111000000000010000000000000000,000000000100110001100001000100100100,000010000001001100001010101001000000,000000000010000010000100010010011011,140,455ms
000110111110010001000000000000000000,111001000000001000000000000001101001,000000000001000100011110001010000010,000000000000100010100001110100010100,77,72215ms
101001001000100000101100000010000000,010100110100000001000000000000101100,000010000000000010010001001101010010,000000000011011100000010110000000001,106,40587ms
101011001110000001000000000000000100,000000010000110010101000100001100000,000100100001000100000001010010011000,010000000000001000010110001100000011,143,509ms
101010010100000000010001000000100100,000000101010100000100000000110010001,010001000001011100000000011000000010,000100000000000011001110100001001000,143,1231ms
100101010000000100011000000001001000,010000101000100010000000010010000110,000010000100000001100100001100110000,001000000011011000000011100000000001,129,1067ms
101011110000001000000010000001000000,000100000100100110100001010000000001,010000000000010000010000101010101100,000000001011000001001100000100010010,133,1903ms
100100110001000000110010000001000000,000000001000010110000100100000101001,011011000010000000001001000010000100,000000000100101001000000011100010010,157,101ms
011110010100000100000000010010000000,100000000000100001100011000000010110,000000100001001010000000101000101001,000001001010010000011100000101000000,90,7856ms
011101000000000001001000000100100001,100000000000000100010001111000011000,000010110001100010000110000000000100,000000001110011000100000000011000010,86,13795ms
011101111000001000000000001000000000,100000000111000000011000000001001001,000000000000100010100101000010110010,000010000000010101000010110100000100,102,52694ms
000010101000000110000010000100010001,100001000010000000010000001010101100,001100010101101000000100000001000000,010000000000010001101001110000000010,72,21162ms
001010111100010000001000000010000000,000000000010000000010100110101001100,110100000001001101100000001000000000,000001000000100010000011000000110011,157,807ms
000010100000110000000000001100010101,101000010100001000101000010000000010,010001000011000011000011000010000000,000100001000000100010100100001101000,32,13016ms
011100000010000100010001000001000010,100000010100111010000000000100000001,000000001001000001100100100010110000,000011100000000000001010011000001100,57,34596ms
110111110000000000010001000000000000,000000000011100100100010000010010100,000000000100011010001000000101001001,001000001000000001000100111000100010,161,4390ms
100100011000100000000110000001000010,000000000010011110001000100100000001,010000100101000000110000011000100000,001011000000000001000001000010011100,157,6681ms
011000000000010000100011001110000000,100001010100000100001000100000000110,000010000011001011010000010000001000,000100101000100000000100000001110001,62,5457ms
000111111011000000000000010000000000,111000000000000001101010000000011000,000000000100011000000101001001000101,000000000000100110010000100110100010,92,23964ms
010101110100000010000000000100010000,001010000000000100001000110001100010,000000001000011000100110001000001100,100000000011100001010001000010000001,85,18090ms
110101010000001001000010100000000000,000000001000000000101100001010100011,001010100100100100000000010100000100,000000000011010010010001000001011000,157,9634ms
001101100000000001000010000000100110,100000011001000000010001110000000001,010000000000100010001000001011011000,000010000110011100100100000100000000,59,6671ms
010101010000000100100100000001000100,001000100101011010010000000010000000,100000000010000001001000111100000010,000010001000100000000011000000111001,157,2858ms
101001110000001000000000010001100000,000010000000100110000111000000001100,010000000010010001100000100110000010,000100001101000000011000001000010001,157,42ms
011111010000000000000100000001001000,000000001000010100010001101000100100,000000000111000001100000010100010010,100000100000101010001010000010000001,140,7582ms
111100110000000000000100000100000010,000011000100010001000011000000110000,000000000000100100111000110010000100,000000001011001010000000001001001001,157,204ms
101100110000001010000000000000110000,000001000010000101000111010100000000,010000001000010000010000101010001010,000010000101100000101000000001000101,141,1821ms
001000010100010000110100010000100000,000011000000000001000010000100011011,010100001010100110000000001001000000,100000100001001000001001100010000100,99,55978ms
000001000001010010000000000101110100,101000011010100001000001000000000001,000000000100001000101110100010001000,010110100000000100010000011000000010,35,18192ms
000110011001000100000010000000011000,100001000100110000010100010001000000,010000000000001001001000000010100111,001000100010000010100001101100000000,52,3463ms
001110110000100000000010010000000100,000001000000001011111000000110000000,100000001010010000000101100001000001,010000000101000100000000001000111010,112,2383ms
100001100000010000000000100001010110,000100000000101011100101000000100000,011010011010000100000010010000000000,000000000101000000011000001110001001,131,23961ms
111010111000000010001000000000000000,000100000100011100000000011000000101,000000000001000001000110100111001000,000001000010100000110001000000110010,130,6835ms
001110010000000000010010000000001011,000000000010001100001001010010110000,110000001000100010000000101101000000,000001100101010001100100000000000100,159,12952ms
111110110000010000000000000000000001,000000000111100000000100101011000000,000000001000000111001001010000101000,000001000000001000110010000100010110,141,3220ms
001100110100000000000000001001001010,000000000010000010100101100000100101,010001001001011000010010010000000000,100010000000100101001000000110010000,108,21217ms
000011100000000010001100000100000101,111000000011100100000001001000000000,000000011100010000010010010000101000,000100000000001001100000100011010010,41,5979ms
110101011000000000000000000000111000,000010000000011110000010010001000010,000000000111000000010101000110000001,001000100000100001101000101000000100,157,861ms
000101000010000111010000001000100000,110000000001000000001000110001011000,001000110100100000100101000010000000,000010001000011000000010000100000111,70,16550ms
011010010001000010010100000100000000,000101000000001001000001011010010000,100000100100100100000010000001000110,000000001010010000101000100000101001,157,506ms
011010000100000000010000100001100001,000000100000000101000100011000001110,100001001010010010101010000000000000,000100010001101000000001000110010000,157,295ms
101010100001001000010010000000000100,000001010000000101100100000000010011,000100000000110000000001011101100000,010000001110000010001000100010001000,107,1871ms
111111010000000000000000001010000000,000000001010011001100000010000001001,000000100101100100000000000100100110,000000000000000010011111100001010000,177,91ms
011011001000000100000000001000100010,000000000100000001101011000110000001,100100000011000010000100000000011100,000000110000111000010000110001000000,149,4481ms
000000001000111100100001000100000010,001011000011000001001000000000010001,000000000100000000000100011011101100,110100110000000010010010100000000000,16,3554ms
010001100000010000000000011010001010,101100000000000010001000100100000101,000000010101101001010101000000000000,000010001010000100100010000001110000,47,10662ms
100011101000010011000000000000100000,001100010000001000000001111000001000,000000000011000000101100000101000101,010000000100100100010010000010010010,109,21517ms
101000101010100001001000000000100000,000110000100001000000010000001000111,010001010001000010100100000100001000,000000000000010100010001111010010000,143,3003ms
010001011010000100000000101000001000,000000100000101000100111000000000101,100100000101010001001000000001010000,001010000000000010010000010110100010,142,6268ms
011101100000100100000000000000010001,000000011100000011101001010000000000,000000000010001000000110101010000110,100010000001010000010000000101101000,72,48657ms
011001111000000000001000000011000000,000010000001010010000111000000001001,100000000000101000110000101000100100,000100000110000101000000010100010010,157,439ms
101101000100101000000000000100001000,000010101000010101000010110000000000,010000000011000010010001000011000010,000000010000000000101100001000110101,157,33582ms
010010010000000000000001000110000111,001000001000010001001000010001110000,100000100100101000100110100000000000,000101000011000110010000001000001000,157,11273ms
110010110100000010010001000000000000,000000000011101100000100110100000000,000000001000000000101010000001110011,001101000000010001000000001010001100,142,11109ms
100101111000000000000011001000000000,010000000001000011100000000011010010,000010000110001000011000010000001001,001000000000110100000100100100100100,144,142ms
110111000000000010100000010000000010,001000000000100001010001000001001101,000000111011010000000010100000010000,000000000100001100001100001110100000,161,2981ms
110001111010000000001000000000000010,001100000000010001100011101000000000,000000000001100100010000000110101001,000010000100001010000100010001010100,157,61689ms
111001011000000110000000000000000001,000000000011001000001000010010101100,000000100100110001100000001100010000,000110000000000000010111100001000010,157,2536ms
101110101000000010000010000000001000,000000000000100000110000100011010011,010000000101001000001100000100100100,000001010010010101000001011000000000,177,6592ms
100001111000001100010000000000100000,000100000010100001100001010010000010,000000000100010000000110100101001100,011010000001000010001000001000010001,117,4355ms
001101111000000000000000000000011001,000010000101010010000000010011100000,110000000000001101011000100100000000,000000000010100000100111001000000110,157,343ms
011011011000000000010001000000000100,100000100011001010001000000000010010,000100000000000100100010111101000000,000000000100110001000100000010101001,119,7068ms
011001011000000000100000100000010001,000110000001000000000110000110100010,100000000010011101001000000000001100,000000100100100010010001011001000000,137,14180ms
110100101010000000000100000000001010,001011010000000001011000100100000000,000000000001101100100010010001000001,000000000100010010000001001010110100,100,61141ms
111000001110000000000000100001000010,000110010000001000000100001100110000,000001100001100110000010010000000001,000000000000010001111001000010001100,129,3695ms
001011001000000100001010100100000000,100000000111000010010001000000010100,000100010000001001100100000000101001,010000100000110000000000011011000010,77,3566ms
000111101100000000000001000010000001,101000000010000001010110000000001100,000000010000001110001000001100100010,010000000001110000100000110001010000,90,1149ms
111100101000000010000001001000000000,000000000100111001000000000101010001,000011000011000100001000110010000000,000000010000000000110110000000101110,135,26862ms
010001000001000001110000000000011001,000100100000000000001110001000100110,100000000010100110000001000111000000,001010011100011000000000110000000000,104,30690ms
000111110101000000010000000000000100,000000001000010000000001001101001011,010000000010101101000100110000000000,101000000000000010101010000010110000,106,19690ms
000100100010010110001001000010000000,000010010000000000000010010001001111,111000000000101001100000000100100000,000001001101000000010100101000010000,143,4821ms
100001000010000011100100010000100000,000010000001001000000001100100000111,010100011000100100010010000000001000,001000100100010000001000001011010000,135,4118ms
100110011100001000000000000011000000,000001100010000101001000010000000110,011000000001000000000111101000000001,000000000000110010110000000100111000,177,433ms
001111001100000000000010000000100100,000000110000011000010001000100011000,110000000010100101000000001001000010,000000000001000010101100110010000001,177,443ms
100111010000000000000100000001010001,010000100000100111010000000100000010,001000001111000000101011000000000000,000000000000011000000000111010101100,161,12620ms
000101100110001010001000000001000000,100000000000010100000101100100011000,011010010000000001000010000000100110,000000001001100000110000011010000001,86,10016ms
100101110010100001000000000000100000,000000000100001100000010010110010010,000000001001010010100001001000001100,011010000000000000011100100001000001,87,51558ms
010111110001010000000000000100000000,000000001010001101101010000001000000,000000000000100010000001110010001011,101000000100000000010100001000110100,92,20065ms
101010101000001000000011000100000000,010001000100000001000000101010010001,000000010010000100101100000001000110,000100000001110010010000010000101000,122,1111ms
011011101000011000000000000100000000,100000000101100010000110000000001001,000000010010000000101000110010010010,000100000000000101010001001001100100,105,4895ms
110000000000010100000000001101100100,000000011001001000001001000010001001,001011000110000010100100010000000000,000100100000100001010010100000010010,157,1281ms
001110011000010001000000000100001000,010000000110000000000001001011010100,100000000000101110100100100000100000,000001100001000000011010010000000011,165,3588ms
000011110000000010101010000000010000,000000000100011000010000001110101000,100100000010000001000101100001000001,011000001001100100000000010000000110,91,21702ms
001101110001000000000001010000010000,000000000100011001111000000001000010,100000001010000100000100001100001001,010010000000100010000010100010100100,121,4310ms
110100010010000000000010000100000011,001001001000001001100000001001001000,000000000101110000001100000010100100,000010100000000110010001110000010000,143,4347ms
000101111100000000100000100010000000,001000000001110001000001010000011000,010010000000001110010000001001100000,100000000010000000001110000100000111,88,2172ms
011111000001000000000100000010001000,100000000100000010011001000101000010,000000011010011101000000000000110000,000000100000100000100010111000000101,102,11472ms
101100001001100000000101000010000000,010000000010001000001010110000010010,000010010000010101000000001001001100,000001100100000010110000000100100001,91,3216ms
011100011000001001000010000001000000,000000000001010110000000111000011000,000010100100100000110100000010000001,100001000010000000001001000100100110,99,6252ms
110001100010001000001101000000000000,001110000100000001000000000111000010,000000010001010100010010101000000100,000000001000100010100000010000111001,100,27656ms
011000100000010000100101001000010000,100010010100100001010000010010000000,000100000001000110000000100101100001,000001001010001000001010000000001110,85,6746ms
000000010100000000001100101000100110,000101001001010010100000000100010000,000000100000001101000010000011001001,111010000010100000010001010000000000,0,853ms
100010001010001001000000001100000100,010101000000010100000010000000011010,000000000101000010101101000000100001,001000110000100000010000110011000000,98,17814ms
101011111000100000000001000000000000,000000000110000011000010000101100001,010000000000000100010000111000011100,000100000001011000101100000010000010,128,2703ms
011000010000000101100010000100001000,000110000101000000001000110000100001,100001000000110010000001001000000110,000000101010001000010100000011010000,142,395ms
101111010000000010001000000001000000,000000000010101101010100100100000000,010000100000010000100001010010000101,000000001101000000000010001000111010,177,330ms
111101100000101000000000000000000100,000000011100000000001110110000100000,000010000001010000000001000101011001,000000000010000111110000001010000010,157,1700ms
010111111000010000000000100000000000,000000000111001000000000011110100000,001000000000100110010000000001010011,100000000000000001101111000000001100,99,35906ms
001010110100010000100001000000000010,000101000010000101000110000001000100,010000000001001010001000000100110001,100000001000100000010000111010001000,95,8841ms
110001010100001000100000000100000100,000000001010100010010110100010000000,001100100000010000000000011000111000,000010000001000101001001000001000011,157,155ms
101110110010000000010000000100000000,010000001000010000001101100000010100,000000000000001111100010001010000001,000001000101100000000000010001101010,152,3117ms
111111100000000001000000000100000000,000000000100010000000111100000101010,000000011011100000010000010000000101,000000000000001110101000001011010000,164,247ms
111010011001010000000000000010000000,000100100000000010001010110000001010,000000000110001101110000000000010100,000001000000100000000101001101100001,157,458ms
010101101010010010001000000000000000,001000000001000100110110101000000000,100010000000100000000001000010110110,000000010100001001000000010101001001,137,61527ms
100101000000100100010011000010000000,010010000100000000101100110000000100,001000010011000000000000001000110011,000000101000011011000000000101001000,88,72690ms
110110100000000000010000010100000001,000000000100000101001111100010000000,000001001010111010000000000000001010,001000010001000000100000001001110100,163,4651ms
000100000000010000000110000010111010,011000000000001010111000000100000001,000001001001100101000001100001000000,100010110110000000000000011000000100,0,243ms
101001011100000010010100000000000000,010110100000110000000000000010110000,000000000011001100100010101000001000,000000000000000001001001010101000111,116,206801ms
001100101100000100001100000000000100,000001010000011000110010001100000000,010000000010000010000001010001101001,100010000001100001000000100010010010,63,7910ms
110011010000100011000000000001000000,001000001000001000010001101000100001,000000100101010000100000010100010100,000100000010000100001110000010001010,157,585ms
111011011000001000000000010000000000,000000000001000110000110001100000011,000100000100000001011000100000111000,000000100010110000100001000011000100,157,720ms
100001010010000010000001000100010001,010000001001110000000000101000000110,001010100100000101100000010000100000,000100000000001000011110000011001000,139,1409ms
100010011101000000000001000100000010,000101000000000000010010010001001101,000000000000111110101000001000100000,011000100010000001000100100010010000,114,14934ms
010011100100110000000100001000000000,001000011010000000010011010010000000,100000000000001101100000000100011100,000100000001000010001000100001100011,151,7255ms
100011100000100001001000100100000000,010100000000001000000010000010111010,000000011110010000010100011000000000,001000000001000110100001000001000101,122,5781ms
000101110100000101010000000000000010,010010000010100000101001011000000000,001000000001001000000100000011111000,100000001000010010000010100100000101,46,62918ms
111010010100000010000001000000100000,000000100011010000011000100010000001,000001001000001100000110000000011100,000100000000100001100000011101000010,123,1347ms
010000110100100000100011100000000000,000100000001001000001100010110100000,001000000000010111000000001000011001,100011001010000000010000000001000110,71,17935ms
110111101100000000000000100000000000,000000010010100101010000010001000100,000000000001001010000110000010100011,001000000000010000101001001100011000,162,1599ms
011101011000011100000000000000000000,100000000010000000010101110100000001,000000000100000010000010001010111010,000010100001100001101000000001000100,101,59366ms
000010011011000000000000011010010000,000000000000101100101010100100000010,101000000100010001010000000000101001,010101100000000010000101000001000100,76,6901ms
111110011000010000000000000001000000,000001000011000010001101000100000100,000000100100000000100010101010001001,000000000000101101010000010000110010,177,696ms
110110010000000100010000000100000010,000001000101011001000010001010000000,001000000010100000101000100000100101,000000101000000010000101010001011000,177,191ms
001011100000000000001001101010000000,010000001000001110000010010001100000,000000000011010000110000000000011110,100100010100100001000100000100000001,72,13347ms
010010100000000000001001001100100010,000101000000000100110110100001000000,100000011110101000000000010000000001,001000000001010011000000000010011100,142,45356ms
110100011100000001000000010000010000,001010000000001010001011100000000001,000000100011000100100100001110000000,000001000000110000010000000001101110,157,3374ms
000100101000001000000000101000011100,010011000000000100000100000101100010,100000000100110001011000010010000000,001000010011000010100011000000000001,56,21841ms
000001101000001000000011110100000000,110100000110000010010000000000100100,000000000001110101101100000010000000,001010010000000000000000001001011011,28,24645ms
100011010000000010001010100000000010,001100000000001101000000000011011000,000000100010010000100101011000000001,010000001101100000010000000100100100,98,46392ms
101110011010000000000000001000100000,000000100101001010000110010100000000,000000000000110000110001000001001011,010001000000000101001000100010010100,148,10236ms
011011000000000000000010001110000001,000000110000100101000001100000100010,000100000011001010101000000000001100,100000001100010000010100010001010000,119,1230ms
100111001000010000010000000100000100,000000010100100010000001001010101000,001000100011000100100000110000000010,010000000000001001001110000001010001,177,197ms
010100110001010000100000000100000010,101011000000001100000000000000101001,000000001010000011000011011010000000,000000000100100000011100100001010100,58,21698ms
110101101000100000000001000010000000,000000000100010011010000010000010011,001010000011001100000010000000101000,000000010000000000101100101101000100,133,4318ms
100111011000010100001000000000000000,010000000000001001000000110110000101,000000000100000000000111001001110010,001000100011100010110000000000001000,144,9525ms
100011000000000000000001001100010101,001100001000000100010100110000000010,010000100111100010000000000011000000,000000010000011001101010000000101000,133,3232ms
100110101000000101100000000000000100,001000000100000000010010110011100000,000000000001100010000100001100010011,010001010010011000001001000000001000,122,9138ms
101111011001000010000000000000000000,000000000000001001100110000011100001,000000000010010000011001100100011000,010000100100100100000000011000000110,138,32103ms
101001010010000000001110010000000000,010110001001100100000000000101000000,000000100000010011000001100010100010,000000000100001000110000001000011101,69,41247ms
010110110000000000000011000000100001,001001000000101100001000000100010010,100000000101010010100000110000000100,000000001010000001010100001011001000,177,3674ms
010011110010000000100000000000010100,001100000000000101010000000010101001,100000000000011010000011101100000000,000000001101100000001100010001000010,142,2788ms
011100001010100001010000000000000100,000000010000000000001111000101001001,100011100100000100000000010010100000,000000000001011010100000101000010010,157,1076ms
011110000000100001000010100000001000,100001011010000010101000000000000001,000000000000001000010101010011000110,000000100101010100000000001100110000,65,17543ms
111111011000000000000001000000000000,000000000000010000001000110111010001,000000100001000111000010001000101000,000000000110101000110100000000000110,166,248ms
001101001000000000000000101000100110,000000000000001111100110000001000001,110000000110110000000001000100001000,000010110001000000011000010010010000,157,224ms
100000010010011000101000100000001000,011100000100000000010000001101000001,000001100001000111000001010000000010,000010001000100000000110000010110100,55,4819ms
010000101000000000000001000110011001,101001010000000010100000110000000100,000110000110101000001110000000000000,000000000001010101010000001001100010,90,73586ms
001100111000100000010000001000001000,000010000110010011100000000011000000,000000000001001000001010010100100011,110001000000000100000101100000010100,65,11879ms
010100011000000000111000000010001000,100000100010000001000000101100100001,000011000000010000000111010000010100,001000000101101110000000000001000010,75,10008ms
001111101000000000000100000100000100,100000000010000110110000011000100000,000000010101101000001001100000000001,010000000000010001000010000011011010,95,9257ms
100000100010110000000000001110010000,001101001000000100011010100000000000,010000000001000011000100010000001011,000010010100001000100001000001100100,48,2908ms
100001001110100001000001001000000000,011010100000000000110000000000110001,000000010000001110001010110000000010,000100000001010000000100000111001100,56,57422ms
010000111000100100100100000000001000,001110000000010010010000100000100001,100000000010001001000011000001010100,000001000101000000001000011110000010,103,9302ms
010000001101010001100101000000000000,000111010000001000000010000000110010,001000100000000010010000000111001100,100000000010100100001000111000000001,100,21733ms
110010111000000000100000001000100000,000000000011000000010000100101001110,000000000100100011000010010010010001,001101000000011100001101000000000000,122,84890ms
011010101000100100010000000000000010,000001000010000000100011100000110001,000100000100011010001100011000000000,100000010001000001000000000111001100,83,62589ms
011001000000000000000101001110000001,000000010011000100001010000000001110,100110100000100011010000000000010000,000000001100011000100000110001100000,177,433ms
000111001001000001001001000000010000,100000000000101100010100011000100000,000000110110010010000000000100001010,011000000000000000100010100011000101,94,56935ms
101011101000000001000000000010000001,000000000000100100100110100101100000,000000000001001010010001011000000110,010100010110010000001000000000011000,80,62285ms
101001101000001000000000110000000100,010010010101000001000100000100000001,000000000000010000100011001011010010,000100000010100110011000000000101000,96,13106ms
100011011000001000001001001000000000,001000100110000001000000100000001101,010100000001000010000010000101010010,000000000000110100110100010010100000,153,5330ms
101110001001000000010000000100010000,000000100000010000101110001010100000,000001010000000110000001110000001100,010000000110101001000000000001000011,120,3435ms
010110101000010000100001001000000000,001000000100001000011000100010001010,100000010000100010000100000001110100,000001000011000101000010010100000001,171,1344ms
100001011100000001000011000000000100,001000000000101010000100110100100000,010100000010000100000000001010001011,000010100001010000111000000001010000,136,420ms
001100000000100000010000010001110010,100000101000000001001011100000001000,010011000010011000100100000000000001,000000010101000110000000001110000100,76,27701ms
011010111010000000000000000101000000,100100000100000101000010011000001000,000000000000110010111001000000010100,000001000001001000000100100010100011,95,18459ms
001101011000010000001010010000000000,100000000000101110000001000100010001,000010100001000001110100000000100100,010000000110000000000000101011001010,73,12303ms
110001000000100001101000010000000001,001010100001000100000010000100001100,000100001100010010010001000001000010,000000010010001000000100101010110000,119,3168ms
010010111000010000000000010101000000,100000000011001110110000000000000001,001101000100000000001010000000011100,000000000000100001000101101010100010,102,6936ms
101111101000001000010000000000000000,000000010000010010001001000001011010,010000000010100001100010000010100001,000000000101000100000100111100000100,177,266ms
001111011010000000000000000100001000,100000000100000100000010011001100100,000000000000101010001100100000010011,010000100001010001110001000010000000,80,36283ms
111000101100001000100000000100000000,000101010000010100010000110010000000,000000000010000010001010000000011111,000010000001100001000101001001100000,157,111ms
100101011100000000000000001000001001,000000100000100000101101110100000000,010010000011001000010010000000010010,001000000000010111000000000011100100,142,3232ms
111110010000000000010000000000000011,000000001010000000101110001010100000,000000000000111010000001000101010100,000001100101000101000000110000001000,177,425ms
001001101000000000000110001010000001,100100010000000110110000000000001100,000000000111110000000001010001000010,010010000000001001001000100100110000,51,904ms
110100000000000100000000110100100001,001001000010010000000010001011000100,000000011101000000101001000000011000,000010100000101011010100000000000010,153,566ms
000011010000000100000000100011001100,001000000010100000100101000000010011,010000101001000010010010010100000000,100100000100011001001000001000100000,76,9613ms
110001001000010000000001000110010000,000010000110000000001110001000001010,001100000000101100100000000001000101,000000110001000011010000110000100000,136,816ms
100111101000010000101000000000000000,000000000110001100000010001100010010,000000010001100001010101010000100000,011000000000000010000000100011001101,134,3888ms
100001101000000000010001001001100000,000000000000101000001000010100011101,010000010100000111100000000010000010,001110000011010000000110100000000000,135,20862ms
001100100100000110010000000010010000,100000000001001000000100110100100100,000000001010110000101001001001000000,010011010000000001000010000000001011,58,12293ms
010111011000000000000001100100000000,001000000000011100001100000001011000,100000000011000010110000010000000011,000000100100100001000010001010100100,177,240ms
011110001100001001000100000000000000,000000000010010100000010001011011000,100001110000000010110000000000000011,000000000001100000001001110100100100,177,257ms
111001110000000010010000000010000000,000010000000000000101110010100001010,000000001000101000000001101000110001,000100000111010101000000000001000100,116,16606ms
101011100010000000001000000010000001,000100010000000011100000011000001100,010000000100001100010101000001000010,000000001001110000000010100100110000,147,435ms
111111111000000000000000000000000000,000000000101000000000111100011100000,000000000010101011000000011000000101,000000000000010100111000000100011010,177,51ms
100110010101000000000000000010011000,000000001010101010000011100000100000,011000000000000100101100010000000110,000001100000010001010000001101000001,177,618ms
010111101000000000000011000100000000,000000010001010000110000000000101101,000000000110100111000100000001000010,101000000000001000001000111010010000,101,3020ms
101100000110000000100001001000000001,010001000000100001000100100111000000,000010010001001100011000000000100100,000000101000010010000010010000011010,139,141ms
110101110110000000001000000000000000,000000000000010000110001110010000011,000000001000100111000110000100000100,001010000001001000000000001001111000,141,479ms
111011111000000000000100000000000000,000000000010000110100001100010110000,000100000001010001010000000101000011,000000000100101000001010011000001100,157,949ms
010011011000000011000100000000000100,001000000000010000101011000000011001,000000100010001100010000011011000000,100100000101100000000000100100100010,42,5022ms
001011111000010000000000000100000010,000000000000100010000010101000101101,010100000011001101100000000000010000,100000000100000000011101010011000000,100,8481ms
001000111001000100000000100000010001,110001000110000000010000001000000110,000110000000111000100011000010000000,000000000000000011001100010101101000,66,2660ms
111011100000000000000100000101000000,000000000110000100010000110000000111,000100001000101000100010001010010000,000000010001010011001001000000101000,157,14ms
100010100000000011100000110000001000,000000011100110000011100000010000000,001100000010001000000010000101010001,010001000001000100000001001000100110,141,1583ms
110010100000000010000100001000000011,001000000000001100110000000110011000,000001000000110000000011100001100100,000100011111000001001000010000000000,85,12784ms
110010011000000001000000010100000100,001000000011100110001010000001000000,000000000000001000010000001010111011,000101100100010000100101100000000000,115,81790ms
000001110010000000010000000011001001,000100000000010100001101000100000110,001000001001101000000010111000000000,110010000100000011100000000000110000,37,11062ms
011111110100000000010000000000000000,000000000010111000100101010000000100,000000000000000100000010001011111010,100000001001000011001000100100000001,118,9517ms
110011000001010010000000000000010001,000000111010000001000010010100000100,001100000000100100110100000010001000,000000000100001000001001101001100010,140,1555ms
011010110000000000110000100010000000,100100000101100010001110000000000000,000000000000010001000001001100101011,000001001010001100000000010001010100,102,35632ms
111110111000000000100000000000000000,000001000011001100000000010010000110,000000000000010001010110101000010001,000000000100100010001001000101101000,177,62ms
001101000000000011000110001010000000,000000100010000100111001000000101000,000010011001100000000000010001010100,110000000100011000000000100100000011,42,4697ms
101101011011001000000000000000000000,000010000100100100000100110000000101,000000000000010000100011000010111010,010000100000000011011000001101000000,123,11941ms
101111110001000000000100000000000000,000000001000100100110001001000001100,010000000000010011001000010001100001,000000000110001000000010100110010010,155,1291ms
100010110000000000010001010000001100,000100000001100100100100101000000010,000001000010011000000000000111110000,011000001100000011001010000000000001,111,16656ms
000111000110100001000000000000010001,101000101000000110000001000001100000,010000000001001000110100100100000100,000000010000010000001010011010001010,102,18115ms
011000111010000010010000001000000000,100101000000010000000100100001010010,000010000101000000100000010110101000,000000000000101101001011000000000101,104,17263ms
110111011000000001000000000000000001,000000100001100100010000010000100110,000000000010000010101010100011010000,001000000100011000000101001100001000,166,2464ms
011011110000000010000010000000000001,000100001011000000001100001001010000,000000000100100100010000010010100110,100000000000011001100001100100001000,77,34044ms
111110100000000000010000000110000000,000000000100110000101010000001000110,000001000000001101000100011000001001,000000011011000010000001100000110000,162,54ms
111110001100001000000000000010000000,000001100000000000010111101000001000,000000010011100100000000000100010101,000000000000010011101000010001100010,177,935ms
010110100000000101000001100000010000,100000001100000000100000000101101100,001000010011011000001000010000000001,000001000000100010010110001010000010,86,15202ms
100100100001000000100000010010101000,010000000100100011010000100000000101,001000000000011100000110001000010010,000011011010000000001001000101000000,92,1075ms
110100110000000110000001000001000000,000010000001100001100010110100000000,001000000010000000010100001000010111,000001001100011000001000000010101000,112,7789ms
111001100100000010001000000000000100,000100001001001000000010101000001010,000000010010100001100100000011100000,000010000000010100010001010100010001,157,120ms
110001101010000000001100000001000000,000000000000000111000011010010010010,001000010001110000010000100100100000,000110000100001000100000001000001101,157,196ms
010011010000001000000000101000100001,000100000000100010100010000110010010,001000001101000101010101000000000000,100000100010010000001000010001001100,101,13483ms
100101001010000100000100000010100000,010000000100100010001010000000001110,001010100000001000000001101100010000,000000010001010001110000010001000001,120,691ms
110001011100000001000101000000000000,000100100010011000101000000000100001,001010000001000110000010010110000000,000000000000100000010000101001011110,151,321ms
111101001001000000000000010000000010,000000000000000010001001000001111101,000010100000001001010000101110000000,000000010110110100100110000000000000,157,3372ms
100001110000100000100011000000000010,000000001100000100000100001011010001,010010000010010011001000010000000100,001100000001001000010000100100101000,126,2922ms
101101101000010000100000000010000000,000010010100000010000111000001000010,010000000010101100001000001000100100,000000000001000001010000110100011001,133,497ms
001110111000010000000000000000011000,100000000001001100000110110100000000,010000000010100011100000001001000100,000001000100000000011001000010100011,94,15028ms
000010001000010001011100000000000110,001001010110000010000000001001001000,010100100001100000000010000110010000,100000000000001100100001110000100001,49,2468ms
101000110000000101010000000100000100,000110000000010000001001101001100000,000001001000100000100000010010011001,010000000111001010000110000000000010,157,1826ms
111111101000000000000000000001000000,000000000000001000101011000010111000,000000010101010000000000111100000100,000000000010100111010100000000000011,177,35ms
000001111000000000110000100000001100,010000000101000000001011000110010000,100010000000101001000100010001000010,001100000010010110000000001000100001,111,1224ms
011110011000010000000010000001000000,000000000011000100000100101110001000,100001000100101001011000010000000000,000000100000000010100001000000110111,177,1538ms
001011110000000000000000010000000111,100000000111000100100000001000110000,010000001000111010000100000001001000,000100000000000001011011100110000000,71,9755ms
110011111000001000000000010000000000,000100000100000010100110000001000110,001000000011110001000000000000111000,000000000000000100011001101110000001,146,1282ms
100010010000000010000000011010010100,000100000001101000011101000001000000,000000101100000101000000100100001001,011001000010010000100010000000100010,111,1821ms
101010000001000101000010100010000000,010000001000011000010000000001011001,000100010110000000000100010100100100,000001100000100010101001001000000010,117,2774ms
000110001101000100000000010000000011,010001100000000001001010000110000100,001000010010010010010000000001011000,100000000000101000100101101000100000,59,10234ms
011010100000010000000100010010000010,100000001101000010010000100001001000,000000010000001000001001001100110001,000101000010100101100010000000000100,64,16030ms
111100111000100000000000000000000001,000010000000000010000001011010110100,000001000000011101101010000000001000,000000000111000000010100100101000010,130,3862ms
011001001000010000000000100101100000,100000010000000001001100011000000101,000100100110000000100001000010011000,000010000001101110010010000000000010,120,1663ms
100011110000110000000000000000110000,011100000000000010001000000001001101,000000000111001000010010011100000000,000000001000000101100101100010000010,121,8237ms
000100001000000000001001111000010010,100000000100010000100110000100001001,001001100011001011010000000000000000,010010010000100100000000000011100100,34,298169ms
001010101000100001000001000100001000,110000000010010000110000010000100001,000001000101001100000000100010000110,000100010000000010001110001001010000,62,9469ms
001000110010000001000100000001000110,010001001000100000100001011000100000,100010000000001100010010000010001001,000100000101010010001000100100010000,80,11275ms
010111100000100000100001000010000000,001000000011000001000110100000110000,000000010000011100001000010101000010,100000001100000010010000001000001101,115,5891ms
110110111010000000000000000001000000,000001000001000011000100010010001001,001000000100100100010010100000010010,000000000000011000101001001100100100,177,509ms
000001010000000010100101011000010000,101000000011010000000000000000101101,000110100100001100011000100000000000,010000001000100001000010000111000010,92,245317ms
000110010000011000000001000010011000,000000101001000010000010110000000011,110000000110000001101100001000000000,001001000000100100010000000101100100,177,6483ms
011000001000010001001000001100001000,000011100000000110000100000001000110,000000000101100000000011100010010001,100100010010001000110000010000100000,68,10699ms
101111000001000000000001000000101000,000000110010101001001000010000010000,000000000000000100000110101110000110,010000001100010010110000000001000001,160,11235ms
001010010000000000010000000001110110,000001000101100110100100000000000001,100000101000001000001000001110001000,010100000010010001000011110000000000,132,72758ms
111100100000010000000000001000010010,000001010000101000000100100010101000,000000001010000110111010000100000000,000010000101000001000001010001000101,157,430ms
100010101000000100100100000000001100,000000000001001010010011100100000001,011100000100100000000000000010110010,000001010010010001001000011001000000,143,6954ms
111101101000000100000000000001000000,000000000110111001000101000000000010,000000000001000010101010110000000101,000010010000000000010000001110111000,122,26903ms
011111111000000000000000000001000000,000000000001100110000100001010100001,000000000110011001011000010100000000,100000000000000000100011100000011110,139,24093ms
010101001100001001010000000001000000,001000000000110000100100010000100101,100000010001000000001000100110011000,000010100010000110000011001000000010,157,538ms
111000011000000000100010000100100000,000000100000111010001100000001010000,000011000110000101000000000010001001,000100000001000000010001111000000110,157,138ms
100100001100000000100001100010001000,010010100000100010000010010000100001,000001000001000001011000000001010110,001000010010011100000100001100000000,101,781ms
101000001000010000010010000001010100,000100010001100010100000110000100000,000010000010001001000100001110001000,010001100100000100001001000000000011,96,4395ms
111100000001101001000000000100000000,000010000000000010011010001010001001,000001100110010100000101000000000010,000000011000000000100000110001110100,157,1751ms
000100110000010001100000110000000010,000010000100000110000100001000011001,010001000011001000011000000011000000,101000001000100000000011000100100100,49,2478ms
101010001010010000000100001000100000,000001110001100000010000100101000000,010000000000001110000001010010000110,000100000100000001101010000000011001,98,1202ms
100011111000000000100000001100000000,010000000100010011000000100010000011,000100000000000100010001010000111100,001000000011101000001110000001000000,157,121ms
101001000010000100000000000100100101,000000000001111000001001101001000000,010100000100000001010010000010001010,000010111000000010100100010000010000,147,7017ms
111111110001000000000000000000000000,000000001110100000010001110000000100,000000000000000011001010001110101000,000000000000011100100100000001010011,153,1624ms
001111111000010010000000000000000000,010000000001001000110001000000100011,000000000100100100000010010111010000,100000000010000001001100101000001100,112,24295ms
011100111000010000000000100100000000,000000000000000001110110010010100001,000011000110000100000000001000011010,100000000001101010001001000001000100,109,16835ms
010001111011000000000001000001000000,100000000000010010100000010010010011,001110000100101000000000100000001100,000000000000000101011110001100100000,108,11395ms
101110000000010100000010010000000001,000000110001000010011100001000000100,010001000000001001100000100000101010,000000001110100000000001000111010000,145,5481ms
001000000000100000000110010010001101,000111011000000100010000000101000000,010000100011010010001000100000000010,100000000100001001100001001000110000,11,2475ms
010111000000001000100000101000000100,000000010000100010010100000001110010,101000001100000000000011000110001000,000000100011010101001000010000000001,177,277ms
010001101001000000110000110000000000,001010000000111001000000000010001010,100100010110000100000000000001110000,000000000000000010001111001100000101,157,41748ms
110101000100001010000000010000000100,000000000000000101010101000010101010,000000111010010000000010001100000001,001010000001100000101000100001010000,157,840ms
001001111000000100000000000101010000,100010000001001000000010001000001011,010100000000010001100001100010000100,000000000110100010011100010000100000,116,13198ms
001001000001001101000100010010000000,000110001010110000000000100100000100,110000000000000000010000001001111010,000000110100000010101011000000000001,89,55773ms
000011111000101000000010000000000100,001100000000000011011000100000010001,100000000110000100100001000001001010,010000000001010000000100011110100000,135,1773ms
110111100001001010000000000000000000,000000001010100000010100011010100000,001000010100010000000011100001000100,000000000000000101101000000100011011,177,179ms
001001100010001010000010000100001000,010010001000100100010000010001000010,000100010100000001001000101010010000,100000000001010000100101000000100101,66,4735ms
011001010010000000010000001101000000,000100100100000001101001110000000000,000000001000101010000010000000111001,100010000001010100000100000010000110,49,50547ms
001010011000110000010000000100100000,010100000000001011000000011000000011,000000000110000100100011100000011000,100001100001000000001100000011000100,89,3699ms
100110000000000011010000000010000110,001000100011000100001011000100000000,000001000100101000100000100000111000,010000011000010000000100011001000001,123,1896ms
011100010010010000001000000000010001,100010000000100100010000100101100000,000000100000001011100111000010000000,000001001101000000000000011000001110,72,4870ms
001010000000100010000001000111000100,000001010000000000111100000000111000,000100101101001000000000110000000001,110000000010010101000010001000000010,59,24812ms
111101011000010000000000000000010000,000000000010100110110000011000000010,000000100001001000001110000101000100,000010000100000001000001100010101001,143,1677ms
110110001010000000100010000100000000,000000100000000011001000000000111110,001001000000011100010001000001000001,000000010101100000000100111010000000,177,77ms
000101101100001001100000000000000001,001010010000000000000001001100111000,000000000001010110000110010001000100,110000000010100000011000100010000010,36,25240ms
011000110010010000000010000100001000,000001000101100000010100001001010000,100010001000001001001001010000000001,000100000000000110100000100010100110,129,2136ms
110111111000000000000010000000000000,001000000100010100000100110010100000,000000000000100000010001001101010110,000000000011001011101000000000001001,154,1709ms
111010101000000000101000010000000000,000001000100000010010000100110011000,000100000010100000000101001001000011,000000010001011101000010000000100100,157,231ms
010110001010000000000000010111000000,000001100100010000010110001000000010,100000010001000011100000100000100001,001000000000101100001001000000011100,177,213ms
110010010100000000101001000000000001,000001000001100101010000001110000000,001000001000010010000000100000011110,000100100010001000000110010001100000,150,309ms
110010001001000000010010000000000011,001001100000110000000100000001100100,000100010100000110001001110000000000,000000000010001001100000001110011000,116,28530ms
101010111000000000000001000001010000,000000000011000000100100011100000110,000000000000011101000000100010101001,010101000100100010011010000000000000,79,155318ms
000000100000000001100011101000010001,000011010011100110000000000000100000,100000001100010000010000000011001010,011100000000001000001100010100000100,65,20139ms
000000110110010000000001000000000111,110000001000001001000010100010010000,000010000001000110010000011100001000,001101000000100000101100000001100000,17,1368ms
000111011001000000000000000010010010,000000000000110001101001110000001000,011000100000000100000010001000100101,100000000110001010010100000101000000,96,68185ms
111010001000000000000000010001000011,000001000000000001111010001100100000,000000100000110110000001100010001000,000100010111001000000100000000010100,125,6719ms
011010001000000001010000000101100000,000101010001000000000100101000011000,000000100100011000101001000010000001,100000000010100110000010010000000110,111,3392ms
001110101000010001000000000000010001,110000000100001000000110010110000000,000000010001000010000001101001101000,000001000010100100111000000000000110,60,269ms
100101101000010001000000000010001000,001010000001001110101000000000000100,000000000110000000010011001101000010,010000010000100000000100110000110001,132,4680ms
010100100001010000000100100000110000,000011000010000011010000000101000100,100000011000101000001011000000000001,001000000100000100100000011010001010,101,4493ms
100000110000000110000000010001010001,000001000100001001011001100000000010,010010001010010000000110000010100000,001100000001100000100000001100001100,110,6036ms
000000011010000001000001100001010100,000101000000101010000100010000001010,001000100000010100001000001110100000,110010000101000000110010000000000001,31,383ms
010100010000000101001000000101010000,100011001000001000000100100010001000,000000000000010010110011001000000110,001000100111100000000000010000100001,52,5904ms
111011101001100000000000000000000000,000000000000001101010000001110011000,000000000010010000000110110000100110,000100010100000010101001000001000001,140,31079ms
001110000010001101000000000110000000,100000011000100000000001001001010010,000001100000000010100000110000100101,010000000101010000011110000000001000,96,6712ms
000011011001010000000000100000101000,001000000000100100110000000101000011,000100100110000010001000001000010100,110000000000001001000111010010000000,43,1711ms
010111010000000000010000000100110000,001000100111000001000001100000000100,100000000000111100001100011000000000,000000001000000010100010000011001011,160,42515ms
110110000000001100100000010000001000,001000001100000000000011100100000110,000001000011100001000100000001010001,000000110000010010011000001010100000,148,2338ms
001100001001010001100010001000000000,100000100000000110000100110001000001,000001000010101000010000000000101110,010010010100000000001001000110010000,44,10489ms
110110110000000100000010000100000000,000000000100011000100100000010001101,000000001010000011001000011000100010,001001000001100000010001100001010000,139,2544ms
001101010010100000001000000001100000,110000000100010111100000000000001000,000000101000001000010010001100000011,000010000001000000000101110010010100,61,6533ms
010011111000000100000000001010000000,000100000100001001000110110000100000,001000000010000010100001000000011110,100000000001110000011000000101000001,78,13746ms
000100010000101101011000000000000001,001000101010010010000000100000000110,010011000000000000100101010000110000,100000000101000000000010001111001000,67,11696ms
000011001000000000000001110100100100,011100000011000000001100001000001000,000000110100100101010010000000000010,100000000000011010100000000011010001,35,13054ms
110011101000000001000000001000000001,001000000000000000101011000000111100,000000000011110010010100000010000010,000100010100001100000000110101000000,118,20661ms
101010110001100000010001000000000000,000001000000001000000010101010011001,010000001100000101001000010000000110,000100000010010010100100000101100000,151,1561ms
010011001000000000001010000100010100,001100000100000000100001010011000001,100000110001111100000000000000001000,000000000010000011010100101000100010,142,14770ms
101110100000000010001000100000100000,000000001010000100000101011100000010,010000010001001001010000000011000100,000001000100110000100010000000011001,143,2294ms
100011001001100001010000010000000000,000000100010010100101001000100000001,011100010100000000000000101010100000,000000000000001010000110000001011110,157,898ms
010110111100000010001000000000000000,100001000001000001000010010010010001,000000000010010100000001000100101110,001000000000101000110100101001000000,131,14464ms
101100011000010000000000000100010100,000010000110000010000100010001001010,010000100001001101000010100010000000,000001000000100000111001001000100001,144,2914ms
000110110001000010010010000000100000,101000000000000100001000100001011001,010000000100100001000001001110000010,000001001010011000100100010000000100,87,18003ms
011111101010000000001000000000000000,000000000000001010000000001110100111,100000010001000001000100100001011000,000000000100110100110011010000000000,177,6049ms
111000110000000010110000010000000000,000010000011100000000011000100100100,000100000000000000001100101011010001,000001001100011101000000000000001010,157,26125ms
010001010000010000000001000010100011,001000000010000101111000000001001000,000000100001101000000110110100000000,100110001100000010000000001000010100,52,10773ms
101110010001000000100100000000000010,010000001000110001010000000100011000,000001000000001100001011001001000001,000000100110000010000000110010100100,153,2766ms
101111001000000000000000001000011000,000000010100100101100000000010000011,010000000001010000000010110100100100,000000100010001010011101000001000000,174,391ms
111010000000001000000000011100100000,000100001011110000011000000001000000,000000110100000011000001000000010110,000001000000000100100110100010001001,137,4976ms
010011000000001100000000100000110001,000000000111110000100001000000000110,000000011000000010010110001101000000,101100100000000001001000010010001000,57,7629ms
001001110000000100100001010001000000,000010001100101010000000000110010000,100000000010000000011000100000101011,010100000001010001000110001000000100,107,90801ms
110000010000101000100000000100000101,000100000011000100000101001000101000,001001000100010010010010010000000010,000010101000000001001000100011010000,157,276ms
111101010000000010010000000000100000,000000000101011100000001010101000000,000000001010100001001110000000010100,000010100000000000100000101010001011,120,26599ms
111001000100000000001011000000010000,000010000000110110000000110100000001,000000001001001001010100000010000110,000100110010000000100000001001101000,121,1637ms
001111100000001000001000100000100000,000000001100000101010100001010000100,100000010001100010100001000000001010,010000000010010000000010010101010001,155,2054ms
111001101010100000000000010000000000,000000000100011110000000001000100011,000000000000000000101101100110011000,000110010001000001010010000001000100,157,19314ms
111001111000000000000000000000000110,000010000100000010011010001000110000,000100000010100001000101100101000000,000000000001011100100000010010001001,157,83ms
100111110000100000000000001000000001,001000001001010000100000100110000100,010000000010000011000001000001110010,000000000100001100011110010000001000,130,7624ms
011001101010000000100000000000001010,000010010000001010010000101000110000,100000000001100000001011000101000001,000100000100010101000100010010000100,157,217ms
011011111000001100000000000000000000,100100000000010011111000000000000100,000000000101100000000110101000100001,000000000010000000000001010111011010,115,13681ms
011100100000000000000100101000101000,000001000010110000011000000011000100,100010010100000110100010000000000001,000000001001001001000001010100010010,147,1144ms
111110000000000000000001101000001000,000000110000110000000110000110010000,000001000001001011110000000000000011,000000001110000100001000010001100100,166,191ms
011001110010000000010100001000000000,000000001101001010100010000100000001,100100000000110100000000100001010010,000010000000000001001001010010101100,134,4717ms
001001011010000100011000000000010000,100100100100000000000001001011000100,010000000001100000100110100000001001,000010000000011011000000010100100010,61,2283ms
001111000000101000000010101000000000,000000001000010001101101000001100000,100000010011000100000000010000011010,010000100100000010010000000110000101,122,23993ms
111100010000000110000000001001000000,000011101010000000001000110000000010,000000000000101000010111000000101100,000000000101010001100000000110010001,104,32492ms
010011101000011001100000000000000000,000000010111000000000100100000001110,101100000000100100000000001001110000,000000000000000010011011010110000001,146,1792ms
011110110000000010100000000001000000,000000000010010101000100010100010010,000000001101101000000010101000000001,100001000000000000011001000010101100,106,37632ms
001110001001000001101000000000000001,010001000010000100010010001001010000,100000100000001010000000110000101010,000000010100110000000101000110000100,121,3044ms
101111111000000000000000000000100000,000000000000000100010010001110001011,010000000011011000101000110000000000,000000000100100011000101000001010100,177,159ms
101100010000001000110000000000001001,000000001010000100000011010110010000,000010100001100010001100000000100100,010001000100010001000000101001000010,103,492ms
011101110000000001001000000100000000,100000001100010000000000101011000010,000010000011100010100100010000100000,000000000000001100010011000000011101,108,5039ms
001010001000000001110000000101000100,010000110010000010000100100000010010,000100000101100100001000001000101000,100001000000011000000011010010000001,80,2096ms
111100001000000000000000001000101001,000010010000000010100011000110000010,000001000101100000010000110001010000,000000100010011101001100000000000100,129,6742ms
111000010000101000000010100000010000,000010001001010000100000000010001101,000000000100000010010100011101000010,000101100010000101001001000000100000,144,4266ms
111011000000010000000000000100000101,000000111000101000010110100000000000,000000000011000101000001010010100010,000100000100000010101000001001011000,157,14579ms
101011000000000000111000000100000100,010100001110000010000101000000010000,000000100001111000000000000011100001,000000010000000101000010111000001010,126,6129ms
001000100001000000100001000001110100,010110000100010010000010000010000010,100000001010000100010100011100000000,000001010000101001001000100000001001,117,1649ms
011000101000000000001000110100000001,000011010100001100000101000000000010,100000000000010000010000001011110100,000100000011100011100010000000001000,157,17175ms
101000011000010000000100001000010001,000011000110100100001000100001000000,000100000001001011010000000110001000,010000100000000000100011010000100110,110,29048ms
100110100101000010000000000001010000,000000001000000100000101110010100100,000000010000011000111010001000000001,011001000010100001000000000100001010,119,26861ms
101000100000000010000101100001000010,000010000010000000100000011110010001,000000000100111100011010000000100000,010101011001000001000000000000001100,77,54387ms
000001011100010000010100000000010010,000000000010100100100001001001001001,001000100000001011000010100110000000,110110000001000000001000010000100100,41,1222ms
011000011000011100001000000000000010,000010000101000010000110000110000100,100100000010100000000000110000101001,000001100000000001110001001001010000,117,7099ms
011101101000000000010010000000100000,000010000011000000001000000000011111,000000010000001110100001011010000000,100000000100110001000100100101000000,94,21102ms
110100001000001000010001100000000010,000000100001000110000000011001011000,000001000110100000100110000010100000,001010010000010001001000000100000101,157,667ms
101101100000100010000000000100100000,010010010001010000010000101000000100,000000001010000100000111000011000001,000000000100001001101000010000011010,114,40160ms
101100100010000001000000000010011000,000011001000100000100001100000000011,000000000101011110000100000001000100,010000010000000000011010011100100000,133,36566ms
111010110000000000101000010000000000,000101001100001100000000000000001101,000000000001100001000100101101010000,000000000010010010010011000010100010,140,230701ms
010010110001010000000000000000011100,000100000010000101010001101001000000,101001001000101000000010010000000001,000000000100000010101100000110100010,125,24617ms
100100010011000000010001000000100100,011000100100000100000000000011010010,000000001000011000001100010100001001,000011000000100011100010101000000000,57,39766ms
110000011000001000010100000010000001,000001100111000100000000101000010000,001100000000110001001000000001000110,000010000000000010100011010100101000,125,8947ms
111000000100101000000001001000000100,000001000010010000011110010000000001,000000010001000111000000100000110010,000110101000000000100000000111001000,79,29878ms
001000001100011001010000001000100000,100010010000000010000001010001001100,010001100001100000101000000000010010,000100000010000100000110100110000001,94,2852ms
000000000100001111010001000001000001,000000101000000000101100101000010100,111011000010100000000000010000100000,000100010001010000000010000110001010,157,15422ms
010100001000100000000001100000010101,000000000101010001100100000011100000,001001000010000100011010011000000000,100010110000001010000000000100001010,53,32395ms
100111111000000000010000000000100000,010000000110110010001000100000000100,000000000000000000000011011110011010,001000000001001101100100000001000001,177,1535ms
010101100001100000000100010000000010,001010000000010001000000000111100100,000000010100001110010000101000000001,100000001010000000101011000000011000,48,50384ms
001011010000010010000000001001100000,000000001110000000010011000010011000,000100000000000100100000110100000111,110000100001101001001100000000000000,51,8474ms
110010000000000000101010000010100010,000001011100000000000000100101000101,000100000001111000010101000000001000,001000100010000111000000011000010000,119,18066ms
100100000000000001000111010000100100,001001010001000010000000100100001010,000000000010011000111000000001010001,010010101100100100000000001010000000,65,37911ms
111100011000000000000001000000010100,000000000101110000010100111000000000,000001000000001110001000000011101000,000010100010000001100010000100000011,135,4201ms
111001001000010000000000011001000000,000000000000001100001100000110001101,000100010111100000010010000000000010,000010100000000011100001100000110000,157,1571ms
010110000000000101010000000010000011,001000101000100000100010100000101000,100001010100000000001100001001010000,000000000011011010000001010100000100,149,2358ms
100111000100000000000000100000100101,000000011010000100000001011101000000,011000100001110001000000000000010010,000000000000001010111110000010001000,173,1041ms
101111100000000000010000000001100000,000000011110101101000000000000001000,010000000000000000100110001110000110,000000000001010010001001110000010001,177,97ms
111011110000100000000000010000000000,000100001001010000100110000100010000,000000000000000110011001101000101000,000000000110001001000000000011000111,119,38942ms
010000010000001000001000001111000100,000001000101000000010101010000101000,001110000010000110100000100000000001,100000101000110001000010000000010010,121,7266ms
111000111000001000000000000100100000,000001000100000110100011011000000000,000000000001110000010100000000010111,000110000010000001001000100011001000,126,23601ms
101101001000101000000000001000000001,000000110000000000010010110110000010,010000000010000000101001000001101100,000010000101010111000100000000010000,131,23624ms
100000111001001000010001000000000001,011000000000010001100000100001010010,000011000010100000000000000110101100,000100000100000110001110011000000000,132,93617ms
111011001000000100010000001000000000,000100100001001001001001100100000000,000000010110010010000110000010100000,000000000000100000100000010001011111,157,2591ms
010000011001000000001110001000100000,000001100100100000000001100010000110,000010000000001001110000010101000001,101100000010010110000000000000011000,62,17989ms
001111010000000001011001000000000000,010000000010011000000100101100100000,000000101100000100100000010010001010,100000000001100010000010000001010101,112,7903ms
001011101000001000001010000010000000,100000000111100000100000000000001011,000000010000000111010000110101000000,010100000000010000000101001000110100,65,5504ms
110111010100000000000001000010000000,000000000000010000101110111000010000,000000001000101011000000000000101101,001000100011000100010000000101000010,158,4102ms
010110011000000100100000000000000011,000000000010000000001101000110111000,100000100100001011000010001001000000,001001000001110000010000110000000100,170,3115ms
100110001000001010100000100000010000,001001000010100000001101001000100000,000000010001010001000000000011001110,010000100100000100010010010100000001,109,35733ms
011100101000110000001000100000000000,000010000110000100100001000110000010,100000000001000011000110000001110000,000001010000001000010000011000001101,124,21123ms
010010001000000001110001000000010010,000000100010101010000010100100000100,001101000001010100001100010000000000,100000010100000000000000001011101001,103,17158ms
010110010010000001010100000100000000,001000001100110100101000100000000000,000001100000000010000001011000010110,100000000001001000000010000011101001,70,42242ms
000100011100000100000100000011000100,110010000010100000101010000000010000,000001000001001001010000001100001010,001000100000010010000001110000100001,60,3613ms
011001100000100000100110000010000000,000000000010011000001000101100100001,100010001000000010010001000000011100,000100010101000101000000010001000010,150,2266ms
010010000011000001100000001100000001,000001101100000000010000010011001000,100100000000101100001010000000100100,001000010000010010000101100000010010,128,1193ms
101101010000000000001000010000001100,000000001010000000100101101000010001,010010100001010000000010000001100010,000000000100101111010000000110000000,130,4134ms
010010101010000000000110010010000000,100000010100010010001000000000100011,001000000000101100000000101101001000,000101000001000001110001000000010100,68,4984ms
011110100000000100000000010100010000,000000000000011010011101000000101000,000000001100100001100010001010000001,100001010011000000000000100001000110,136,3248ms
001101101000010010001000100000000000,000010000000100000100001001010111000,110000010100000001010010000100000010,000000000011001100000100010001000101,157,1019ms
110000100100010001000000000001010100,000011010000000000111000000000101010,001100001001001010000101000000000001,000000000010100100000010111110000000,125,28841ms
111111001000000001000010000000000000,000000100000011100100100001000100010,000000000101000010000001010010011001,000000010010100000011000100101000100,162,3696ms
010101111000000000000100100000100000,000000000001111111000010001000000000,101010000010000000001001000000001101,000000000100000000110000010111010010,136,48119ms
010100000001010000010001000010110000,100010010010100000000000001101000100,001001100000000111001000010000000001,000000001100001000100110100000001010,48,3762ms
011100110000100000000001110000000000,000000001000001000110110000100010001,100000000010010010001000000001001110,000011000101000101000000001010100000,130,49188ms
111001010010001001000000000010000000,000010000000100010010011000001010001,000000000001000000101100011100001100,000100101100010100000000100000100010,141,15873ms
000010010000010010000000100010100101,000001001010001000100100011000000010,001000000100000100011011000100001000,110100100001100001000000000001010000,30,20643ms
010100111001000000000010001000000100,000001000100010000001000000111110000,101010000000001101000001110000000000,000000000010100010110100000000001011,135,14523ms
001000011000100000010000000000001111,100001000000001001000000010110110000,010100000010010100000001101001000000,000010100101000010101110000000000000,40,24562ms
000010000001000010011110001010000000,110001001000100000000000010101000001,001000010110011100000000000000001100,000100100000000001100001100000110010,21,39479ms
101011011000000100001000000000000100,000000100001010000110001000001101000,000100000010000001000000111100010010,010000000100101010000110000010000001,126,1616ms
101000010000001010000001010010000100,000101000010100100000000001101010000,010000001001010001100010100000000010,000010100100000000011100000000101001,116,3292ms
011011010000000001100100000000000100,000000100000110010011000001000101000,100000000101001000000010000101000011,000100001010000100000001110010010000,157,732ms
000101001001010000000001010100010000,000000010100100100100000101000100010,001000000010001001010100000001001100,110010100000000010001010000010000001,34,2620ms
100110111100000000001000000001000000,001000000001000110010001000100001100,010000000000101000100110001000110000,000001000010010001000000110010000011,177,100ms
101010011000000000010000011010000000,000000100010010101101000000000001100,010000000101101000000000000101100010,000101000000000010000111100000010001,157,513ms
