000110010000000000010100100101000010,011000001001110000001000000000001100,000000100100001001000010000010110001,100001000010000110100001011000000000,62,66916ms
101001110001001000010000000001000000,000000000000110110000010111000000100,000110000010000001000001000100110001,010000001100000000101100000010001010,150,4741ms
010110000000010000000101000011000010,001001001010001110010000010000000000,100000100000100000000010000100111001,000000010101000001101000101000000100,155,100804ms
001000000000100011100100011000000100,100001010000010000000010000101100001,010000000011001100001001000000010010,000110101100000000010000100010001000,24,1419ms
000010001000010000000000011011001001,000001100100000010100011000100100000,011100010011001000000100000000010000,100000000000100101011000100000000110,55,14959ms
010010010010010000000011000001000100,001001000001101001100000000000011000,000100000100000110000000000110100011,100000101000000000011100111000000000,57,68222ms
110010001001000010000010000000001100,000000000110011100100000010000010001,000000110000000001001001001100100010,001101000000100000010100100011000000,94,16632ms
101111100110000000000000000000000010,000000000000010101001001010110000001,010000001001001010010000100000101000,000000010000100000100110001001010100,177,225ms
010000101000000000001101000000100011,001100000001110010110000010000000000,100001010110001100000000000001010000,000010000000000001000010101110001100,124,183200ms
100111010010000100000000000001010000,011000000000111000000010000100001010,000000101000000011000001000010100101,000000000101000000111100111000000000,112,74426ms
110000010010000010000100000001010010,000000101101100001000000100010100000,000010000000010100100001000100001101,001101000000001000011010011000000000,103,62116ms
011000000111010000100000010000100000,000000010000000001010100001110010100,100110101000100010000000000000001001,000001000000001100001011100001000010,177,677ms
110010100000001001000000011000010000,001001000001000000100100000100100011,000000010010010110011001000010000000,000100001100100000000010100001001100,95,14142ms
111010101000100001000000000000000100,000000000000000000100111001111000010,000100010100011000001000100000101000,000001000011000110010000010000010001,136,9255ms
000001110001000001010000001000100100,010010000100000010000100000010011001,101100001010011000100001000000000000,000000000000100100001010110101000010,141,11463ms
000001001001001001000110010000000010,001100000010010100000000100110010000,000000110000100010101000000001100100,110010000100000000010001001000001001,0,859ms
000000110100000000110100100010001000,000100001000110111000000000000110000,000001000011000000001000011100000011,111010000000001000000011000001000100,42,16353ms
111011000000001000000111000000000000,000000100100100100010000110000000101,000100010000010011000000000101011000,000000001011000000101000001010100010,153,4252ms
110110100010000000010000100000001000,000001000100001011000101001100000000,000000001001110000100000010010100010,001000010000000100001010000001010101,160,2788ms
010101010000001011000000000000101000,000000000101010000000110101100000010,000000000000100100110001010011010000,101010101010000000001000000000000101,39,79139ms
101101001000000000001101000010000000,000010110001010000000000000101011000,000000000110001100000000100000100111,010000000000100011110010011000000000,113,138020ms
010100110000110000101000010000000000,100000001000000000010111000001001001,000010000000001011000000100110110000,001001000111000100000000001000000110,54,60087ms
100101111000101000000000000000010000,000000000000000010110111000100001100,011000000011000001001000011010000000,000010000100010100000000100001100011,144,4314ms
001011110000010010000000000010000001,000000000011101000100101000000100100,110000000000000001011000101001001000,000100001100000100000010010100010010,130,9643ms
110111000010100010000000000000010000,000000100000001000100000110000001111,001000001100010000010110001000100000,000000010001000101001001000111000000,177,1203ms
101110101000000000100000000000001001,000001000000110110000000001000010110,010000000010000001010110010011000000,000000010101001000001001100100100000,177,71ms
011110000000001000000001001000010010,100001000100000010010110000101000000,000000111000100100000000100010001001,000000000011010001101000010000100100,77,6476ms
101011010100000100000000000000001100,000100100000101000110000000010100010,000000000000000010001101010101010001,010000001011010001000010101000000000,139,51274ms
001011010000011000000100010100000000,010000001001000010011000101000010000,100000000010000101100010000001100010,000100100100100000000001000010001101,131,11843ms
100100000010001000001000000110110000,010001010100100010100000110000000000,001010100001000001000101001000001000,000000001000010100010010000001000111,94,38521ms
110111111000000000000000000000000001,000000000000100101000011010001110000,000000000011001000110100101000000010,001000000100010010001000000110001100,156,943ms
110001111000000000000010010001000000,000000000001100100111000000000100110,001100000010011011000000000100000001,000010000100000000000101101010011000,157,464ms
000111011000111000000100000000000000,000000000100000100100010001100010011,100000000010000011010000010000101100,011000100001000000001001100011000000,110,90650ms
111100001000011000100000000010000000,000000000010100000000010011101000110,000010100101000110000001100000010000,000001010000000001011100000000101001,157,790ms
000011000011000010010000101000000100,011000001000000000000100010101010010,000000100000011100100001000010101000,100100010100100001001010000000000001,9,25109ms
111111100100000100000000000000000000,000000010001011010110000000000100100,000000000010100001000000001001011011,000000001000000000001111110110000000,177,1402ms
100111011000000011000000000010000000,000000000110100000000000000101111010,001000100000010100110100100000000100,010000000001001000001011011000000001,163,13134ms
000001000011000000111100000100000010,000010001000010000000001100011110000,111000100000001110000000001000000100,000100010100100001000010010000001001,157,509ms
111110101000000000000000000100000100,000000000100100001001110100010000010,000000010010000010010000011000111000,000001000001011100100001000001000001,170,606ms
101000110010000000010000010001000010,000001000001001111000001000100010000,000010000000110000001100000010101001,010100001100000000100010101000000100,80,11583ms
011111100001000001000000100000000000,100000001000010100000000010100011100,000000010110100000001000000011100001,000000000000001010110111001000000010,131,56533ms
010110111000000011000000000000001000,100000000000011000101010010100000100,001001000000100000010001000001110001,000000000111000100000100101010000010,103,39647ms
100111101001000010000000000000100000,000000000100001100100001101100010000,000000010010000000011110000000001101,011000000000110001000000010011000010,110,3410ms
101100010011010000000110000000000000,010000100000001000001001100010100100,000000000000100100100000010101001011,000011001100000011010000001000010000,124,33474ms
010101001010000010000100000010000001,000000000000010100001000101101000110,100010100101100001010010000000000000,001000010000001000100001010000111000,157,3879ms
000101110100000000010000000000111000,100000000000101000101010010001000001,000010001010000010000001101100000100,011000000001010101000100000010000010,54,3115ms
000011011000001100000000010001001000,110000000010000011101000100000000100,001100100000010000000010000100110010,000000000101100000010101001010000001,51,27307ms
100101110000110000000000010000000010,010000001001000000000100100100101001,000010000000000010101010000011010100,001000000110001101010001001000000000,102,72587ms
111010110000000000100010000000000010,000000000001011001000100010011010000,000000000010000100001001001100001101,000101001100100010010000100000100000,157,6899ms
110100000000000001000000010101100001,001011000100010010100001000000000010,000000011001101100000010000010000100,000000100010000000011100101000011000,100,13329ms
111110010000001000001000000000001000,000000000000100101100011011000000100,000000100100010000010100000101010001,000001001011000010000000100010100010,173,1392ms
001101101000000010100100000000100000,100000010100110000010000010101000000,000010000000001001001000101000010101,010000000011000100000011000010001010,61,825ms
011100111001000000001000000000100000,000011000010000000110010010010000001,000000000000011010000000101001011100,100000000100100101000101000100000010,65,50393ms
100110101000000100000100010010000000,010000000100101010001001000000001010,000001000011000001110010001000100000,001000010000010000000000100101010101,125,11642ms
001000001010100010000001110000000001,010010110000010000001000000011000100,100000000101000101000010000100110000,000101000000001000110100001000001010,102,9593ms
011010000001000100000000100100000011,100000001100001011100001000000001000,000100010000000000011100001011100000,000001100010110000000010010000010100,93,10845ms
111001110000000000000101001000000000,000010000100010000111000000101001000,000000000001001011000010000010100101,000100001010100100000000110000010010,127,11237ms
100110111000110000000000000000000100,000000000001001001010110001000101000,000000000110000110101000000110000001,011001000000000000000001110001010010,138,21384ms
101111010100001001000000000000000000,000000100000000110001110110000000001,010000000000010000100000001001111100,000000001011100000010001000110000010,177,381ms
010101011000000001001001000000001000,000010000010100100110000101010000000,000000100100001010000010010101000100,101000000001010000000100000000110011,81,19366ms
001111101000000010000000000000101000,010000000100000000010001110010010001,000000010011100101001100000000000010,100000000000011000100010001101000100,65,7412ms
111011110010000000000000100000000000,000100000000000010101000001110001001,000000000100010101010101010000000100,000000001001101000000010000001110010,143,2525ms
000110000001001100100000001000101000,001000010000000011001100100001000100,000000101110010000000011000010000010,110001000000100000010000010100010001,58,2213ms
101100111000000001000000010000000001,000001000000010010100101101000001000,000010000100001000011000000100100110,010000000011100100000010000011010000,144,2745ms
010011001101000000000000000010100001,000000000000000011100111001001010000,001000110010001000000000110100000100,100100000000110100011000000000001010,121,1162ms
101100011100001000100000000000000001,000001000010000110010000110000011000,010010000001110000000010001100000100,000000100000000001001101000011100010,153,283ms
101111000000000000000101000000010010,010000000000000001000000101101101001,000000001010010100111000010010000000,000000110101101010000010000000000100,177,6603ms
100011000010000000110001100000000001,010000000100101010001000010100001000,001000110000010000000100001000100110,000100001001000101000010000011010000,136,6011ms
010101100001000000000000001100000011,101000000100010011100000000000001100,000000001010001000001001010011010000,000010010000100100010110100000100000,72,8415ms
001001111000000000000010100001001000,010100000010100000100101001000000010,000000000000011011010000000100110001,100010000101000100001000010010000100,53,51350ms
010000001100000100000001010010101000,100000000000111010000100100000000110,001111010000000000100010001100000000,000000100011000001011000000001010001,137,2238ms
111101001000001010000000000010000000,000000010001100000000010110001100001,000000100000010000101100001000011010,000010000110000101010001000100000100,123,7292ms
001010110000000000010101000000101000,000101000100001000000010101010000100,100000000001000111001000000100010001,010000001010110000100000010001000010,115,14586ms
110101010010000000010100000000000001,000000101100000000100000000101010110,001010000001011010000000110000001000,000000000000100101001011001010100000,127,3680ms
110101001100000000000000110000100000,000000000010000010110111000110000000,001000110000010100001000000001000011,000010000001101001000000001000011100,141,10659ms
100101101000000000000001100000010010,011000000010001000111000010001000000,000000000001000110000110000100101001,000010010100110001000000001010000100,106,12633ms
001011000000100000000000110000001101,010100110001011100010000000000000000,100000000100000010000100001010110010,000000001010000001101011000101000000,82,34866ms
001111001001000000000100000110000000,000000110100000010010001100000001010,010000000000100001101010001000010100,100000000010011100000000010001100001,116,8371ms
101001000000000111010010000100000000,000000111000001000000100101000110000,000000000010110000001001010010000011,010110000101000000100000000001001100,90,3120ms
101100001000000100110000000100000100,000001100000110001000100000001011000,010000000101000010000000010010100011,000010010010001000001011101000000000,157,5399ms
100011100001100001000000000011000000,010100010000010000001110110000000000,001000001000000010000000001100111100,000000000110001100110001000000000011,111,73149ms
010111001000001000010000000010000010,000000000001010000100110010101000001,000000110110000010001000100000001100,101000000000100101000001001000110000,98,3656ms
111001010000100000000000110100000000,000100000000010100010100000000110011,000000001111001010100010000001000000,000010100000000001001001001010001100,157,284ms
001001000000101000000000000111100100,000110000001010100001000001000000011,010000101100000000010110100000010000,100000010010000011100001010000001000,108,5182ms
111110100000000000100000000000011000,000000000011000000001110000110000110,000000010100110011000000011000100000,000001001000001100010001100001000001,151,707ms
101010000010000000000000010001110001,000100000000001111001000001100001000,010001000001110000000111000010000000,000000111100000000110000100000000110,119,4050ms
011101111001000100000000000000000000,000000000000110011011100010000001000,100000000100000000100001100001010011,000010000010001000000010001110100100,157,806ms
011011110000000000000110010000000000,000000001001000111000000100001110000,100100000000101000110001000010001000,000000000110010000001000001100000111,157,270ms
010011110000001101000000000000000010,001100000010000000000000000111011001,100000000000000000011111101000100000,000000001101110010100000010000000100,102,288502ms
001111100000100001000000000010000001,010000000010000010100110000100001100,100000010000010100001000011000010010,000000001101001000010001100001100000,133,8874ms
111010100000000000100000000010100001,000000000100011011001011001000000000,000000010001100100000100100100011000,000101001010000000010000010001000110,157,494ms
110000000100010011000100100000100000,001010010001000000100000010010010100,000000001010101100000000000001001011,000101100000000000011011001100000000,55,99479ms
010010101000101000000100000000010010,100100000000010101000011000100100000,001001010011000000100000000011001000,000000000100000010011000111000000101,75,6647ms
101011000101000000000010010000010000,000000010000101100010001100000101000,010100001000010000001100001010000010,000000100010000011100000000101000101,127,1953ms
011001010101000100100000000000001000,000000001010101000010000010110000100,100100100000010001001001000001100000,000010000000000010000110101000010011,157,857ms
011101011000001000000000000010000010,000000100001100010100001000000100101,100000000010000001001100010001011000,000010000100010100010010101100000000,157,2661ms
110010010001100010000000000100000010,001100001010010001001000000010000001,000001000100001000100100010000110100,000000100000000100010011101001001000,136,3301ms
001101100001000001000001110000000000,000000000100000100010100001010101010,100000011000010000101000000001000101,010010000010101010000010000100010000,121,28912ms
000010111000001000000110000000100100,001100000010000010000000100010011010,100000000100010000110001001101000000,010001000001100101001000010000000001,139,2575ms
100100111001000000000000000001001001,000000000010110000000011000100010110,001011000100000000101000010010100000,010000000000001111010100101000000000,142,6636ms
110000101000000001010000000111000000,000001000111110100100000000000000010,001100010000001010000001101000001000,000010000000000000001110010000110101,157,5381ms
101110010000000100000000010100000100,000001001000100010111001000010000000,000000000000010000000110001000111011,010000100111001001000000100001000000,150,25997ms
111001001000000000100000110000000100,000000100100110001010001000101000000,000110000001000100001100001000000011,000000010010001010000010000010111000,162,2336ms
110000001000000000001100000000110011,000101000010000010100010100011000000,000010010001100100010001001100000000,001000100100011001000000010000001100,127,3556ms
010101101000100000100010010000000000,100010000100010000000001000111100000,001000000010000110000100101000000101,000000010001001001011000000000011010,95,8181ms
000100100001000001000110010010000100,001000010000001100011000000101000001,000001000100100000100001100000011010,110010001010010010000000001000100000,14,971ms
011010011000101000000100000000000010,100000000101000000001000011000011100,000100100000010001000000100101100001,000001000010000110110011000010000000,78,22781ms
010100000100000011000101010010000000,000000011001010100000010001000011000,101011100000100000110000000001000000,000000000010001000001000100100100111,157,144ms
110010101010010001010000000000000000,000101010000000000100000101100100010,001000000100000110001110000010010000,000000000001101000000001010001001101,140,24924ms
011011111001001000000000000000000000,000000000000100000101100110000101001,000100000110010001000001000101010000,100000000000000110010010001010000110,121,5571ms
000101111000000010010000000000000101,101000000000000001100001010100100010,010010000101110000000010000000011000,000000000010001100001100101011000000,68,12824ms
111100101000010100000100000000000000,000011000101000011011000100000000000,000000000000001000000011010011100110,000000010010100000100000001100011001,110,43240ms
111011101000000001000100000000000000,000100010100001000100010000010010100,000000000000010110000000110100100011,000000000011100000011001001001001000,127,23296ms
101011011000100000100000000000000010,000000000101010001000101000011000100,000000000010000010000010101100111000,010100100000001100011000010000000001,112,43280ms
000010110000000100100100001010000100,000000000110100011011010000000001000,001000001001010000000001100100100001,110101000000001000000000010001010010,51,23850ms
000101101001010000000001000110000000,111000010000000000100010100000100001,000000000010000000001100010001011110,000010000100101111010000001000000000,34,50026ms
010101110000001001000010000100000000,000010000001010100100100000000100011,100000001110100000000000110000011000,001000000000000010011001001011000100,157,232ms
101111011010000000000010000000000000,000000100101001000000101001000000011,010000000000110001001000110000010100,000000000000000110110000000111101000,146,1131ms
001000011100010100000010010100000000,000011000010000000000001101000101010,000100000001001000111000000000010101,110000100000100011000100000011000000,91,2566ms
110000111000000000000100010001000100,000011000000000000011001001100110000,000100000101110001100010000000000010,001000000010001110000000100010001001,138,31089ms
101110000111000010000000000000100000,000000000000000000111000110100011010,000001011000101100000011001000000000,010000100000010001000100000011000101,177,18991ms
001010100000000000101101001000001000,010000001100000001010000000010010101,100100000010001100000000000101100010,000001010001110010000010110000000000,157,77556ms
101100000100001000000010000011001000,000001010011100000001001100000000001,010000100000000101100000010100000110,000010001000010010010100001000110000,157,759ms
010000110000000100001000111000000001,000001000000001000110000000110111000,101100001101000000000010000000000110,000010000010110011000101000001000000,134,11945ms
010010011000000100001000000000011010,000000100010001010000000100011100001,001101000101100001100000000100000000,100000000000010000010111011000000100,122,1863ms
100000101100000000000110100010000001,010001000001110100100000000000001010,001010010010000000010000010101100000,000100000000001011001001001000010100,139,78ms
110011000000000010000001000101001000,000100010010001001100000000010010001,001000100000100100000110001000000110,000000001101010000011000110000100000,127,3746ms
001110111000010000000000000001000001,010000000001000110110100010000000010,000001000000001001001010000100011100,100000000110100000000001101010100000,80,21303ms
111101000000100010001000001000000000,000010010001000000100001000101100001,000000001000010001010100010010011000,000000100110001100000010100000000110,122,10914ms
001100111000000100000001010001000000,100001000110001010101000000000000001,000010000000010001000110101100100000,010000000001100000010000000010011110,58,6091ms
011100110001000000100100001000000000,100011000100010000000000000101011000,000000000000001111010001110000000100,000000001010100000001010000010100011,89,222296ms
100101000100001101010000010000000000,010000001000110000000001001011000001,000000000010000000001110100100011010,001010110001000010100000000000100100,114,6549ms
100001001010000010001000100001000010,010110000100010000000010000000001101,001000100000101001000100010110000000,000000010001000100110001001000110000,92,742ms
001101111100000000000000000010000100,000010000001010100010110010000000010,000000000000001010101001101000110000,110000000010100001000000000101001001,70,19012ms
111010000000010001000001000001010000,000000110001001000001000101000100001,000001001010100110100000000000000110,000100000100000000010110010110001000,143,439ms
110001101000000001000001000000110000,001000010000000110000100000101001010,000100000010000000101010111010000000,000010000101111000010000000000000101,157,22127ms
111011001000000000001001000100000000,000000000001000111100000011000110000,000000000110100000000100000011001110,000100110000011000010010100000000001,129,9284ms
010101111000100001000000000100000000,101010000100000000110000000001000011,000000000000000100000111101010100100,000000000011011010001000010000011000,72,50243ms
100000010000110100000000110101000000,000000001110000001000011001010001000,011000100000001010101000000000100100,000111000001000000010100000000010011,124,1637ms
100001010100100000000000010010000101,010000001000000001001101001000101000,001000100011000010110010000000000010,000110000000011100000000100101010000,139,5536ms
001111111000000000000000000000100010,100000000001000010111100000010010000,000000000010110001000010011100000001,010000000100001100000001100001001100,109,10409ms
100010101000000100100000010001010000,011000000001110000000101000100100000,000101010000001011001010000000000010,000000000110000000010000101010001101,100,6236ms
010011101010100000000000000100010000,001000000000011100000000101010000110,000000010101000011000001010000101000,100100000000000000111110000001000001,92,9159ms
000001010100000100000000011010101000,001000000010100001000100000001010110,100110000000000000111000100100000001,010000101001011010000011000000000000,149,15130ms
001001011100010000000000000100010001,010100100001000000010001000000101010,000000000010101101001000001001000100,100010000000000010100110110010000000,62,40532ms
100010100001000000000000110001101000,000000001000110000000010001100000111,010001000010001011001000000010010000,001100010100000100110101000000000000,86,34570ms
100101010100010000001000000000100100,010000001001100100110000000000011000,000010100010001000000110011000000001,001000000000000011000001100111000010,104,3149ms
001101010000010001100001100000000000,000010100000000010000000010011001101,010000001010001100000100001000010010,100000000101100000011010000100100000,80,46815ms
010110011000000000000001001110000000,000001100100000100000100010000000111,100000000001001001101010000000011000,001000000010110010010000100001100000,177,237ms
010011111000000000100100000100000000,000100000000000100000001110011001001,100000000101111010001000001000000000,001000000010000001010010000000110110,157,633ms
111011011000000000000000001000000001,000000100000100010000010000100011110,000000000110011100111100000000000000,000100000001000001000001110011100000,157,1473ms
100000110000001000010101000000000011,000111001010000000001000100000110000,011000000101100001000000010010001000,000000000000010110100010001101000100,107,7632ms
100100010000000001010100011000000001,010011000110011000100000000000000100,000000001001100100000001000110101000,001000100000000010001010100001010010,63,42007ms
110011001001000000000000011000001000,000000100100000101101001000001000100,001000000010001000010100100110000001,000100010000110010000010000000110010,136,1474ms
100010010000000010001100100000110000,000000100000110001000000001110000011,001100000010001100100010000000001100,010001001101000000010001010001000000,85,4637ms
100110010000000110010100000000001000,000000000010110001000010000011000101,001000001001000000101000010100010010,010001100100001000000001101000100000,165,8790ms
100011011000000110000000000001100000,000100100011000000111001000000000010,011000000100100000000000101000011100,000000000000011001000110010110000001,131,5870ms
110001011100000000000010000100001000,000010100001001000111000000001000001,001100000010100001000001101000010000,000000000000010110000100010010100110,157,133ms
011110010001000100100000000010000000,000000000000001001010001111000001010,000000101010100000001000000101000101,100001000100010010000110000000110000,134,2357ms
100001110000000010010000001000110000,000100000000000000001001010101000111,001010001010011100000010000010000000,010000000101100001100100100000001000,108,46296ms
110011111000001000001000000000000000,000000000000000000110010001111010010,000000000011110100000100110000000100,001100000100000011000001000000101001,130,12623ms
110110010100000000100001000100000000,001001000010000101010100010000000100,000000101000011010001000001001100000,000000000001100000000010100010011011,163,196ms
100011111000100000000000000000010010,000000000100011001000011000010001001,011100000001000000010000011100100000,000000000010000110101100100001000100,152,1335ms
011010100000000000000011001000010100,000100010010010100101100000100000000,100000001100100000010000100000001011,000001000001001011000000010011100000,139,4158ms
101101000110001000000010000000100000,000000110000000000101000011101010000,010000000001010110000100100010000010,000010001000100001010001000000001101,144,3155ms
111110110000000000000000100100000000,000001001001010000001100000010010100,000000000100100011010010010000100010,000000000010001100100001001001001001,163,1699ms
011000001100010000100110000001000000,100010010000000110001000010100000100,000001100000001001010001001000010010,000100000011100000000000100010101001,78,4742ms
111110000000001001010010000000000000,000000001101000010000101000001001001,000000010000100100001000010110010100,000001100010010000100000101000100010,141,2091ms
011000111000000000001000100100001000,000001000010010110000001001001010000,100000000000100001100110010000100100,000110000101001000010000000010000011,157,1124ms
010001100110011000000010000000000010,000010000001100000100100000100100101,001000000000000110010000101011001000,100100011000000001001001010000010000,65,17815ms
100111000001100000100000000000100001,010000100100010000011000001000001100,001000010010000001000011010000010010,000000001000001110000100100111000000,128,636ms
011111101001000000100000000000000000,000000000010011000000100110110000010,000000000100100110011010000000011000,100000010000000001000001001001100101,133,22556ms
100010001001100000101000000000100100,000000010010011001000010000011001000,010000100000000110000001001100010001,001101000100000000010100110000000010,108,3120ms
011010110001010100000000000000000010,000001000000000001111100110000010000,000000001010001010000001000111000001,100100000100100000000010001000101100,101,37361ms
110010011000000000000100000010011000,001000000000100000010011110000100100,000001100000001100001000001101000001,000100000111010011100000000000000010,144,4186ms
010111000010000010100001010000000000,000000001100010000010000101010000110,000000110000000100001100000001110001,101000000001101001000010000100001000,112,16992ms
110111011000000000000000000001000001,000000000001000010001111000000001110,000000000110110000110000101010000000,001000100000001101000000010100110000,162,2493ms
001101110000000000100100000100001000,000000001100100001010000100001010010,110000000000010000001000010010100101,000010000011001110000011001000000000,157,3080ms
010111101000000001000000000100001000,000000000001001000001101110010000010,000000010010110110000010000001100000,101000000100000000110000001000010101,106,17790ms
010001110010000000000110000001100000,000000001000011100010000101010010000,000000000100000011100000000100001111,101110000001100000001001010000000000,82,13388ms
011000100010000100001000000100000110,000000001101000000000100100001101001,100100010000011010000011010000000000,000011000000100001110000001010010000,136,8395ms
001011001000001010001000000010000100,000000010101000000000100001001001011,100100100000100101100000010000100000,010000000010010000010011100100010000,118,1668ms
111111111000000000000000000000000000,000000000010000010100110011001000001,000000000101001101000000000100001110,000000000000110000011001100010110000,177,81ms
100101011010000101000000000000000100,001010000001001000000101010110000000,010000000000110000011010000000100011,000000100100000010100000101001011000,125,4439ms
111101101001010000000000000000000000,000000000000000010110100111000110000,000000010100001000000011000110000101,000010000010100101001000000001001010,157,412ms
011001110000100010010000000000001000,000010000011001000000000100010000111,000000000000010101101110000001100000,100100001100000000000001011100010000,76,20689ms
000001011000000010011110000000010000,000000000101110000100000010101100000,000010100000001101000001001000000011,111100000010000000000000100010001100,0,578ms
011101100000000000000100000000100101,100000010100000110000001000100001010,000010000000011001101010010001000000,000000001011100000010000101010010000,90,28801ms
100011001000000000000100000000110101,011100100010000100100000010100000000,000000000101011010000010000011001000,000000010000100001011001101000000010,80,37133ms
110001001100000101000000010010000000,000000000010001010100110100000110000,000100110001010000001001000101000000,001010000000100000010000001000001111,148,1762ms
000111101000100100000010000000100000,110000000010000001001100000000010110,001000000000001010000000111110001000,000000010101010000110001000001000001,76,1833ms
000011100100010010000000010000001001,100000001001100100001010000010000100,011000010010000001000100100001000010,000100000000001000110001001100110000,74,4109ms
011001100000001010001010000001000000,000010010010100100100001000100000100,100000000100010000010000001010011010,000100001001000001000100110000100001,157,1617ms
110101111000000000000000000011000000,000000000000001001101100000100010110,000010000100010010010010011000001000,001000000011100100000001100000100001,141,366ms
000100010000000100000110100000111000,011000000010100000100001010010000100,000010000001011001000000001100000011,100001101100000010011000000001000000,0,191ms
011011010000001000000000001010001000,100100100100010100100010000000100000,000000000011000010010000100100010011,000000001000100001001101010001000100,93,35553ms
000110001000100100001000001010000010,101000010010000001100000010000110000,010001100000011000000001100100000100,000000000101000010010110000001001001,88,1504ms
011001101000000001000000001001100000,100100000110001000000000000100011100,000010000001100010010011100010000000,000000010000010100101100010000000011,68,27063ms
010011000000100000011100000011000000,100100010001000000000000001100100011,001000001100000101100001100000000100,000000100010011010000010010000011000,84,3357ms
011111110000000000000000010010000000,100000000010000010011010000100001010,000000000000101001100101001000100100,000000001101010100000000100001010001,117,43331ms
011110111000010100000000000000000000,000001000000000001000110100101101000,000000000011000000101000001000010111,100000000100101010010001010010000000,118,69823ms
010100001000000110001001010000100000,001011000000001001000000100010001010,000000100101010000010010001001000001,100000010010100000100100000100010100,41,6984ms
011111000100001000100000000010000000,000000000000010010000111000001100110,100000101000000100001000101000011000,000000010011100001010000010100000001,177,199ms
000110101000000101001010100000000000,000000000010011010000001000100110010,110001000100000000110000010011000000,001000010001100000000100001000001101,177,329ms
101000101000001001000000100010000010,000101010110000000100011001000000000,010010000001100000011100010000000001,000000000000010110000000000101111100,112,117913ms
010110100000000100001000000000011100,001000001000000010010010011001100000,100001000101001001000001000100000010,000000010010110000100100100010000001,152,7346ms
001010111010000100000000000000001100,100100000000001000100001001011000001,000000000001100010001010100100010010,010001000100010001010100010000100000,60,47766ms
011001001000010010010000000101000000,000000000110001100001000001010100001,100000010000100000100010100000011100,000110100001000001000101010000000010,143,7360ms
101110111000000100000000000001000000,010000000000111001110001000100000000,000001000101000000001100010000101100,000000000010000010000010101010010011,159,5118ms
101010100001000000010100001000001000,000100001100110001001000100001000000,000000010000000010100001000110010101,010001000010001100000010010000100010,157,3698ms
000010101001000000000100001001000101,001101000000100000000010110100100000,110000010010000110011001000000000000,000000000100011001100000000010011010,102,25896ms
011111010100000000000100000000000010,100000100000100000010000100111001000,000000001000001011100011001000000001,000000000011010100001000010000110100,126,8669ms
010110010011100000001000100000000000,000001100000010101000100010000001001,101000001000000010010000001101010000,000000000100001000100011000010100110,160,7295ms
111111000000010000001000010000000000,000000000101001000100000000011011001,000000100000000010000111100100100100,000000011010100101010000001000000010,162,821ms
000011010010000000101000000000100011,110000000001010000000001010110001000,001100000000101000010100000001010100,000000101100000111000010101000000000,37,1852ms
101111111000010000000000000000000000,000000000101001010100011001001000000,000000000010000100001100100100010110,010000000000100001010000010010101001,154,2507ms
000101011000000010000001001000100100,110000000000110000000000110110010000,001000000100000101101100000001000010,000010100011001000010010000000001001,72,856ms
101000111000000000000000001101010000,010001000000111001000000010010001000,000000000111000110011110000000000000,000110000000000000100001100000100111,118,175531ms
110000100000010000101100010000010000,000000001100000001000000001011100110,000001010000001100000011000100001001,001110000011100010010000100000000000,102,58894ms
101110011100000000000010000000001000,010000000010010011001000100010010000,000000100000100100110000010101000100,000001000001001000000101001000100011,177,64ms
111000010010000000100000001000101000,000101100000110100000000010010000010,000000001000001001001101000101000001,000010000101000010010010100000010100,157,781ms
111000001000000100000101000000100001,000100000000001001010010000011001100,000000010101110000100000101100000000,000011100010000010001000010000010010,157,722ms
011011100010010000001000000000100000,000100000000001001000101001000000111,000000011001100000010000000110011000,100000000100000110100010110001000000,94,4922ms
010111111000000010000000000000100000,100000000000000001011011000001010001,001000000001110000100000110110000000,000000000110001100000100001000001110,135,34567ms
100010110000000000010000100001011000,011000000100000100000000000010100111,000101001011110000000001000100000000,000000000000001011101110011000000000,124,66995ms
100100001000001000101010000000010100,000000010111010000010000001000000011,000001000000000111000001110010001000,011010100000100000000100000101100000,61,3661ms
101111001110000000000000000000000010,000000000001001000101011001001100000,000000100000100101010100010110000000,010000010000010010000000100000011101,177,218ms
001010000010010000110001110000000000,000101100000000001000010000100111000,100000010100101100000000000001000101,010000001001000010001100001010000010,106,94153ms
100110011000000000000000011100100000,000000000000001101010101000000000111,001000100100110000101000100010000000,010001000011000010000010000001011000,177,2242ms
001100000001100011110000010000000000,000000010000010100000101100000001110,100010101010000000001000001100000001,010001000100001000000010000011110000,132,5549ms
111111001000100010000000000000000000,000000010000000100000010001101000111,000000100001000001101100100000110000,000000000110011000010001010010001000,166,1330ms
101101101001000000001000000000001000,000000010100000101110100000000110000,010010000000010000000010001101000011,000000000010101010000001110010000100,157,147ms
101001001001010100100000000000000100,000000000000001001011101000101010000,000000010110000000000000011010101001,010110100000100010000010100000000010,123,4379ms
110000110000100010100100000000100000,000000001011011001000000000010011000,001000000000000100001001101001000101,000111000100000000010010010100000010,104,16799ms
001110010000000000100100000000101010,010000001000011000011001010100000000,100000100010000010000010101010000100,000001000101100101000000000001010001,144,26608ms
110101100000000000000100100000001010,000000000000100000010000011110110100,000000001111000101001000000001000001,001010010000011010100011000000000000,100,45849ms
101111101000000000000000000001001000,010000010001000100100100010100100000,000000000100110011000011100000000001,000000000010001000011000001010010110,130,28562ms
011100011000000001000000010001000001,000001100001000000100101000010000110,100000000010011000001000100000111000,000010000100100110010010001100000000,130,24143ms
001000101001100000001100000010000100,000110000010000011000000011000001001,110000010100000100000001000001110000,000001000000011000110010100100000010,144,340ms
101010010000010000110000011000000000,000001100110001100000000000000100110,000100001000000011001011000000001001,010000000001100000000100100111010000,135,22383ms
000101100000000000100011000001001100,101000000010001001000000010010100001,010000001000110100001000100100000010,000010010101000010010100001000010000,97,15210ms
100110110000000000001000100100000100,001000001000010011000000011010000001,000001000010101000010101000000100010,010000000101000100100010000001011000,137,1779ms
001000010010000000010101100000001010,000000100001001010000010001001110000,010011001100010001000000000010000001,100100000000100100101000010100000100,98,9896ms
001001010010001000001000100101000000,110100100100000101000000000010000010,000010000001100000110001001000001100,000000001000010010000110010000110001,41,4289ms
001100010000001000100010000010100100,000000000110110000010000010100000011,110000100001000001001000101000010000,000011001000000110000101000001001000,130,3415ms
110110001000000001010001000010000000,000001110000010110001000110000000000,000000000111000000100010001000101100,001000000000101000000100000101010011,177,8571ms
000111100100100000000000010100001000,000000010001000011110100100001000000,011000000000001000001010001010010001,100000001010010100000001000000100110,130,12952ms
101110001100000000101000000000000001,000000000010001110000110000010100100,010000010000000001000001111001010000,000001100001110000010000000100001010,170,552ms
000001101000110010000101000000100000,001000010100000001100000000001000111,110010000011000100001000000110000000,000100000000001000010010111000011000,129,1886ms
101110110100000000001000000001000000,000001001000000010110010011010000000,000000000011110000000000000100111100,010000000000001101000101100000000011,177,1875ms
011011101000000000000100001100000000,000000000010101101000011000000000101,000100010000000000001000110011001010,100000000101010010110000000000110000,99,6098ms
111101010000000000010001000000100000,000000000111000010001100000101000010,000010000000111101100000011000000000,000000101000000000000010100010011101,157,3942ms
010111011001001000000000000001000000,001000000110010000000000000110011010,000000000000000110110100011000100100,100000100000100001001011100000000001,92,32159ms
101011111000000001000000100000000000,000000000000100100100010001110110000,000100000101011000000000000000001111,010000000010000010011101010001000000,157,2126ms
011000101000000001010010100000000100,100001000001000000101001011010000000,000100010100001010000000000001101010,000010000010110100000100000100010001,88,45859ms
000010100000000111000000100010000110,100000000101000000101010000001010001,010101010010111000000000000100000000,001000001000000000010101011000101000,84,66882ms
111000100110000011000000000001000000,000110000001000000101100000000110001,000001000000100000000011111000000110,000000011000011100010000000110001000,126,14778ms
110001100110001001000000000100000000,000110001000000010000110000010001001,001000010001010000011001011000000000,000000000000100100100000100001110110,157,1634ms
111101011000000101000000000000000000,000010100101010000000001000000011010,000000000010000000000110101110100001,000000000000101010111000010001000100,130,65860ms
110101110001000000000000000010001000,000000001100101000000001100101000001,000010000010010001011000011000000010,001000000000000110100110000000110100,118,4011ms
001100101000000000100101000010001000,000010010000100100011010000100100000,010001000010000010000000110000010110,100000000101011001000000001001000001,81,8323ms
000101001010000010000000000010011100,010000000101000000000111000000100011,000010100000110001111000000100000000,101000010000001100000000111001000000,62,2507ms
011101000001001001001000000100000000,000010000000010000110000010000110011,100000011000000100000101000011000100,000000100110100010000010101000001000,140,5364ms
011001111000011000000000000100000000,100000000000000001101110010000000101,000110000101000000000000101010101000,000000000010100110010001000001010010,136,3409ms
110011110000000010000000100000001000,001100000000000000000011011001010010,000000000111011000001000000000100101,000000001000100101110100000110000000,157,37348ms
010000000110101010000001010001000000,000011100000000100010000000010000111,101000000000010001001110101000000000,000100011001000000100000000100111000,97,47059ms
110111101000000000000001000000100000,001000000000100001100110000011000001,000000000110010100011000100100000010,000000010001001010000000011000011100,177,861ms
110011010000000000001010001010000000,001100000101000010000000110000000110,000000101010110000100001000001000001,000000000000001101010100000100111000,138,994ms
000100110000000011000000100010100001,011001001000000100000111000100000000,100010000001101000000000001001001100,000000000110010000111000010000010010,46,17691ms
111000111000100100000000000000100000,000111000000000011100010100000010000,000000000101010000001101000011000001,000000000010001000010000011100001110,139,33728ms
111010001001000000101100000000000000,000000000110101100010000000011100000,000100100000010010000011101000000010,000001010000000001000000010100011101,143,4523ms
000001111110000000000100100000001000,011100000001000100110000000000110000,100000000000101010001011010100000000,000010000000010001000000001011000111,109,2689ms
011100101000000000000000110100000010,100011010000010010000010000000101000,000000000000000101001001001001010101,000000000111101000110100000010000000,72,50891ms
101000100000000100100001000100101000,000000000011010001001000100010010001,000100011100001000010110000000000100,010011000000100010000000011001000010,144,2567ms
110001110000000000001010001001000000,001110000000001101010000010000001000,000000001101100010000101100100000000,000000000010010000100000000010110111,121,19780ms
000011111010000000010000010000000100,111000000000000110000011000011000000,000000000001100001001000000100101011,000100000100011000100100101000010000,45,16712ms
100010111010100011000000000000000000,010000000000000000011011010010001001,000001000101010100100100000001000100,001100000000001000000000101100110010,136,17234ms
110111010001000010000000000000010000,000000000000011000011101000001000110,001000001110100001000010000110000000,000000100000000100100000111000101001,177,34ms
000011101000000100000000011010001000,011000010100000011100000100001000000,100000000001101000001000000000010111,000100000010010000010111000100100000,65,9040ms
111111110000000000000100000000000000,000000000001010001101010100100100000,000000000000100010010001000011001101,000000001110001100000000011000010010,164,970ms
010111100001000001001000000001000000,001000000110000100010101000000100001,000000011000100010000000011000011100,100000000000011000100010100110000010,68,5803ms
111000110100000000000000000100001100,000000001001001110100000001010010000,000111000000100000000010110000000011,000000000010010001011101000001100000,177,56ms
001011111000000000010000010001000000,100000000101010000000000001110000101,010100000000000110100011000000001010,000000000010101001001100100000110000,106,39706ms
000100111100100000001000000001010000,100010000001010100110000000010000100,000000000010000011000011000100101010,011001000000001000000100111000000001,39,12477ms
100000111000000100000001010000100100,000010000100010000110000100110001000,010001000010001010001100001000010000,001100000001100001000010000001000011,94,9662ms
010111010000100000000000000001000011,000000100101000001000101001010001000,100000001010001100111000000000000100,001000000000010010000010110100110000,177,260ms
101101011000000100000100000000000010,000010000001000010000010101001010100,000000000110000000011000010100101001,010000100000111001100001000010000000,140,3708ms
101101100000000000011010000100000000,010000000010001001100001000000101001,000010000000110010000100011000000110,000000011101000100000000100011010000,133,215ms
111000101010000000000000000100000101,000100000100110100000000001000111000,000011000000001010110100100000000010,000000010001000001001011010011000000,157,393ms
000100001000001000000011000111001000,110000000000000011010100000000110100,000001110011010000000000110000000001,001010000100100100101000001000000010,30,4484ms
101010001010001100000000000011000000,000001000000010000100010001000101011,000000100001100010001100000100010100,010100010100000001010001110000000000,90,55246ms
000100000101000100001110000001000001,000000001010010010000000101000101100,001010110000101001000000010010000000,110001000000000000110001000100010010,54,11739ms
001101011000000000010000100100000100,010010100101000000101100000000010000,100000000000111001000000010001000011,000000000010000110000011001010101000,117,67826ms
101100100001011000000001000001000000,000010000000000110100000011010010001,000000000100000001010110100000001110,010001011010100000001000000100100000,94,16153ms
101111110000000000000000100000000100,000000000000000100100000011111000011,010000000101010001000111000000001000,000000001010101010011000000000110000,164,2563ms
101001010000000011000010000010000001,000110100100100000001000100100000100,000000001000011100010000011000101000,010000000011000000100101000001010010,81,2163ms
010111110000100000000000100000000010,000000000100010000000111010001011000,100000001000000101111000000110000000,001000000011001010000000001000100101,177,49ms
100000100000000001000100001110011000,001111010000100000001001000000000100,010000001101000000100010100000100001,000000000010011110010000010001000010,104,14282ms
000110100100100010101000001000000000,010000001000001001000000010000110101,100000010010010100010100100000000010,001001000001000000000011000111001000,163,13090ms
010001011000000110010100000000010000,101000000011010000001000110010000000,000010100000001000000010001100001101,000100000100100001100001000001100010,62,3996ms
010010110010001001000010000000001000,100001000100010100100000001001010000,001000001000000010001000010010100011,000100000001100000010101100100000100,63,10351ms
010000011010010000110000000000001010,101010000100100010000000100001100000,000000000000000101001101010100010001,000101100001001000000010001010000100,43,2212ms
110010111000000000001001000000010000,000100000001000000000010011100001011,001001000100011001110100000000000000,000000000010100110000000100011100100,157,2148ms
000011001010000100000100001000110000,101000000001000010011010100000000100,000000110000010000100001000111000001,010100000100101001000000010000001010,54,8679ms
111110011100000000100000000000000000,000000000000001111000100011100010000,000001100011110000000010100000000010,000000000000000000011001000011101101,177,31ms
010000111100000010000001100000000001,000111000000100001000000011000100010,001000000011001000001110000001000100,100000000000010100110000000110011000,69,7685ms
110100111000100001000000000100000000,000001000011001000110000010010001000,000000000000010110001000001001010011,001010000100000000000111100000100100,127,2100ms
100110100000000010001000000001001100,000000000000001100010111000000110010,010001001010100000000000101100000001,001000010101010001100000010010000000,143,7730ms
100001101000010000000000001000100011,010110000100101000001000000110000000,001000010001000111000000010000011000,000000000010000000110111100001000100,70,13664ms
111100110000000000000000000000001101,000000001100000100100010110000100010,000000000001111001001001000001010000,000011000010000010010100001110000000,137,2647ms
111110111000000000000000000000000001,000001000000111011100000010000000010,000000000100000100000101001011001100,000000000011000000011010100100110000,166,2319ms
010001001000000001000000000010101110,000010100010100010000100000101000001,101100000100001000110001010000000000,000000010001010100001010101000010000,157,11926ms
011010101000010000010001100000000000,000001000010000100001000000010110101,000000000101100001100110000101000000,100100010000001010000000011000001010,112,17422ms
111100000000000001000110010000000100,000001000111001010100000001000000010,000000001000110000001001000010011001,000010110000000100010000100101100000,104,12056ms
110000011010001010000010000000000010,001010000001110001010100000001000000,000000000100000100101000011100110000,000101100000000000000001100010001101,137,50361ms
110110000001000000000100101000010000,001001110000001001010000000000000011,000000000110010110100010000000100100,000000001000100000001001010111001000,152,12778ms
100111111000000000000000001001000000,010000000010101100100110000100000000,000000000001010001001001010000001101,001000000100000010010000100010110010,138,4724ms
101110100000011000000000100000000010,010000000110100100100011010000000000,000000010000000000010100001111000101,000001001001000011001000000000111000,177,96259ms
110100101100001000010000000000000001,001001010000000010000011010011000000,000000000010110100000100101000010010,000010000001000001101000000100101100,115,19919ms
001110101000000010001101000000000000,000000010100001000010000011011000001,100000000010010001100000000000111010,010001000001100100000010100100000100,156,15445ms
110110101000000010010010000000000000,000000000000100100001000100001011101,000000010011010000000100011110000000,001001000100001001100001000000100010,149,1767ms
101011001000000000000010000001001100,000000010010010001001000001010110000,010000100001000000010101010100000001,000100000100101110100000100000000010,144,2617ms
110010000100001000101100000100000000,000001100001100000000001010000100110,000100000000010100010010000010011001,001000011010000011000000101001000000,151,277ms
111101111000000000000000010000000000,000010000000000001011011000010001001,000000000011010100100100100000100010,000000000100101010000000001101010100,157,318ms
011010010010010000001000001000010000,100000000000000110100110110001000000,000100001000101001010001000010000010,000001100101000000000000000100101101,52,71436ms
001110000001100000000000100001110000,100000100000010101101010000000000010,000000000100001010010001010110000001,010001011010000000000100001000001100,80,8513ms
001001100000010000000110010001100000,000000001000001100001000101100010001,100100000110000001010001000000001100,010010010001100010100000000010000010,106,1669ms
110110110000000100000000100000001000,001000000001001011000100000110000001,000001000100010000101000010001100100,000000001010100000010011001000010010,168,1603ms
000010010100100010001000000110010000,100001000001010001000000111000000010,010100101000000000010110000000001100,001000000010001100100001000001100001,106,9191ms
111100100000001001000010000000000001,000000001100000100001100011001000100,000011000001100010100000000010001010,000000010010010000010001100100110000,128,1096ms
100110000100100000010010000000100100,001001000000010110001001000010010000,000000111000001000100000011001001000,010000000011000001000100100100000011,138,334ms
111011111000000100000000000000000000,000000000001010011000010000000111010,000000000010101000111001110000000000,000100000100000000000100001111000101,136,1208ms
111110001001010000100000000000000000,000001100000101101010000001010000000,000000000010000000000100110101111000,000000010100000010001011000000000111,151,2762ms
001110011001010010010000000000000000,000001000000001000001100101011000001,000000000000100100000011000100111100,110000100110000001100000010000000010,71,76777ms
000010000010010000011000011101000000,000000101000100001100010100000110000,100101010001001000000100000010000100,011000000100000110000001000000001011,113,1095ms
111011100000100000000000000000110000,000000000000011110010000011000001010,000100011110000000000101000100000001,000000000001000001101010100011000100,157,45ms
110101011000000000000000011000100000,000000000000000010011000100101010011,000010100000100101100011000000000100,001000000111011000000100000010001000,151,2647ms
111111011000001000000000000000000000,000000000001000001001100000011100110,000000000010100100100010101100010000,000000100100010010010001010000001001,173,1324ms
101010101000000100000010001000000001,000000000000010000110100000111010010,000001000010100001000001100000101100,010100010101001010001000010000000000,66,60695ms
011111111000000000010000000000000000,100000000100010000100110001001000010,000000000010101101001001000000011000,000000000001000010000000110110100101,120,19209ms
110111001000000000000000000010100010,000000000100000011100101100100010000,001000110011011000000000010001000000,000000000000100100011010001000001101,177,1135ms
001111011000100100000000000100000000,110000000001000000010100110001000001,000000000000011001101001001000011000,000000100110000010000010000010100110,98,20437ms
011101101010000000010000100000000000,000000010000001010001100001010000110,100010000100110101100000000001000000,000000000001000000000011010100111001,157,436ms
001000100000100001000110001100000100,110010000000000100100001000001110000,000101001010011000010000000000001001,000000010101000010001000110010000010,33,2962ms
001100100010000010001000000101001000,000010001001010000000001110010000001,100000000000101101000010001000000110,010001010100000000110100000000110000,86,8432ms
011000010001010110000010000000010000,000000001010100000111000010010000001,000111000000000000000001100001100110,100000100100001001000100001100001000,91,16231ms
111010010000000011000000000000100001,000000101000010000001111001000010000,000001000110001000000000100110001100,000100000001100100110000010001000010,157,1645ms
101011100100000001000000000001010000,010000010000000000110101001100001000,000000001000101010001000100010000011,000100000011010100000010010000100100,111,22472ms
101000001000000100001001000110000100,010000100000101001000000110001000001,000101000100010010010010001000010000,000010010011000000100100000000101010,136,1253ms
111111101010000000000000000000000000,000000000100000100101000101100000110,000000000001110011000010000010001001,000000010000001000010101010001110000,162,289ms
100111100000100001000000000100000010,011000010010011000000100000000000101,000000000101000000011000111010100000,000000001000000110100011000001011000,138,4884ms
111100011010110000000000000000000000,000010100100000100100101110000000000,000000000001000011001000000100100111,000001000000001000010010001011011000,144,7305ms
001111010000000100000000000001100001,100000000010000011000110101000000100,000000100101110000000001000110000010,010000001000001000111000010000011000,114,10818ms
010010100001000011000000000010010010,101000000000001000001001110000001100,000000011010110000100010001000100000,000101000100000100010100000101000001,65,14572ms
100010011010000000010000001000100010,000000000101100100100101000011000000,011001100000011001000000000000000101,000100000000000010001010110100011000,130,17266ms
110101101110000000000000000000100000,000000000000011010100010000101010010,001000010000000001011100000010001001,000010000001100100000001111000000100,144,357ms
100100110001001000000000000000000111,010000001010000101000000101010100000,001001000000110010000101000001010000,000010000100000000111010010100001000,83,5764ms
000100101000000111100100000100000000,011000000100000000010001001010100010,000010000001101000001000010001000101,100001010010010000000010100000011000,37,1299ms
100111110000000100000000000100000100,001000001000100000000011100000010011,000000000011000011011000010001100000,010000000100011000100100001010001000,139,14475ms
101001011010001000011000000000000000,010000000101000100100110000000100001,000010000000010000000001001101011010,000100100000100011000000110010000100,122,3598ms
001100110001100000000000010000000011,010011000110000001010000000010010000,000000000000011000001011100101001000,100000001000000110100100001000100100,38,8051ms
000000000000010010011100010110000100,010011001000001101000000100000100000,001100100100100000000010000001010010,100000010011000000100001001000001001,51,14874ms
110100110010100000000000100000000010,001011000001001010000100000001000100,000000001000010100001000001010110001,000000000100000001110011010100001000,90,44327ms
101000000000001110000000010010011000,000110101000000000010011000001000001,010000010110010001000100100100000000,000001000001100000101000001000100110,120,9598ms
100011110000100000000010100000010000,000000000010010100010101000100100100,000100001001000011000000010000001011,011000000100001000101000001011000000,76,6835ms
011100001000100010000010000000110000,000010100101000000000001100001000011,000001010010000100100100001010001000,100000000000011001011000010100000100,69,5518ms
101011110000000000000010001000100000,000100001001001100000000100100011000,010000000100110001001000000011000010,000000000010000010110101010000000101,144,4811ms
010000100100000001100100000010010001,100010000000010000011000001001001100,001001001000001100000011100000000010,000100010011100010000000010100100000,92,5860ms
011100100010001000010000010001000000,100011000000110000000001000100000101,000000000100000111001000001010001010,000000011001000000100110100000110000,71,32659ms
001101001100100000010000001000000001,100000010010001001100010000001010000,000010000000000100001100110010101000,010000100001010010000001000100000110,42,6739ms
011100010000001010000000010000001100,000001101010000001101000001100000000,100010000101000100010000100010000001,000000000000110000000111000001110010,157,5230ms
000111000001000010001100000000011000,101000000000001100100000010001100100,000000010010000001010011000100000011,010000101100110000000000101010000000,59,1247ms
110001000001000000000001011000011000,001000000100110010000000000011000101,000000100000000101110110000000100010,000110011010001000001000100100000000,88,27724ms
010000010000010010001000010000001101,101100000100000000110010001000100000,000010100011001100000100000010000010,000001001000100001000001100101010000,0,2088ms
111100111000000000000000000010000010,000000000010011001000011001000011000,000011000100100000110000010100100000,000000000001000110001100100001000101,157,34ms
010101000000010010000000100001001100,100000000111100000100000010000100010,001000100000001101000111000100000000,000010011000000000011000001010010001,61,6754ms
101000011111000000000010000000100000,000111000000000000100101001000001100,000000000000111000001000100111000001,010000100000000111010000010000010010,124,10094ms
100001000000000100101100101001000000,001010010010000010010010000100000010,010100100100100000000001010000010001,000000001001011001000000000010101100,127,31288ms
010010000100000000010000101000101010,001100001001000000000111000000010001,100001010000110011000000010010000000,000000100010001100101000000101000100,103,11250ms
011101010100000000001001000100000000,000010101000000010010010001001000100,000000000011001101000000000010001011,100000000000110000100100110000110000,90,53222ms
011011000001001010001000000010000000,100000001000000100100011100001100000,000100000010100001000100000100010110,000000110100010000010000011000001001,90,8265ms
101011101000000000001000100000100000,010000000101000100000011001000000011,000100000010010011100000000101001000,000000010000101000010100010010010100,157,91ms
001100011000100001000010100000000010,010000000101001000010001001000101000,100010000000010010100000000110000101,000001100010000100001100010001010000,157,895ms
011001011100000100001010000000000000,100110000010000010000100000001000110,000000100001100000100001010010101000,000000000000011001010000101100010001,95,37313ms
110011011000000001000000000000001100,000000000110000010010000110101100000,000100000001110000101011000000010000,001000100000001100000100001010000011,123,7173ms
001101000010000001100100000000010001,100000100000001100010010000110000010,000000001000110010001001110000000100,010010010101000000000000001001101000,29,3650ms
100000011100000001000000000011011000,000001000000010010000011011100000100,010010100001100000011000100000000001,001100000010001100100100000000100010,144,1511ms
100001100100000100000010111000000000,001000001000000000100000000011101011,000100000000111010010101000100000000,010010010011000001001000000000010100,92,14673ms
110110111000001000001000000000000000,001000000001000011000000110010100010,000000000010100000010010001101000101,000001000100010100100101000000011000,163,4804ms
011000110000001010100100000010000000,000110001010000000000010100100000110,000001000100000001011001001000101000,100000000001110100000000010001010001,77,12536ms
000000100010000110000001000000100111,100000001001010000011000001100001000,001001000000100001000010110010010000,010110010100001000100100000001000000,0,325ms
001111000001000000001001000010001000,100000100000010000100110100001010000,010000010010100100010000001000000101,000000001100001011000000010100100010,88,12354ms
001011101000001010010001000000000000,110000000010100001000100011100000000,000100000101000000101000000010001101,000000010000010100000010100001110010,101,2484ms
000000101100011000101000100000001000,011011000001000000010000001000000011,000000000000000110000011010110010100,100100010010100001000100000001100000,37,4008ms
100100011000111000000000001000000010,010000000100000110110000010010000100,001010100001000000001100000000110001,000001000010000001000011100101001000,101,3931ms
011111001100000000000000100001000000,000000000001000010010101000000110101,100000110010000100000000010010001010,000000000000111001101010001100000000,177,282ms
110011100010010000010100000000000000,000000000000101100100000101100100010,000000010101000011001011010000000000,001100001000000000000000000011011101,135,269167ms
100000001100000000100011001101000000,001001100000110000001000010000100001,000100010010001000000100100010010010,010010000001000111010000000000001100,122,139ms
000000001000110101010000001000001001,000010100101000000000100100101000100,110001000010000010100001010000000010,001100010000001000001010000010110000,100,2186ms
111010011000000001001000010000000000,000100000011000100100000000100101100,000001000100111010000100000001000001,000000100000000000010011101010010010,127,34201ms
010110110000000010100000000100010000,101000001000100100000100100010000010,000000000100001000010011000001101100,000001000011010001001000011000000001,118,11930ms
111001101000010001000000000000000010,000000010000101110000001010000011000,000110000011000000101010000011000000,000000000100000000010100101100100101,177,200ms
110011101000000000000010011000000000,001000000001000001011100000101100000,000000010100010110100001000000000110,000100000010101000000000100010011001,153,568ms
001001001001000000101001000000100001,000000100100100001000000010110010010,010010000000010110010000100001001000,100100010010001000000110001000000100,70,10352ms
100011101000001000010000100100000000,010000000000010001000010000000111110,001000000111100000000001001011000000,000100010000000110101100010000000001,141,1004ms
011001000101001000000100000010000100,000100001010000001101001000001000010,000000110000010010010000100100101000,100010000000100100000010011000010001,96,2659ms
010001010101000100000000100000101000,101000000000010010010000000110000101,000100000010001000101101010000010000,000010101000100001000010001001000010,68,13162ms
001111110000101000000100000000000000,000000001000000100111010101001000000,000000000011000001000000010000110111,110000000100010010000001000110001000,96,61883ms
010011010100000000001010001000000100,000100000001010010000101010000001010,000000101010001101000000000101100000,101000000000100000110000100010010001,107,8504ms
111001100101000000000001000001000000,000100011000110001000000000000100101,000010000000001000011100010100010010,000000000010000110100010101010001000,144,21323ms
101010110001000000000000000000010011,000000000110001000001101000101000100,000000001000010110010010011000001000,010101000000100001100000100010100000,87,21485ms
000110110000000001000011000001010000,011001000010000100010000001000000110,000000000000101000001100010110101000,100000001101010010100000100000000001,40,8946ms
001000110001000100000000000010011001,010101000100000010011010010000000000,000010000010100000100100100100000110,100000001000011001000001001001100000,47,34537ms
110111110000000000000100100000000000,001000000001100011001001000000011000,000000001010000100000010001111100000,000000000100011000110000010000000111,147,3847ms
010010001000001000100100010100000100,001001000000000110011000000000110010,100000110110110000000000001010000000,000100000001000001000011100001001001,157,238ms
011011011000000000100000010000000010,000100100100101000000011000001010000,100000000000000111010100000000100101,000000000011010000001000101110001000,157,1749ms
110110011100010000000010000000000000,000000100001000110100000010100000101,001001000000001000001100100010110000,000000000010100001010001001001001010,154,1580ms
010110001001010001101000000000000000,100000000100001000010000010101000110,001000100010000000000111000000101001,000001010000100110000000101010010000,120,7664ms
011110101000000000100010100000000000,100001010100010100000101000010000000,000000000001001001011000010000100011,000000000010100010000000001101011100,135,27137ms
010001111000100001000000000010010000,100000000010000110010000101000001001,000010000100001000101000010100000110,001100000001010000000111000001100000,101,5929ms
110100011100100000000000001000010000,000010100000010110000000010100100100,001000000001001000001100000010001011,000001000010000001110011100001000000,133,3678ms
101001111010000000010000000000000100,000110000000010101100000000010011000,000000000000001010001101010000100011,010000000101100000000010101101000000,86,6685ms
101001100001010000000000010001010000,000010010000000110100010001000001010,000100001010101000001100000000000101,010000000100000001010001100110100000,97,747ms
101101010000100100000000000000000101,000000101010010000110000000100101000,010010000000001011000110010010000000,000000000101000000001001101001010010,119,5601ms
111001000110001000000000010001000000,000110100001000001101001000010000000,000000010000100000000010101000110110,000000001000010110010100000100001001,124,5239ms
001001101000000000001100010010000100,000000000100110001110000000000100011,010110010010000110000001000001000000,100000000001001000000010101100011000,104,21723ms
100100100100100100001000000100000100,000001000000011010110110000000100000,011000000001000000000001011001010010,000010011010000001000000100010001001,143,2168ms
010001000010000010000000000101110001,101000010100000000101110001000000000,000110001001110001000000000000001100,000000100000001100010001110010000010,97,100620ms
010100101000000000000001001011010000,101010000101001000001010000000100000,000000010000100001100100010000001110,000001000010010110010000100100000001,50,17168ms
000001100001000100100100101000000010,000000000100000001010001010010101100,101010001000011000000000000100010001,010100010010100010001010000001000000,118,73969ms
001011011000000100100000000001000010,000000000010110011000000001100001100,100000100100000000010011010010100000,010100000001001000001100100000010001,133,541ms
111001011000100000000000001000000100,000100000100000000000110110101000001,000010000011000001111000000000001010,000000100000011110000001000010110000,157,546ms
001110100100000001001010000010000000,100000001001000110010000010001000010,000000010010110000000001000000101101,010001000000001000100100101100010000,65,7681ms
101010111000000000000000101100000000,000001000001000010000001010001010110,000000000010001001011010000000101001,010100000100110100100100000010000000,119,6301ms
110111100000000000000100100000100000,000000000000011101001011010001000000,001000001101000000000000000010011101,000000010010100010110000001100000010,177,1295ms
001011100000000000000001100000011100,110100000100100001100000000100000010,000000000001011100001100011001000000,000000011010000010010010000010100001,21,2919ms
110100010000000000000110011000010000,000000000011100001000000000011001101,000001100100011100010000000000100010,001010001000000010101001100100000000,126,60564ms
011110110000001000000000000010000010,100000001000000001000000001101110001,000000000100010100111010000000001100,000001000011100010000101110000000000,129,65340ms
011110011000100100000010000000000000,000001000010010000010000111000001100,100000000000000011000001000110110001,000000100101001000101100000001000010,177,4434ms
001010001000100000100001001010000001,000000010101000001000100010000101100,100000100000010110001010100100000000,010101000010001000010000000001010010,123,3336ms
011010111000000100000000000100000010,100101000000011010000100010001000000,000000000001000001011010100000111000,000000000110100000100001001010000101,81,116332ms
010100100001001100010000010010000000,001000000010100001100000000101100001,000000011000010010001011101000000000,100011000100000000000100000000011110,59,64076ms
000111111000000000000000000110000010,000000000100000000111000011001000101,100000000011100101000010000000110000,011000000000011010000101100000001000,152,27247ms
010011011000000100001000000001100000,000000000100000010100001011110000010,000100000010111000000010100000011000,101000100001000001010100000000000101,48,5409ms
110001010000001000000110000000011000,001000000010100100100000000010000111,000010101100010010010001001000000000,000100000001000001001000110101100000,152,2602ms
001010010010000110100000010000010000,100001000001100000010001000001001001,010100001000011000000010000010100010,000000100100000001001100101100000100,75,7550ms
101100101000000000001000001001000001,010000000001100000010010000000011110,000001000100010111100001000010000000,000010010010001000000100110100100000,141,1296ms
101001101000000010000001000010001000,000110000010001100101010000000000010,010000000000000000010100111000010101,000000010101110001000000000101100000,120,61669ms
000011110000000010001000000010000011,010100000000000100110111000000010000,001000000101101000000000001101000100,100000001010010001000000110000101000,67,32959ms
011101001001100100000000000000000001,100000000010001000010001100010000110,000010110000000001000100000101110000,000000000100010010101010011000001000,101,62416ms
000000010100101000000011111000000000,101010001001000000010000000001010001,000001000000010100000100000110100110,010100100010000011101000000000001000,13,18291ms
010001101001101000001000100000000000,100100000000000000110110000101000001,001010000000010100000001011000010100,000000010110000011000000000010101010,56,101283ms
011011001000100000010000010010000000,000000100001001001100010000001010001,100000010000000010001100100000001110,000100000110010100000001001100100000,157,1650ms
100100101000000101001000000001100000,000001000010100000110100100100000010,001010000001000000000010011010001001,010000010100011010000001000000010100,102,5828ms
011101110000000001000001000000010000,000010001010001000001100111000000000,100000000001110000110010000001100000,000000000100000110000000000110001111,157,30091ms
001110001000100000010000000000100101,100000000010000110101100010100000000,010000100000010001000010100011001000,000001010101001000000001001000010010,83,9751ms
101101110001000000000001000010000000,000010000000000000100000100101011110,000000000110111011000010001000000000,010000001000000100011100010000100001,136,41113ms
101100110000001001000100000001000000,000000000110100000010010001010001010,010001000000010110001000010000100001,000010001001000000100001100100010100,107,3665ms
010011100000000110000010000001001000,100000001110001000100001010000000100,000000000000000001011000100110100011,001100010001110000000100001000010000,47,23252ms
111010111001000000000000001000000000,000101000100011001000000000000010011,000000000010100100001010100001100100,000000000000000010110101010110001000,122,72219ms
000000011100111000010000000001000010,000000100010000000100001000110010101,000011000001000101000110001000001000,111100000000000010001000110000100000,0,3256ms
011110100001100000000000100100000000,000001000100000100010110010000110000,100000011000000001001001000000000111,000000000010011010100000001011001000,154,2843ms
001100001000000101010001000100010000,100001000100001000001000001001101000,010000000011010010100000110000000001,000010110000100000000110000010000110,93,2212ms
000110111000100000000000000000100011,111000000100000001000000110000001100,000001000011010100001011000100000000,000000000000001010110100001011010000,62,23037ms
000100011100001110100000100000000000,110010000000010001000000000010001110,000000000000000000011100001101110001,001001100011100000000011010000000000,39,638525ms
001010101000000010000000000001111000,010000000100000001101000100110000010,000001010011100100010100000000000001,100100000000011000000011011000000100,59,17906ms
000111110010100000000000000010000010,101000000101011010000000000100000001,000000001000000100100000111000101100,010000000000000001011111000001010000,65,12369ms
101101111100000000000000100000000000,010000000000011011001100000100001000,000010000001100100100000010011000001,000000000010000000010011001000110110,157,218ms
111001111100000000000001000000000000,000110000001000010100100100001001000,000000000010001100010000011100000011,000000000000110001001010000010110100,143,4146ms
100001011000000010000000011000110000,001000100000000100001010100001000110,010110000010000001010100000000001001,000000000101111000100001000110000000,134,10492ms
111101100010000000000000000000000011,000000000100100010001010111010000000,000010000000011100000101000100100100,000000011001000001110000000001011000,137,3135ms
000111010000000010000100011100000000,001000000011000000000011100001100010,000000000000101100011000000010011100,110000101100010001100000000000000001,56,8756ms
011110001100000001010000000000000100,000000100010010000000100001010011001,000000000001001000101001100101100000,100001010000100110000010010000000010,140,12265ms
001001110010000000000110000000000101,110000000000110000001000000101110000,000110000001000101100001001010000000,000000001100001010010000110000001010,82,7908ms
010100011100000001010100000000100000,000001000000110100000001001101000001,000010000010001010100010010010001000,101000100001000000001000100000010110,80,8064ms
111101110000000000000000000001000100,000010001000101000001110011000000000,000000000000010001110000000110110010,000000000111000110000001100000001001,157,3043ms
100101100100000010011000010000000000,001010000000000001000001000000011111,010000001001101100000100100000100000,000000010010010000100010001111000000,140,15312ms
000101000100000100000100001100101000,000010110000000000000010100010000111,100000001001101000100001010000010000,011000000010010011011000000001000000,102,15853ms
010110101000000000001100001001000000,100000000001000001000010010110000110,001000000000011110000001100000110000,000001010110100000110000000000001001,91,7333ms
110100100000001000001000000010010001,001000000000000101100010011100001000,000000000110110010010101000000100000,000011011001000000000000100001000110,114,28150ms
001000111001010000000001000000010001,100000000010000001000100001001101010,000100000000101110101010000010000000,010011000100000000010000110100000100,26,8833ms
000000111001000000100001101000001000,101000000100000001001000000001000111,000100000010000100010100010110100000,010011000000111010000010000000010000,38,15272ms
000111001011001000010000000000001000,000000100000000101101010001001000001,001000010000000010000000110100100110,110000000100110000000101000010010000,91,3788ms
100011010000100000010100000011000000,001000001001000010000010001000011100,010000000100001101100001000100100000,000100100010010000001000110000000011,157,32ms
111100010000000000000010000010100100,000011001000000001100000000101000011,000000100010100100000101011000001000,000000000101011010011000100000010000,100,83820ms
010010111000000001000100000010000001,000000000001000110011010111000000000,001101000010100000100000000000101010,100000000100011000000001000101010100,85,12623ms
000010011010001000000011010000000100,000001100100010011010000000000011000,010000000000100100101000001010000011,101100000001000000000100100101100000,33,5521ms
100111001001001000000000001010000000,001000000010100000111101100000000000,000000110100010110000000000001000101,010000000000000001000010010100111010,175,30992ms
110101000001000000001000011000010000,000000000100000100000110000110001101,000000111010100010010000000001100000,001010000000011001100001100000000010,109,16690ms
001010011000000001010000100100000001,000100000010010100100000001011000010,100000100100100000001010010000001100,010001000001001010000101000000110000,139,1114ms
000110011100000100100000101000000000,000001000010000010000011000011010100,111000100000001001000100000000100001,000000000001110000011000010100001010,177,1649ms
110010110010010000010000010000000000,000100000001000010000001001001010110,001001000000001101101000000000100001,000000001100100000000110100110001000,157,257ms
100110001001000000010000001010000100,001001010010001001001000000000001001,000000100100000110100000000101110000,010000000000110000000111110000000010,153,2205ms
111000000010000100010110000000000100,000110100000001010000001000110001000,000001001100100000101000001001000001,000000010001010001000000110000110010,131,763ms
110100001000000000111000000000010001,000000000001000110000000010100101110,000011100010001000000100001011000000,001000010100110001000011100000000000,132,11283ms
111011010100000010000000000000001000,000000100001101000100001000110000001,000000000010000100000110010001110100,000100001000010001011000101000000010,146,3374ms
011010001101001000000001000000000100,100101000000100000101000010000011000,000000110000010110000000001100100001,000000000010000001010110100011000010,93,45590ms
010100111000000010100001010000000000,001000000110001000000100100000111000,000001000000110001001000001001000101,100010000001000100010010000110000010,79,9141ms
011000011000000010011101000000000000,000000000110100101100000000100100010,100110100001000000000000000010001101,000001000000011000000010111001010000,177,1768ms
011111011000000110000000000000000000,100000000000001000111100011010000000,000000100110010000000010000000111100,000000000001100001000001100101000011,137,15755ms
100010000010000100100100011000000010,001100001000001000010000000111001000,010000000001100010001010000000110100,000001110100010001000001100000000001,78,19228ms
101010011000100010000000001000001000,000100000100010001000101010000000011,000001000011000100100000100000110100,010000100000001000011010000111000000,133,4144ms
100001111000100101010000000000000000,000100000000001000101000000110011001,001000000010000010000110100000100110,010010000101010000000001011001000000,87,13731ms
100000000010001001000011010001010000,001000000001110000001100000010100010,000101110000000010000000101000000101,010010001100000100110000000100001000,66,600ms
010100010000000011100100110000000000,000000100100100000000010000011011100,100011001011001000000000000100100000,001000000000010100011001001000000011,157,3650ms
100101001001001000101001000000000000,011000000000000110000010000110100001,000010000000010001010100001001001010,000000110110100000000000110000010100,115,7146ms
101000010100000010000101100000100000,000100101010000000100000010101010000,000001000000100100011010000000001011,010010000001011001000000001010000100,81,4732ms
001110110001000000000100101000000000,010000000000000111001000010110000100,000000001000100000110001000001011010,100001000110011000000010000000100001,101,14396ms
000101010000010010001000000110001000,011000001001001001000000110000000001,100000000110100000100100001001000100,000010100000000100010011000000110010,128,7965ms
111111010100000000000000000010000000,000000100000101001010000000000101101,000000000010010010101111001000000000,000000001001000100000000110101010010,177,337ms
011100000000001111000000100000000001,100000000000100000110011010011000000,000001101000000000000100001000011110,000010010111010000001000000100100000,57,38057ms
111000011000010001100000000000000100,000100100110000110000000100000010001,000000000000101000011000011011000010,000011000001000000000111000100101000,122,15699ms
