010010010100001111000000000000000001,100101001000000000000000111000010010,001000100000010000001100000011100100,000000000011100000110011000100001000,47,81734ms
010001010100000000010000000001010110,101000100000010100000111100000000000,000010000000101001100000011010000001,000100001011000010001000000100101000,56,8902ms
111111011000000000000000010000000000,000000000010000100000110000110000111,000000000001100001100001001001101000,000000100100011010011000100000010000,177,316ms
010000011010010000001100010010000000,101001000000001100010010000100000010,000000000101100001000001101000110000,000110100000000010100000000001001101,21,4341ms
010110101010000001110000000000000000,000000010000011100001110001001000000,000000000101000010000001110110000010,101001000000100000000000000000111101,128,57965ms
101110111000000001000010000000000000,000001000000001100000101000111000010,010000000101100000010000001000110001,000000000010010010101000110000001100,177,452ms
001010101100000000000100100101000000,000000000001011010011000011000010000,110101010010100000000010000000000100,000000000000000101100001000010101011,157,355ms
111000010000101100000000100000000100,000101000010010001010001010000010000,000010001001000010001100000011000001,000000100100000000100010001100101010,103,20825ms
111111111000000000000000000000000000,000000000000000000111000110110010010,000000000100000011000101001001001100,000000000011111100000010000000100001,177,73ms
000000110010100010110000010000000010,000000001101010001000010100100100000,101100000000001000000001001001001001,010011000000000100001100000010010100,90,10301ms
011000001000010100000100000011000010,000000000111000010011010000000110000,100110010000100000000001110100000000,000001100000001001100000001000001101,177,320ms
010111011000000000001010000000000010,001000100000010000010101001100100000,000000000100000111000000010011001100,100000000011101000100000100000010001,76,48373ms
101000101000000000010000101000110000,000100010000011001000100010110000000,010000000100100000100001000001001110,000011000011000110001010000000000001,144,1344ms
110101011000000000100000011000000000,001000000011000110010000000000101001,000000000100101001000101000110000010,000010100000010000001010100001010100,148,5211ms
001010010000000001000011000101000010,100000100110001000011000100000000100,010001001000100000100100010010100000,000100000001010110000000001000011001,96,11027ms
001000100000000000000000111100110100,100100000101001001001100000000000001,010001001000010010110010000010000000,000010010010100100000001000001001010,102,16417ms
101011101000000000000001000001000010,010000000000011001000000010110000101,000000010000100100010110100000101000,000100000111000010101000001000010000,107,10829ms
011000000010000000011000110000110000,100010110001010001000011000000000000,000101000000000010100000000010001111,000000001100101100000100001101000000,39,4826ms
110110111010000000000000000001000000,000000000001001001000001000110101010,000001000000110100100000110000010100,001000000100000010011110001000000001,145,2234ms
000001110001000000001000101000000101,000000001000000011100101010011000000,110100000000101100010000000100100000,001010000110010000000010000000011010,120,5247ms
101110011000100000001000000000010000,000000000001000111000000001001101100,010001100010011000000000010110000000,000000000100000000110111100000000011,177,23ms
010000100000001100010100100001010000,000100000100010011100001000010001000,101001000000100000000000011100100010,000010011011000000001010000000000101,124,1098ms
111111000000000000100000000000101000,000000010100010001001100000110000001,000000000001101100010000011001000100,000000101010000010000011100000010010,150,1782ms
011011011010000000000000000010010000,000100100000110000011000010000100010,100000000100000000100000101101001100,000000000001001111000111000000000001,157,733ms
000000011000011001000110010000000100,010110000010100100000000001000100010,000001000100000010100000000111010001,101000100001000000011001100000001000,32,6210ms
001111111000001000001000000000000000,010000000001100001100101100000100000,100000000110010000010010000011000001,000000000000000110000000011100011110,177,1439ms
000110110000000000000101001101000000,000001001000010101100000000010100001,011000000110000010001000000000010110,100000000001101000010010110000001000,112,12524ms
100011000001001000010001001010000000,000100101100100001000000010100010000,001000000010000000101100100001100010,010000010000010110000010000000001101,110,4709ms
010000110100010010000001001000100000,101001000000000001000110000111000000,000100001001000100111000000000001001,000010000010101000000000110000010110,73,2718ms
101000001000000100001000001000010101,010001010100101001010010000000000000,000000100011000010100000000011101000,000110000000010000000101110100000010,87,27253ms
110001111000000010000000010000000010,001000000011000101101001000010000000,000110000000111000010100000001100000,000000000100000000000010101100011101,139,4954ms
111111001000000000000000000100001000,000000000001101100110010100010000000,000000110110000001000000011000000011,000000000000010010001101000001110100,177,121ms
000110101101010100000000000000010000,000000000000001001001100100100100011,000001000010100000110000011001001000,111000010000000010000011000010000100,78,34900ms
111011011000000001001000000000000000,000000000100011010110001010000010000,000000000010100100000010100001001110,000100100001000000000100001110100001,127,28111ms
001001001100100000001010100000000001,010100100010000011100000010000001000,000010000001001100010000001101000100,100000010000010000000101000010110010,46,16953ms
110010111000000010000100000001000000,000000000010000000011011001100010100,001101000001011000100000100000100000,000000000100100101000000010010001011,147,3691ms
011010101010000000000001101000000000,100101000001000000100100000001100001,000000010000101000010000010110001100,000000000100010111001010000000010010,68,29282ms
111001111000010000000100000000000000,000100000100100000001010000101100010,000000000010001110100001001000010100,000010000001000001010000110010001001,136,4107ms
111001110000000000000000010000100001,000110000010001110000000100101000000,000000000001100000000111000000011110,000000001100010001111000001010000000,116,36784ms
010110111000010000000101000000000000,100000000110001000101000010000100010,000001000001000011010000000011000101,001000000000100100000010101100011000,83,17685ms
011001010000010100000000000001100001,000100001001100000110001000000011000,000000000100000011001100100110000100,100010100010001000000010011000000010,99,31273ms
010100111100000000000011000000000010,000001000000110110010000001000001001,000000000010000000100100000111110100,101010000001001001001000110000000000,90,32739ms
111011000000000000101100000000000001,000100001100010000010000000001100110,000000010001100001000000111000011000,000000100010001110000011000110000000,143,1126ms
110110000011001100000000000000100000,000000100100010011000010000101000001,000000011000100000000100101010010100,001001000000000000111001010000001010,138,63430ms
010011000010001100010000000101000000,100000011000010000000011011000010000,001000000001100011100000000000001101,000100100100000000001100100010100010,70,3555ms
100011010010100100001010000000000000,001100000001000000100000010010010101,010000101000010010000001101100000000,000000000100001001010100000001101010,125,16437ms
011111010000001001000000100000000000,000000001000010010000010010100110100,000000000101000100100001001011000010,100000100010100000011100000000001001,132,9986ms
000101110010000000010100000000011000,000000000100011010000000011000000111,000010001001000100100001000101100000,111000000000100001001010100010000000,63,2220ms
011001000000010100100100001000001000,000010000000001000011001000100010101,100100110111000001000010000000000000,000000001000100010000000110011100010,157,3996ms
101010010000000010001000001100000001,010000000000001001000000000011110110,000001101000100100100101100000000000,000100000111010000010010010000001000,146,45744ms
100000100101100000101010000000000100,000000011000011101000001100010000000,011100000010000000000100000000110011,000011000000000010010000011101001000,157,1320ms
110001000010110000000010001001000000,000000100100000001100000000100110101,001010010000001010010000110000001000,000100001001000100001101000010000010,125,10219ms
001110011000010000000000100000000101,000000100000001001001010011001010000,000001000110000100100001000000101010,110000000001100010010100000110000000,91,260ms
010001011110000000000000000000110010,100000000000000001100101100100001100,001110000001101000000010000001000001,000000100000010110011000011010000000,112,27932ms
100100101000100000000001010001000001,000010000010010000000100001100100110,001000010001000001011000100010010000,010001000100001110100010000000001000,89,12341ms
010110000100000100000000110000001010,001001010000001000110001000000110000,000000100001000001001010001110000001,100000001010110010000100000001000100,78,3478ms
001011110000001000000000100011000000,000000000010100000001110011000000011,000100000100000001010001000100111000,110000001001010110100000000000000100,80,13501ms
110100100000001000001010100000001000,000000011001000100010001011000000100,000010000110010010000100000100110000,001001000000100001100000000011000011,157,7599ms
011000101100000000000001010110000000,000000010010001001110100000000010010,100001000000000100000010001001001101,000110000001110010001000100000100000,157,315ms
000110011100010100000000001001000000,100000000001000011000001100000100101,010001000010101000100000000110010000,001000100000000000011110010000001010,114,14672ms
000010100001011000000000000100111000,010001011100000001010001000000000001,100100000010100100100010001000000010,001000000000000010001100110011000100,103,23587ms
000000010100100101111000000000010000,100100000010000010000010110011000000,011000101001001000000000000000000111,000011000000010000000101001100101000,102,2752ms
111110010000010000010000000000000010,000001000000100010000001010010111000,000000101100001100100000001001000001,000000000011000001001110100100000100,177,253ms
001000001000110110000010000001000010,000110010000001000000000101100010100,010000000110000000011001010000100001,100001100001000001100100000010001000,38,1599ms
110010100000000100000000000011101000,001001000010100001011100100000000000,000100010100001010100010000000000110,000000001001010000000001011100010001,140,15742ms
101100010000000000011000010000000110,000000000011110100000001100001010000,010000101000001000100110000010001000,000011000100000011000000001100100001,145,2307ms
000010010001010000100000011000101000,000000100100101000001110000000010100,011101001000000010010000000010000001,100000000010000101000001100101000010,75,9031ms
101000011000000000000100110000010100,000011100100001010100000000100001000,000100000011000101001010000000000011,010000000000110000010001001011100000,75,2726ms
101100011000100010000000000001000100,000010000010010101001000110000000001,000001000101000000000110001100110000,010000100000001000110001000010001010,151,3678ms
110101010000000100001010001000000000,000010001100001000000100000010011010,000000100001010001010001100000100001,001000000010100010100000010101000100,125,6219ms
110000011000000011000000000000001101,000100100100100000001000000011100010,000011000010001000010110010100000000,001000000001010100100001101000010000,136,25914ms
100101010100000000001100000100001000,000010101000100010010001110000000000,011000000010000001000000000011100011,000000000001011100100010001000010100,157,28779ms
000000001001000001100001001110000001,100101000100000010001000000000010110,010010000000101000010100100001100000,001000110010010100000010010000001000,42,3298ms
101000000000001001010010010010000010,000000001010000000101001101000100100,010101000100010000000000000101010001,000010110001100110000100000000001000,157,5291ms
101111001100011000000000000000000000,000000110000100000000100101010100010,000000000010000000101011010100010100,010000000001000111010000000001001001,177,1273ms
011100000100000000100001000010100100,000001011000011101000100010000000000,000010100010000010001000001100010001,100000000001100000010010100001001010,107,49691ms
111110000100000000010001000000100000,000000011001000100001110100000000001,000001000000010001100000010100001110,000000100010101010000000001011010000,177,81ms
101100111100000000000000000001000010,000000000011100001000100010000011100,000010000000001010100011100100100000,010001000000010100011000001010000001,157,363ms
000111100100000101000000000000010010,110000001000100000000001001000101001,001000010010001010001000010001000100,000000000001010000110110100110000000,68,25345ms
110100001000010111000000000100000000,000000100110100000100101100000010000,000000010001001000000010001011001010,001011000000000000011000010000100101,107,22085ms
001110000101000000100000000101010000,010000000000100110010100100000000110,100000010010010001001000001000001001,000001101000001000000011010010100000,177,155ms
110010000000000011010000100001001000,000001111001001000001000000000000011,000000000000110000100010010110110000,001100000110000100000101001000000100,123,3524ms
111000011100100001010000000000000000,000101000010000100001110000000010001,000010100001000000000001001001101010,000000000000011010100000110110000100,157,3705ms
011110000001100000000100000000001010,100000011000010100100000100000000101,000001100010001000011001011000000000,000000000100000011000010000111110000,83,34107ms
001110010000000100000100100100000100,010001000000100010010001000010001001,100000100010001000001010000001010010,000000001101010001100000011000100000,129,9441ms
001111101000100000000000100000000010,100000000110011010000010001000010000,000000000000000101000101000111000101,010000010001000000111000010000101000,92,33047ms
000111111000010000000001000000000010,101000000111000000100010000000001100,010000000000000001010000111111000000,000000000000101110001100000000110001,107,1761ms
110100011000010010010000000000000100,000001000010001100100010010010000001,000010000101100001000000000100101010,001000100000000000001101101001010000,157,5479ms
000011001001000110000000000000001011,110100100000000000010000010110000100,000000000100100001101101100000010000,001000010010011000000010001001100000,17,24402ms
011001110000000100110000000000010000,000100001000010010001100000100100001,100000000101100000000010101011000000,000010000010001001000001010000001110,157,297ms
000001011000000001100000110011000000,010110100110000100001000000000100000,101000000001011010000000000000010110,000000000000100000010111001100001001,92,45056ms
110001101000000000000000000110110000,000000010110010001001100100000000010,001110000000100100100000001001000100,000000000001001010010011010000001001,177,87ms
100101011000100101000000010000000000,000000100001000010010011001000001010,011000000010010000000100100100010001,000010000100001000101000000011100100,144,1732ms
011101110000010001000000000100000000,100000000000101000110010011000000010,000010000110000010001001000001000101,000000001001000100000100100010111000,121,4543ms
000111011000000000000001110000010000,101000100001100100010000000010001000,000000000010010001101000001000100101,010000000100001010000110000101000010,81,9675ms
010000111000001110010000100000000000,000000000110100000100110010001100000,101000000001010000000000001100010101,000111000000000001001001000010001010,116,28577ms
111111010100001000000000000000000000,000000000011000010010000011001101000,000000101000010101001110000100000000,000000000000100000100001100010010111,177,74ms
101100001001000000010000001100000001,010000110000010000000000110001010100,000000000110101001000001000010001010,000011000000000110101110000000100000,126,9716ms
101111110000000000010100000000000000,010000000000010011000010000011000110,000000001010001000001001000100110001,000000000101100100100000111000001000,152,6613ms
111110101000001100000000000000000000,000000000000110011000010000000100111,000000000101000000011101001011000000,000001010010000000100000110100011000,177,742ms
111100001000100000000000000100000101,000001000010000000101001001010101000,000000110001011100010000110000000000,000010000100000011000110000001010010,151,2138ms
010101011010000010000000100000001000,101000000000000001001001000111000010,000000000101001100110010000000100001,000010100000110000000100011000010100,110,10266ms
011101001000000000010110000010000000,100000110100000001000001000101100000,000010000000010000100000111000010101,000000000011101110001000000000001010,107,19709ms
011101101100100000100000000000000000,000000000010001110001010000100000110,000000010000010000010101010010011000,100010000001000001000000101001100001,107,20128ms
010011010000100010000000000001100001,001000000000010001100100110010000010,100000101110000000000001001100001000,000100000001001100011010000000010100,157,165ms
100010101000000100000000001100010001,000000000101000000010000010011101100,001001010000101000001001100000000010,010100000010010011100110000000000000,105,129138ms
101001011000000110000000000001000100,010100000010010001001010000100000001,000010000101100000100100100010010000,000000100000001000010001011000101010,139,1774ms
101010100001100100000100001000000000,000000010110001010001000000001101000,010001000000000000110010010010010100,000100001000010001000001100100000011,157,1541ms
011111001000000000100110000000000000,000000000100000101001000000100001111,100000010011100000000001110001000000,000000100000011010010000001010110000,177,470ms
010100001000010011010010000001000000,000010000001000100000001001100011100,101001100000001000100000100010100000,000000010110100000001100010000000011,143,1335ms
110101000010000000100010000000101000,001000011100000000010000001001010001,000010000000100110001000110100000010,000000100001011001000101000010000100,109,3243ms
010011011000000000000100100010001000,000000000111001000011000011100000000,001100000000000101100010000000100101,100000100000110010000001000001010010,86,28250ms
001000010100100010101001100000000000,100000101001010000000110000000101000,010101000000000000010000010111000001,000010000010001101000000001000010110,122,17361ms
010111000100001001000001001000000000,001000101000000000100010010111000000,000000010011010000000000000000110111,100000000000100110011100100000001000,91,207907ms
110010010100000100000100000000010001,000001101001000000111000010000100000,000000000000001011000010001110000110,001100000010110000000001100001001000,157,2959ms
001001011010001010010000010000000000,010100000000000001100000100010101100,100010100100000100001010000000000011,000000000001110000000101001101010000,124,8816ms
110111000001010000000100000100000000,000000011000001101010000000001000101,001000000100000010100001000010111000,000000100010100000001010111000000010,177,80ms
110000110000001000001000001000100001,000100000100110000010110100001000000,000010000001000010000000010110010110,001001001010000101100001000000001000,107,12745ms
010010000001001010000010100000110000,000000101010100000001000000010001110,101101010000000100000000011100000000,000000000100010001110101000001000001,129,2584ms
000011101100010000110000000000000100,000100000011100000001100100101000000,110000010000000011000010010000110000,001000000000001100000001001010001011,149,343ms
100001100001001011000000000000000110,000010010010000100011000000001101000,011000001000010000000100010100010001,000100000100100000100011101010000000,132,4442ms
100100111100000000000110000000000010,000001000001110101000000000010010100,010000000000001000011000010001101001,001010000010000010100001101100000000,115,6082ms
100100010000110000000010001100100000,010000000000001010001100000011010010,000010001001000100110000110000000100,001001100110000001000001000000001001,98,5973ms
111101001110100000000000000000000000,000000100001000011001100100001000001,000010010000010100100010001100010000,000000000000001000010001010010101110,157,54ms
111010100100000000000010001001000000,000001001000000010001000100100001110,000000010000101101110100000000100000,000100000011010000000001010010010001,157,377ms
001100001001110000010000000000010001,010010000000001000001000000111001010,000001110110000011000000011000000000,100000000000000100100111100000100100,67,194490ms
010000001000100000101001000110000001,000011000011010000000010000001001100,001000100100000011010000100000110000,100100010000001100000100011000000010,94,5902ms
000011000000110010000011000100000001,001100000000000101101000010000110000,110000111100000000000100000001000100,000000000011001000010000101010001010,140,1108ms
110011000000010000010100000000000011,000000011100000100001001001001000100,001000000010000001000000100110111000,000100100001101010100010010000000000,157,17910ms
101110010000000000000001000010100001,010000100010000011010100000001000100,000000001001001000101000111000001000,000001000100110100000010000100010010,153,9478ms
111100100010001000000010000000010000,000000001000000001111000011010100000,000011010000010100000000000001001101,000000000101100010000101100100000010,132,16038ms
111011100000100010000001000000000000,000000000100000000111100010110000010,000100001011001000000000101000000101,000000010000010101000010000001111000,143,2316ms
110011100000000000000001011000000001,000000001100101000100100100100000010,001100000000010101000000000010111000,000000010011000010011010000001000100,144,1878ms
001011000011100000001000000001100000,000100010100000100000000000110011001,110000001000011001010000001000000100,000000100000000010100111110000000010,120,58684ms
011100100010000000011000001000010000,000000011001011000000001100000100100,100001000000100000100110000010000011,000010000100000111000000010101001000,157,244ms
111111100000001000100000000000000000,000000001010000001000010100101001100,000000000000110110010101000000100001,000000010101000000001000011010010010,162,906ms
001100100010010000000000001100010100,010011000000000010000001100011100000,000000000001100100111010010000000010,100000011100001001000100000000001001,48,19524ms
000101000000110001000010001001001000,100000100001000000100100100100010010,010000011010000000001000010010000101,001010000100001110010001000000100000,37,6086ms
001100000001010000000000010010010011,010000001100001011000010001000000100,100000110000000000110100000101100000,000011000010100100001001100000001000,157,7295ms
011100110100001100000000010000000000,000001000010110000000100000010111000,000010000001000000101001000100000111,100000001000000011010010101001000000,116,19379ms
000011010100011010000000000101000000,110000100001000000000010110000010001,000000001010000001000000001010101110,001100000000100100111101000000000000,24,50666ms
100010001001010001001000100000000010,010000000100000100000100010010001101,001101100000000000110000001000110000,000000010010101010000011000101000000,157,1441ms
000110010000000110100001001000000001,100000000010100000000110000010101010,001000001100000001010000110001010000,010001100001011000001000000100000100,58,17487ms
101100100001100000001000000011000000,010000000010010100100011010100000000,000000010100001011010000000000111000,000011001000000000000100101000000111,127,28328ms
011001100000000000001000110001001000,000100011000010000100001000010110000,100000000001000000010110001100000011,000010000110101111000000000000000100,150,38407ms
011111101100000000000010000000000000,000000000011001000010001110011000000,100000000000000010101100000000110101,000000010000110101000000001100001010,177,261ms
100100001000001000100101001000100000,000000100001100100001010000010010010,010010000110010000010000000101000001,001001010000000011000000110000001100,157,91ms
101011100000100000011001000000000000,000000000001010010000010000100111001,000100010100001100000000001011000100,010000001010000001100100110000000010,136,9288ms
011001101000010010000000000000010010,000000010001100100000001000101101000,000100000000001001011100000010000101,100010000110000000100010111000000000,76,34390ms
101110000110000000000010000110000000,010000010000001101000001010000000011,000000100001010000111000100001001000,000001001000100010000100001000110100,160,37ms
011110110000000000000101000000000100,100000001000100110010000011010000000,000000000010001000101010100000011010,000001000101010001000000000101100001,129,114923ms
101100110001000010010000000001000000,000000001110001101100100000000000010,000010000000110000001010000100111000,010001000000000000000001111010000101,116,25971ms
101001110000001001000000000011000000,000100000010100010000001101000100001,010000000000010000101010010000011010,000010001101000100010100000100000100,137,1553ms
001001000101010000100010000001010000,110000101000000000000001100110000100,000100000010001000001100010000100011,000010010000100111010000001000001000,27,4661ms
100010111100000000000010000010000100,011000000001001010000000010000111000,000000000010110000001100001100000011,000101000000000101110001100001000000,133,3904ms
001111000100010000000000001100000100,000000010001001100100001010000100001,000000001010000001010010000011010010,110000100000100010001100100000001000,103,7783ms
000011100000100100101000010000000010,010000010011000000000001100101001000,001000001000010011000010001010000100,100100000100001000010100000000110001,57,2498ms
100110001000101000101000000000010000,000001100000000101000010000011100010,001000010100010010000000100000001101,010000000011000000010101011100000000,149,2373ms
010111101001001000000000000100000000,001000000100000110000001100011000001,000000010010100000001010011000100100,100000000000010001110100000000011010,119,6264ms
100011001000000000110001000100100000,010100100010110000000000100001000010,000000000101000011001010010000011000,001000010000001100000100001010000101,125,9830ms
000010011001000011000110000000000010,011000100000000000110000001000111000,000100000110110000001001100000000001,100001000000001100000000010111000100,0,11079ms
000001001000000001100100000110101000,000000000011101100001011001000000000,010110000100010000000000010001010010,101000110000000010010000100000000101,110,11039ms
100000010011100000100000000000110100,000101000000000101000001110001000001,011000100100010000010010001100000000,000010001000001010001100000010001010,157,52ms
100000011000000000111000100100000100,000000000000011000000111000001010011,001101000010100100000000010000101000,010010100101000011000000001010000000,123,34395ms
110101001000001000011000000100000000,001000100001010100100101001000000000,000010010100000000000000110011001100,000000000010100011000010000000110011,157,11383ms
011011110000100000000000000000001001,000000001010010000100100011001000010,100000000100001101000001000100100100,000100000001000010011010100010010000,157,611ms
001001110000001000010011000100000000,000010001001000101000000001000010101,100000000010010010001100010000101000,010100000100100000100000100011000010,122,10524ms
001011100010001100000000000010000100,000000010101010000110010010000001000,010100001000000010001000001100000011,100000000000100001000101100001110000,105,27466ms
111011110000000000000100100000000000,000000000101000000110010001000001110,000000001000011001000001010001100001,000100000010100110001000000110010000,126,2005ms
100110000011000000010011100000000000,010000001000010001000000010100000111,001000000100001000001100001001011000,000001110000100110100000000010100000,108,13271ms
011110100000000001000000110000100000,000000000000001000111011000010000110,000000001111000110000100000100010000,100001010000110000000000001001001001,121,20314ms
110110010110010000001000000000000000,000000101000101011000010001100000000,001000000001000000010001110001100100,000001000000000100100100000010011011,177,846ms
101000010000010000011000000110010000,000110100100100000000001100000000110,000001000001000110100010000001101000,010000001010001001000100011000000001,122,728ms
101001001100100000000010000000000101,000110100000000000001000100001101010,010000000000011110100100011000000000,000000010011000001010001000110010000,127,22751ms
110111011000001010000000000000000000,000000000000100001011001110010000100,000000100110010000000010001001000011,001000000001000100100100000100111000,177,180ms
111101000000100000000010000001010000,000000000000011100000100000100101011,000010001010000011101000100000000100,000000110101000000010001011010000000,139,5013ms
011011000001000100000000100010100000,000100000010010010100000000100010011,000000011000100001000111000000001100,100000100100001000011000011001000000,47,4313ms
101011110000000100000000100000000100,000000001011010010000000001001010001,010100000000100000101010000010001010,000000000100001001010101010100100000,150,1802ms
111001001001100000000000000100000001,000010000000010001001010010010001100,000100110110001110010000000000000000,000000000000000000100101101001110010,157,2032ms
000100010100000010010001001100000100,000000100000100100001010100010000011,100010000010010000100100010001001000,011001001001001001000000000000110000,89,10715ms
001000111000000001010100000101000000,100110000001000000001010001000001100,010000000000010010100000110010110000,000001000110101100000001000000000011,86,3131ms
010111100000000100100001000000000010,100000000010110000010000000111000100,001000011100001010000010100000001000,000000000001000001001100011000110001,117,21569ms
001101100000101000000000011000010000,100000000010000110000110100100000010,010000010100010001111001000000000000,000010001001000000000000000011101101,107,249895ms
101110101000000001000001000000000010,000000000111000000011000000100001101,010000010000001110100110001000000000,000001000000110000000000110011110000,177,2360ms
100101101010100000000100000000100000,010000000000001000101011100100000010,001010000100000101010000010000010001,000000010001010010000000001011001100,127,2502ms
011100001000100000010001100100000000,000001010100000010001010010001010000,100010000000000101100000001010100100,000000100011011000000100000000001011,157,125ms
000110100101000010000100100000000001,000001010010000101011000001000010000,101000000000100000100011000001000110,010000001000011000000000010110101000,128,27802ms
110110001000010000000000000010001010,000000000111000100101100001100000000,000000010000000011010000100000110101,001001100000101000000011010001000000,125,93356ms
010111110000000000000000000110001000,000000001100101100010110010000000000,000000000001000001001000101001100101,101000000010010010100001000000010010,125,39423ms
100111011000000100000000010000000001,000000000100100010000101001000100110,011000100010000001010010100000001000,000000000001011000101000000111010000,156,3004ms
000001111001001010001001000000000000,011000000000000101100010010100000010,100000000000110000000100001001011100,000110000110000000010000100010100001,81,12222ms
111011111000000100000000000000000000,000000000101011000011010001000100000,000000000010000010000001110001001101,000100000000100001100100000110010010,144,3017ms
001110101101000000000011000000000000,100000000000100100111000000110000010,010000000000010011000000100000101101,000001010010001000000100011001010000,97,27539ms
001010011010000100000001000001010000,010101000000000010110000110000000001,000000000000000001001110001110001010,100000100101111000000000000000100100,40,117755ms
100010110001101000000000000011000000,010000001000000001100000101000001011,001001000000010100001100000100010100,000100000110000010010011010000100000,118,5540ms
000010001000101100000000010001100100,110001100001000000010001001100000000,001100000100010011001000000000000011,000000010010000000100110100010011000,11,1567ms
110000111000010100001010000000000000,001010000000100001100100001001000100,000001000010001010010001010000000011,000100000101000000000000100110111000,110,7065ms
100111100000000000011010000000001000,010000000001001000000101100000100011,001000001010000010000000011110010000,000000010100110101100000000001000100,163,322ms
110111100000000000001000000000001010,000000010110000100000111010010000000,001000001000101010110000100000010000,000000000001010001000000001101100101,177,2286ms
011101100000010000000001000000000101,100010000101000000001000001100101000,000000010010001000110010100010000010,000000001000100111000100010001010000,91,6034ms
010000010000011000000001000010101001,000111000000100000001100001000010010,100000100000000110010010010001000100,001000001111000001100000100100000000,73,10869ms
011101010001000100000000010001000000,100000000000010001011000101000001001,000000001000101010100110000000100010,000010100110000000000001000110010100,74,21979ms
100011100010000000000101010000100000,000000001000001001011010000111000000,001000010001000010100000100000001101,010100000100110100000000001000010010,101,3141ms
010111001000100000100000000011000000,001000000010011000000001010100000011,000000110101000110011000000000100000,100000000000000001000110101000011100,114,5273ms
010011101000000100000001000010000001,100100010001000011000000101001000000,000000000000100000111010000100011010,001000000110011000000100010000100100,97,6994ms
001111011100000001000010000000000000,000000100000010010100100100011001000,100000000011000000011000011000100010,010000000000101100000001000100010101,163,1712ms
100010000000000010011001001000010010,000000010000011101100000100000001100,010100100000100000000100010110000001,001001001111000000000010000001100000,112,4539ms
010100000010000000101100010010000001,000000100100001010000000101001001010,100011000001000101000010000000110000,001000011000110000010001000100000100,130,1819ms
111101100000010000000000000000000110,000000001001001100110000001010000001,000000000010000011000110110000011000,000010010100100000001001000101100000,112,9332ms
000000111000010000101000001000001001,000010000110001000010110010000100000,100001000001000010000001000100010110,011100000000100101000000100011000000,77,13469ms
110001001110000000000000100001010000,000100100000011101000000000110001000,000010000000100010111110010000000000,001000010001000000000001001000100111,157,17233ms
010100010100001100000000010100010000,100000100001110000001000101000000010,000000001010000010110011000000100100,001011000000000001000100000011001001,73,26340ms
001110111000000010100000000000001000,100001000000000000010010101100010010,000000000011100000001101000010100001,010000000100011101000000010001000100,79,16343ms
100000110001000101010001010000000000,000001000110101010000000001001000010,001000000000010000101010000010110100,010110001000000000000100100100001001,95,44260ms
001111001000000000001010000000001010,000000010010011010100100100000010000,000000000001100100010001010101100000,110000100100000001000000001010000101,80,98170ms
011001111000000000001100000000000001,000110000101000000000001011100100000,100000000000101110110010100000000000,000000000010010001000000000011011110,157,6030ms
111001100010010000000000000000100100,000100010000000000100100100110010010,000000000100100101011000001000001001,000010001001001010000011010001000000,143,45096ms
011100111000000000101100000000000000,100000000100001100000000000000111011,000000000010110011000010101010000000,000011000001000000010001010101000100,96,43662ms
011111110000010000000010000000000000,000000001001000000000001011001111000,000000000110101101011000000000000001,100000000000000010100100100110000110,116,58878ms
111011101000000000000000000010100000,000100000010000100100110110100000000,000000010001011001000001000001010010,000000000100100010011000001000001101,144,521ms
110101100001001001100000000000000000,001010010100000100000101000100100000,000000000010110010010010010011000000,000000001000000000001000101000011111,125,48859ms
100000001011000010000011000100000100,000010000000011000001100011000100001,010100010100000000110000100000001010,001001100000100101000000000011010000,144,4457ms
000111101000110000000000110000000000,110000000100001101011000000010000000,001000000011000000000111000100010010,000000010000000010100000001001101101,79,9731ms
100001101010000110000000000000100010,010010000001000000010001000101000101,000000010000100001000110001010011000,001100000100011000101000110000000000,88,91013ms
101011011000100000010000000000000001,010000000010000000100000011100100110,000100000100010000000111100011000000,000000100001001111001000000000011000,121,1323ms
011000110000110000101000000000000100,100000001001000001000101100000100010,000100000010000010000000001111001001,000011000100001100010010010000010000,96,21095ms
111110100000000000000100010000000100,000000000100001000010011100000111000,000000001010010001001000000111000010,000001010001100110100000001000000001,177,1684ms
001010111000101000000000010000000010,100100000001000000001001000100011001,000000000100010111110010001000000000,010001000010000000000100100011100100,88,34823ms
101010000000100001000101000010000001,000000011110000100100000010101000000,010000000001010000011010000000001110,000101100000001010000000101000110000,88,728ms
010101101000100100000000100000000100,001000010011000000101101000100000000,000000000100011001000010000010011001,100010000000000010010000011001100010,65,27759ms
111100110010000000000010000100000000,000010001100110010001001000000000010,000001000001000000000100010011010101,000000000000001101110000101000101000,123,4608ms
111100000001000100010000100000000100,000000111100000010000111000000100000,000000000010111000101000000010010010,000011000000000001000000011101001001,146,2209ms
101110110000000000001000000010001000,000001000010101000100010000000100011,010000001100000101010001001001000000,000000000001010010000100110100010100,177,1555ms
100111110000001100000000000000000001,010000000010110001000000001001101000,000000001100000000001101010010010010,001000000001000010110010100100000100,163,941ms
100010010001010000001000010001010000,000000000000100000110101000000101011,011001000010000010000010100100000100,000100101100001101000000001010000000,128,8371ms
001111010000010000100000100000010000,100000000010100011001110000000000001,000000101000001100010000010000101100,010000000101000000000001001111000010,73,5817ms
111101101000000000000000100000001000,000000000010101010001100000100010001,000010010100000001110010001001000000,000000000001010100000001010010100110,157,302ms
111000101100011000000100000000000000,000010000010000011001000000101001001,000001000000100000100011101000110000,000100010001000100010000010010000110,157,2303ms
011000011100100000000001000000001100,000010100000000000000000010111010011,100001000000000111100100101000000000,000100000011011000011010000000100000,140,103208ms
011000100000100000100000010000110001,000010011010001000000000101010001000,100001000101000010000111000000000100,000100000000010101011000000101000010,139,2063ms
111100101000100100000000010000000000,000000010111000000000000000100110011,000011000000011000010010100001001000,000000000000000011101101001010000100,131,10761ms
111001010100000000000100000000010010,000100000000001101010010000001100001,000010101001010000001000001010000100,000000000010100010100001110100001000,131,2147ms
110100000100100001100000000000100100,001000001000000100001101000010000011,000011000010010000010000110100010000,000000110001001010000010001001001000,157,115ms
110110011000000100100000010000000000,000000000000100001010000101001011100,001000100110000010000101000100100000,000001000001011000001010000010000011,177,283ms
000000100000100000000110000111000110,010100011010010100010001000000000000,001010000100000010001000101000110000,100001000001001001100000010000001001,21,10185ms
001001111000001000100010000001000000,110000000100010110000000001000101000,000010000000100000011101000010010100,000100000011000001000000110100000011,70,4623ms
101010011000000100000000010100000100,000100000010001001010001100010010000,000000100000110000100100000001001011,010001000101000010001010001000100000,134,4795ms
010010011000000010000001000101010000,000000000000000100111110001010000001,001101000110001000000000110000000010,100000100001110001000000000000101100,116,15973ms
000100011010001000000000001100010100,010011100000000110100100010000000000,001000000000110001000010000001100011,100000000101000000011001100010001000,10,27069ms
010010101100010010001000010000000000,100000000000100000110010000010110001,001000000011001001000000000100001110,000101010000000100000101101001000000,82,146500ms
111101111000000000000000000001000000,000000000010000100100010101100100010,000000000000111000001001010010011000,000010000101000011010100000000000101,143,1048ms
101111011000000000000000000000100100,000000000010011100110000000001011000,000000100101100000000001110000000011,010000000000000011001110001110000000,147,656ms
011100101100001000010001000000000000,000010010010010000000010000001001110,100001000001000100100000011010010000,000000000000100011001100100100100001,157,1824ms
110111110000000100000100000000000000,000000000100110000001010010101000100,001000001010000001010000000010101010,000000000001001010100001101000010001,163,1860ms
111010110000000100000000010000100000,000100000001100000111000001000011000,000001000010000000000001100110000111,000000001100011011000110000001000000,157,1547ms
010001001000110100011000000000010000,001100010001000000000110001100000001,000000000110001000000001110001001010,100010100000000011100000000010100100,34,13485ms
001000000100001110000100000011010000,000101011000000000000000101100000110,000010100000100001001011000000100001,110000000011010000110000010000001000,0,811ms
011001011100000000000000110000000001,100100100001010000001000000000001110,000010000000001001100100001001110000,000000000010100110010011000110000000,87,14425ms
011110101010000000000010000000010000,000000000100010001000100110011000100,100000000001000010011000001000101001,000001010000101100100001000100000010,160,9988ms
011000010000000100101001000000001010,000010100100001001010000100010100000,100000000010100000000010001101010001,000101001001010010000100010000000100,157,7356ms
110100101001010000001001000000000000,000000000110101000000000001001110001,001000000000000111110110000000000100,000011010000000000000000110110001010,157,6569ms
111110011000000000010000000000000100,000000000010000000100001011001001011,000001000000011111000100000110000000,000000100101100000001010100000110000,177,39ms
100110110000000000100000011000001000,000001000110000010001110000000000101,011000001000011100000000100100010000,000000000001100001010001000011100010,177,497ms
001000101100100010000000100100000010,010100000000000100110001001010000100,100001010000000000001100010001101000,000010000011011001000010000000010001,118,37843ms
101101010011000010000000000000010000,000010000000010001000010100100101010,000000000100000000111000010011000101,010000101000101100000101001000000000,132,44835ms
110011011000000000000001000000100001,000000000010001000101010110001000010,000000000001110110010000000110010000,001100100100000001000100001000001100,131,18740ms
000111001100010000001000000100010000,000000000010001001000100011010100010,000000000000000110010011100001000101,111000110001100000100000000000001000,54,24179ms
101101000000101000000010001000100000,000000011010000010000000000110011010,010010100001000100000101000001000100,000000000100010001111000110000000001,106,69615ms
011010001100000000101000000100010000,100100100010100000000000100000000111,000001000001001110010101001000000000,000000010000010001000010010011101000,112,4690ms
010001111000100000010001000000100000,000110000001001001100100000100000001,000000000010000110001000101011010000,101000000100010000000010010000001110,53,11216ms
011101111000000001000000000000001000,100010000110001000000010000001110000,000000000001010010000101110000000101,000000000000100100111000001110000010,81,79766ms
100100011011010000001000000100000000,000011100000000000000001101010001010,001000000100000110010110000000000101,010000000000101001100000010001110000,121,4105ms
100011111000000000000010000000000011,000000000101000010010100010010011000,000000000000001000100001101101100100,011100000010110101001000000000000000,111,114459ms
010010001000010111000000000001010000,001001100010000000000001001010100100,100100000100100000100010100000001010,000000010001001000011100010100000001,127,6037ms
110001110100000000000000100001100000,000010000011011000001000001000000110,000000000000000001110011000110011000,001100001000100110000100010000000001,143,2988ms
101001010000000000010000010000111000,010000000010000011001010101010000000,000010101101101000000001000000000010,000100000000010100100100000101000101,128,8217ms
110110101000000000000011000000000100,001000000101000000101000001010010001,000000010000110111010000010001000000,000001000010001000000100100100101010,152,2843ms
010000000100000100001010111010000000,000010110000101000100100000000100001,101001001000000000010000000001010110,000100000011010011000001000100001000,140,3792ms
010100011001110000000000010000000010,000000000110000010100100000101100001,001011100000001100000000101000001000,100000000000000001011011000010010100,58,10025ms
110110110000000001000000010000001000,000000001011100010000000100100110000,001000000100010000101110000001000100,000001000000001100010001001010000011,177,201ms
000001101010000010100000010000100010,001100000000100001011110000000000100,100010010101001100000000000001000001,010000000000010000000001101110011000,128,10523ms
000100100000010001111010010000000000,111001010100000010000000000010000100,000010001011001000000000001100000011,000000000000100100000101100001111000,28,106048ms
011110011000010000010000000000000100,100000000001001001001011100001000000,000001000110100110100000010000010000,000000100000000000000100001110101011,123,119676ms
000100000010011011100000010000100000,100000010000000000010110001101000010,010000101001000000000001100000011100,001011000100100100001000000010000001,29,13643ms
100010100100001010000000100000001100,001000000001000100010000011101100000,000101001000010001101100000000010000,010000010010100000000011000010000011,121,1225ms
110000001101000010011000000000001000,000110000000110100100100001001000000,001000000010000001000010110000100101,000001110000001000000001000110010010,112,10737ms
001100101010000110010000100000000000,110000000001001001100000010010100000,000001010000110000001000000101001010,000010000100000000000111001000010101,58,18215ms
001101010000100000010001000001000010,010000101101000000000100010000100100,000000000010010110100000001100011000,100010000000001001001010100010000001,70,12069ms
110010110000000000000101001100000000,000000001110010101010000000000001100,001000000001001010000000100000110011,000101000000100000101010010011000000,117,6894ms
100001010001010000100010010000000001,000100000010000010001000100001001110,010000101000001000010101001000010000,001010000100100101000000000110100000,139,51451ms
000101111000000001000000010100000100,000000000001101110010000000001100010,101000000000000000101110000010011000,010010000110010000000001101000000001,140,3427ms
100110010000010000101011000000000000,001001101100000000010000000010010010,000000000001001111000100010100000001,010000000010100000000000101001101100,121,16038ms
011100011001001000000010000000100000,000000000000000111011001001000001100,100011000100100000000000100010010010,000000100010010000100100010101000001,147,1379ms
000111010010010000100010000000000010,000000100100100000010000110101000100,100000000000000101000101001000110001,011000001001001010001000000010001000,100,18785ms
001101000100000000010001100110000000,100000001001000000100000010001110010,010010000010001001001010001000001000,000000110000110110000100000000000101,103,2425ms
001010100011001000010001100000000000,000000000100110001000000011100001100,100101000000000100100010000010010010,010000011000000010001100000001100001,122,20288ms
010101111000010000000000000000101000,100000000110000001100010010010000100,001000000001000100010101100100010000,000010000000101010001000001001000011,92,32509ms
001111110101000000000001000000000000,010000000010101000111000100000000010,000000000000000001000110000111111000,100000001000010110000000011000000101,98,10498ms
101001101100000001000010000000000001,010110010000100100000001010100000000,000000000011000010111000100000010010,000000000000011000000100001011101100,133,13366ms
111110001110000000000000000000000100,000000100001010000010010100011100000,000000000000001011001100001000011010,000001010000100100100001010100000001,162,945ms
110100110010101000000000000001000000,000000000100010011000101100000001010,000001000001000000110000010010110100,001010001000000100001010001100000001,125,31206ms
011010100010000000101000010010000000,000001000100001100000010001100100100,100000011000010011000100000000011000,000100000001100000010001100001000011,157,691ms
101000110001001100000000010000000010,000010000010010000001010101000001001,000101000100100000010101000011000000,010000001000000011100000000100110100,122,760ms
110000000100000000000100100110000011,000111000000001010000011010001000000,000000001011110001000000000000111000,001000110000000100111000001000000100,106,28137ms
010010100100000000100100100100001000,000001000000000100010011011000000110,000100000011001010001000000000110001,101000011000110001000000000011000000,73,46630ms
110111111000000100000000000000000000,000000000111000000010000100110011000,000000000000101001001101000001000110,001000000000010010100010011000100001,156,1373ms
000100110001100100000000010100001000,000010001110001000000000100001010010,110001000000010001010011000000100000,001000000000000010101100001010000101,129,16447ms
000011011000001001010000101000000000,101000100000010000000001000010101010,010000000111100010000010010000000100,000100000000000100101100000101010001,59,57135ms
100110011000000001000100000010000001,011000000001000010000001101001000010,000000100010010100110000010000101000,000001000100101000001010000100010100,137,1641ms
001001100100000000000100100000111000,010100001000100000100010000010000011,100010000001000001011000011000000100,000000010010011110000001000101000000,94,6528ms
101011000000100001001000001100000000,000000111000000100000001000010101100,010100000100010010010100100000000010,000000000011001000100010010001010001,153,11742ms
100111010000000000100010010100000000,010000000000000000001101001001010101,000000000110100111000000100010001000,001000101001011000010000000000100010,128,59653ms
000000000001010000000101110000011010,000010011100001011100000001000000000,010100000010000000001010000010100101,101001100000100100010000000101000000,0,2100ms
001111100010010000001000100000000000,110000001000100010000001001100010000,000000010001001001000110010010100000,000000000100000100110000000001001111,81,11176ms
100001111000010000000000000010001100,000100000000001100010001101100000010,001010000101000000100110010001000000,010000000010100011001000000000110001,139,1160ms
001001101000000010100000001010001000,000010000010100000000110100100100001,000100000101001101010000000001010000,110000010000010000001001010000000110,81,4697ms
110101110100000000010000000100000000,001010001000000111000001110000000000,000000000010000000100100001001111100,000000000001111000001010000010000011,136,14876ms
011010011001000000100010000000000100,000100000000111000000100010110001000,000000000000000101001001101001000011,100001100110000010010000000000110000,63,18701ms
100111101000010100000000000000100000,010000010000101010101100000000001000,001000000100000001000000101100010011,000000000011000000010011010011000100,153,15520ms
010001000100100001010000000000010011,000000010000011000101100100100000100,101110101000000000000010001000001000,000000000011000110000001010011100000,177,756ms
010100101001100000000000100000001010,001010000000000000010010001100110001,000000010100010111100001000001000000,100001000010001000001100010010000100,65,19882ms
100001001000100000010000001011000010,000100000101000011101000010000100000,010000110000001100000011100000010000,001010000010010000000100000100001101,102,34431ms
111010011000000001000000000000110000,000101000011000000100101000010000010,000000100000110110001010000100000001,000000000100001000010000111001001100,144,3276ms
001100111010010000000100000000001000,110000000000001000110000011001100000,000011000000000110000010000110000101,000000000101100001001001100000010010,59,16370ms
011011001000000000000100010000011000,000000010000010100000010001101100100,000000000111000011001001100000000010,100100100000101000110000000010000001,54,5689ms
001011011010000110000000000000000010,000000000001000001100001011100100001,010000000000011000010110000010011000,100100100100100000001000100001000100,71,27339ms
011010110000100000000010000000100100,000000001001010100000000110001000011,000101000110001000001101000010000000,100000000000000011110000001100011000,86,6949ms
010011001011000000010000000000000101,000000100000110101000100100100000010,100100000000001000101010000001110000,001000010100000010000001011010001000,141,884ms
100100110110001000000000001000010000,010001000000000011001010010011000000,001000001000010000110101100000000001,000010000001100100000000000100101110,140,17895ms
100010011100010000010100000010000000,010100100000001000000011100000000110,001001000010000000101000011100001000,000000000001100111000000000001110001,133,1007ms
100110111000000000100001000000100000,010001000101010010000010000000010100,000000000000001101011000110110000000,001000000010100000000100001001001011,160,445ms
001011001100000100000000000011000001,100100010001100001110010000000000000,010000100010000000001101101000100000,000000000000011010000000010100011110,90,66035ms
011101000000001000100001000100000001,000000111000110000001000000000110100,100010000110000000000010001011001000,000000000001000111010100110000000010,157,67ms
101100000100000110001000000010001000,010010000000100000100001110000100100,000000100010010000000110001101000001,000001011001001001010000000000010010,119,1211ms
001101101001100000011000000000000000,000000000100011101000000010011000001,000000010010000010100110000000111000,110010000000000000000001101100000110,71,76678ms
111000001000001000010000010110000000,000000000001100100000010000001111001,000010110000000001001100101000000010,000101000110010010100001000000000100,157,12896ms
000101011001100000010000000001100000,000000000000001000100110110000001110,110010100000000001001001000110000000,001000000110010110000000001000010001,144,466ms
101110100100100001000000000001000000,010001000000001100001000011100010000,000000011000010010100001100000001001,000000000011000000010110000010100110,133,6197ms
010101110001100000100000000000100000,000000001010000110000011000111000000,000010000100001001011100010000000001,101000000000010000000000101000011110,84,5277ms
111011010001000000100001000000000000,000000101010010000000010000000011110,000000000000000011000000110111100001,000100000100101100011100001000000000,127,9649ms
000110000010000101001010001000000001,110001000101011000000000010000000100,000000001000100000010101000110011000,001000110000000010100000100001100010,31,6175ms
110001100000000000100001010001001000,000000011010010100000100000100000011,000010000001001011010000100010010000,001100000100100000001010001000100100,129,2659ms
110100010001000000101100000010000000,000000101100110000010011100000000000,001000000010000000000000001101001111,000011000000001111000000010000110000,157,24873ms
110011001101000101000000000000000000,000000110010010010000000100110000010,001100000000001000101010000001010001,000000000000100000010101011000101100,157,873ms
101101011000001000100000000100000000,000000100010000000000001101000101110,010010000101010000010010010000000001,000000000000100111001100000011010000,157,42ms
000100001000010110010001010000000100,100010110011000000000100000010000010,000000000000001001001010001101010001,011001000100100000100000100000101000,11,1634ms
000100101100000001000110000000001100,001000010000011110000000100000010010,110000000010100000001000010110100000,000011000001000000110001001001000001,136,706ms
110011010000001100000000100000010000,001000001100000010001101000001100000,000100000001110000110000001100000010,000000100010000001000010010010001101,150,1103ms
010011111010000000000000001000000001,001000000101010000000001010100100010,000000000000001110001110100001010000,100100000000100001110000000010001100,59,19686ms
000010110000001010100100001010000000,000001000000110000011010000001100010,101000001011000000000000100100000101,010100000100000101000001010000011000,130,1377ms
010101001000000000101000000001110000,100010010100010010000000000000000111,000000000011101000000110010110000000,001000100000000101010001101000001000,87,78606ms
001000110001100011000000010010000000,100001000010010100000100000100100100,000010001100000000000001101001000011,010100000000001000111010000000011000,27,9652ms
111001011010000000010000000010000000,000010000001000000001101011000001001,000000000000100111100000000101110000,000100100100011000000010100000000110,157,114ms
011000111001000001000100010000000000,000000000100000010111001001010010000,100110000010010000000000000001100110,000001000000101100000010100100001001,177,3492ms
100011110000000100000010001001000000,001000000010000000111000010010001010,000000000101101000000101100000010100,010100001000010011000000000100100001,119,49638ms
011001001001100000100010000000100000,000100010100000110010001000000001100,100000000000001001000000100011010011,000010100010010000001100011100000000,157,9538ms
111110111000000000000000000000010000,000000000010000011000110100011001000,000000000101100000110000010000000111,000001000000011100001001001100100000,152,2277ms
010110100010001000000010100000100000,101000011000110000100000001000010000,000000000101000000011000010111000001,000001000000000111000101000000001110,111,9682ms
101101110000000001000100000001000000,000010001100001010101000000010010000,010000000011000100010000100100100001,000000000000110000000011011000001110,146,3002ms
111010111000000010000000000001000000,000000000011010100000001010010011000,000000000000101000111010000000000111,000101000100000001000100101100100000,127,8144ms
101010110000100100100100000000000000,000100000100000001001001100101001000,010000001011011010000000010000000010,000001000000000000010010001010110101,136,17642ms
011010111000000000000010010001000000,000000000001001010110000001110000010,000000000000100101001100100000011100,100101000110010000000001000000100001,61,32628ms
110101111000010000000100000000000000,000000000010001111000000000100000111,001010000001000000011010010011000000,000000000100100000100001101000111000,157,6537ms
000101010000000001011010000000101000,010010001010000100000000000101010010,100000000100100010000100111010000000,001000100001011000100001000000000101,75,42364ms
111001000000010100000000100001010000,000010001100000000101001000100100100,000000010001100001010010010000001001,000100100010001010000100001010000010,101,2935ms
111001101000000100010000100000000000,000010010100001001000100001100001000,000000000001010010000011000011100010,000100000010100000101000010000010101,124,21492ms
000001010001001001000000101000000011,001000001110000010001010010000001000,000100100000010000010101000101010000,110010000000100100100000000010100100,2,2241ms
011110001010100000001000001000000000,000000110000010000110000000001010110,000001000001001110000001100000100001,100000000100000001000110010110001000,82,15995ms
011111111000000000000000000000010000,000000000100011000010010001010101000,100000000010100011000000100000000111,000000000001000100101101010101000000,177,143ms
001101110000001000000100001001000000,000000000011100000011001000000011100,000010001000000111100010010100000000,110000000100010000000000100010100011,78,9010ms
010101000101000000000010000001000011,101000100000100011010000001000001000,000010001000001000101100000110100000,000000010010010100000001110000010100,97,1013ms
000001100101000110100000000100000010,010000001000000000011000101000010101,101010010000001000000001010001100000,000100000010110001000110000010001000,157,1001ms
011110111000000000000001000000000010,000000000100110001110000010001010000,000001000010000100000100101010000101,100000000001001010001010000100101000,94,26470ms
011011101100100100000000000000000000,100000010001001010011000010100000000,000100000000000000000110001011000111,000000000010010001100001100000111000,106,34089ms
111000110001000010000000100000000010,000000000000001100101100000100110001,000000000100110001010011010010000000,000111001010000000000000001001001100,122,37819ms
010001100000010010010010000001100000,101000000101001001000001000010000100,000100000010100100100000010100001001,000010011000000000001100101000010010,71,5314ms
110001010010001000100010000000001000,000010001000000000000101010101100001,001100000001000111000000001000000110,000000100100110000011000100010010000,120,7259ms
011101011100000000000000000000000011,000010000010110001000100000110001000,000000000001001010001001110000010100,100000100000000100110010001001100000,96,5600ms
010101100000000010101000001000010000,000010011001000001000101000000000101,101000000010001100000010000001100010,000000000100110000010000110110001000,157,4805ms
011100010000110000000000010001100000,000010000000000000110101001110000010,100001001010000100000010000000001101,000000100101001011001000100000010000,111,22178ms
111101110100010000000000000000000000,000000000010000000001101010001011100,000010000000100110110010100000000001,000000001001001001000000001110100010,157,237ms
101010001000001000001000100000000101,000000010100100000100001000110100010,000100000000010001010100011000011000,010001100011000110000010000001000000,71,8127ms
011010010010101010000001000000000000,100000000000010100010000011100010100,000100101100000001100000000011000010,000001000001000000001110100000101001,121,40367ms
010011100010000010000000101001000000,000000001101010001000001000000001011,101000000000001000001010010100110000,000100010000100100110100000010000100,133,5165ms
110011110000000100000010001000000000,000000000100100010000000100010011101,000000001001000001110001010001000010,001100000010011000001100000100100000,157,2823ms
101010101001010000010001000000000000,000101000010100010000000001110000001,000000010000000100100100010001110010,010000000100001001001010100000001100,127,6136ms
110111001010001100000000000000000000,000000100000000011101001100000101000,001000010100100000000010000001010101,000000000001010000010100011110000010,177,185ms
100000101000000010001000000001001101,011011000000001100000100100100000000,000000000101010000100011010000010010,000100010010100001010000001010100000,93,4978ms
101111000100000010000000000001001000,000000000001000000001111000100100101,010000000010101001100000100010010000,000000111000010100010000011000000010,177,1688ms
000101101001010000010000011000000000,100000010010000001000111000010000010,000010000100000110001000000100110001,011000000000101000100000100001001100,64,10159ms
001100110100000000000001010010000001,010000001000011001000000100001100100,000001000011000010100000001100001010,100010000000100100011110000000010000,85,3792ms
111100011000000000000010000100000001,000000100010001010010000001010011000,000011000000110000001100000000100110,000000000101000101100001110001000000,140,2048ms
101101101000000100010000000010000000,010000010000000010001010101000000110,000010000101101000100001000000100001,000000000010010001000100010101011000,132,3105ms
100001011010100010000000001000001000,000000100000010100110001000010000101,010010000000001000001100100101010000,001100000101000001000010010000100010,136,2989ms
001011010100000000010001000100000001,010000000000110100000100000011001010,100100100000000010101000101000010000,000000001011001001000010010000100100,157,80ms
000011111000000100010100000000000010,001000000011100000000001101110000000,010000000100000010100010010001010001,100100000000011001001000000000101100,91,2770ms
100101100011000000000000000110000010,001000010100011010000001001000000100,010000000000000000011100100001110001,000010001000100101100010010000001000,157,6331ms
100100000101000001000100001000100001,000011100010000000100010000010001010,000000010000101110000000110001000100,011000001000010000011001000100010000,61,1746ms
110100111000000000010000000001000100,000000000110001001100101100000000001,001000000000100100001000001100110010,000011000001010010000010010010001000,157,859ms
010100110000100010010101000000000000,000000000000000000100010101101100101,001010000111001000000000010010000010,100001001000010101001000000000011000,102,83463ms
000001000000101100100100101000001000,000000000011000010011001000001100010,111000001100010000000000010100010000,000110110000000001000010000010000101,139,7210ms
000111000000000010000000010010011001,001000011000011000100001000001000010,110000000010000001010010001000100100,000000100101100100001100100100000000,128,5662ms
010111111000110000000000000000000000,100000000010000010011010000000010011,000000000000001101000001110010101000,001000000101000000100100001101000100,96,22945ms
001010001000000010000000010100100011,000001000100010000110110001010000000,100000110000101000001000000001011000,010100000011000101000001100000000100,118,17377ms
000000101001010000001011001000000100,000000000100001100010100010101000010,110100000010100010000000100000100001,001011010000000001100000000010011000,76,15628ms
001101001010000100000000000000001110,010000110000000000000010110011010000,100010000100011001110100000000000000,000000000001100010001001001100100001,150,23777ms
101010111000000000000100000000110000,000000000110101010110000100000000001,010001000000010000000010011011000010,000100000001000101001001000100001100,141,1536ms
010001110000000100100001000000010010,001100001100000000010000010010100001,100010000010001010001000101100000000,000000000001110001000110000001001100,129,3124ms
100100100000000001001100000110000010,000000000000101100110011000000000101,011000000100010000000000101000111000,000011011011000010000000010001000000,123,6031ms
110101101000010000000101000000000000,000010010110000110100000000000011000,000000000000000000011010011011100001,001000000001101001000000100100000110,146,2121ms
100111000000001001010000010001000000,000000000100010110100000000110000110,001000101000000000001110101000010000,010000010011100000000001000000101001,140,20409ms
001010110000100000101100000000000010,000001000110010011000000000101100000,100000001001001000000011000010011000,010100000000000100010000111000000101,115,15133ms
011111000000000000000110000010000010,000000000001010110001000100101001000,000000011100100001000001011000000100,100000100010001000110000000000110001,84,2793ms
111000000000010010100000110010000000,000010001000000000010000001001101110,000001100011101000000010000100000001,000100010100000101001101000000010000,151,3403ms
001100010101000000010100010100000000,000001000000101011100010100010000000,000010001000000000001001001001010101,110000100010010100000000000000101010,69,76388ms
010001101000100000010000010001000001,101000000001000110000010000100000110,000000000110011000001101000010010000,000110010000000001100000101000101000,58,18773ms
111111101000000000000001000000000000,000000010100010101100100000000010010,000000000001001000001000111001001001,000000000010100010010010000110100100,156,1222ms
111101010000100100000010000000000000,000010100000010000110100110001000000,000000001000000000001001000100111011,000000000111001011000000001010000100,146,73479ms
000101001000000000100001010110000010,000000000001101111001000000000100001,101010100010010000000010000000011000,010000010100000000010100101001000100,140,2550ms
110111101100000000010000000000000000,000000010000010001001000001010001110,000000000010101000100100100101000001,001000000001000110000011010000110000,177,198ms
100111001000000001001000001000010000,000000000000101110000001100010101000,011000000101000000000010000100000111,000000110010010000110100010001000000,177,764ms
101111101100000000000000000000000010,000000000001010000001000110100101100,010000000000101001010101000010010000,000000010010000110100010001001000001,163,1004ms
000011110000100001000010000001100000,001000001011001010000100000010001000,100000000000010100011001010000010100,010100000100000000100000101100000011,57,6797ms
000010111000000010000001010000001100,110100000000101000010000000010000011,001000000010000101101010000101000000,000001000101010000000100101000110000,55,3671ms
001100011000101010000000000010000010,010000100000000100000100010101100001,000010000110010001110010001000000000,100001000001000000001001100000011100,82,76074ms
111100010001100000000000000000010001,000000000010001000100101000010101100,000001001100010001001010011000000000,000010100000000110010000100101000010,157,4043ms
100110101000000000100000010000100010,001001000000010100011010000110000000,000000010111000010000000101001010000,010000000000101001000101000000001101,128,168ms
010110001010000010010000110000000000,100000010001010100100000001000011000,001001000100100000001011000001000100,000000100000001001000100000110100011,119,18296ms
000010101000001001010100100000000001,001000010010100100000001011000000100,100001000101000000100010000001011000,010100000000010010001000000110100010,118,11679ms
111010010000000000010000000011000100,000000000000111000001111100000010000,000100100110000011100000000000000011,000001001001000100000000011100101000,157,540ms
100001110001001000100100000000000010,010100000000010000001001110010001000,000000001000100000010000000101110101,001010000110000111000010001000000000,106,94856ms
000111110000001000000010010000000001,100000000000000101000100001010101010,011000000100010000100000100101000100,000000001011100010011001000000010000,142,11137ms
100011101110010010000000000000000000,001100000000000001100100000110000101,010000010000100100001000100001100010,000000000001001000010011011000011000,157,2731ms
010010111000000000100000001000010010,000100000101001000000011100100100000,001001000010000100001100000001001001,100000000000110011010000010010000100,87,8213ms
110011111000000000000110000000000000,000000000000101101000001000010110010,001000000111010010100000001000001000,000100000000000000011000110101000101,157,318ms
101001100000000100000010001100001000,000100000001101001100000000011000010,010000001100000000011000010000110100,000010010010010010000101100000000001,153,690ms
101000100010100010100001010000000000,000110011000000100010000001001000001,000000000000001001000110000010111010,010001000101010000001000100100000100,92,17734ms
110000010000100011010000000001010000,000010101011011000100000000000000010,000100000000000100000001001110001101,001001000100000000001110110000100000,99,14803ms
111010001000000000000000100101100000,000001010000011000101000011000000100,000100100100100010000011000010010000,000000000011000101010100000000001011,157,278ms
010000101100001010000000000000110010,000001000000110000000011010101000001,100000000011000000000100101010001100,001110010000000101111000000000000000,107,56776ms
000110111100000000000000010010010000,010000000000001001010110100000100010,100001000010010100000000000101001100,001000000001100010101001001000000001,177,1328ms
101100101000001000010000000010100000,000001010011100000001010000000000011,000000000000010101100001110000001100,010010000100000010000100001101010000,113,8916ms
001101111010000000000001000000100000,000010000000110110000000110000001100,000000000100000001011110000101010000,110000000001001000100000001010000011,91,3111ms
000010000000110010000000000110110001,000000100000001000111110001000000010,010000011000000101000000110001001000,101101000111000000000001000000000100,33,11965ms
001110100000000010110010000000001000,010001000100010100001001100000000010,000000000001000001000000011111000101,100000011010101000000100000000110000,89,63057ms
110010101001100000000000000100000001,000000000000000100010001100001111010,001000010010010010000010010010000100,000101000100001001101100001000000000,157,22372ms
100111111000000000100000000000010000,000000000001010010000000111110000010,000000000000101101000001000001101100,011000000110000000011110000000000001,132,4322ms
110110100001010000000000011000000000,001000000000001100101100100000100100,000001011000100011000000000011000010,000000000110000000010011000100011001,170,7751ms
000101100000010001000010011000000010,011000000010100000010100000110000001,100000011100001100000001100000010000,000010000001000010101000000001101100,92,5375ms
011011111000000000000001010000000000,000000000010011011000000101001000100,000000000001100000100110000000110011,100100000100000100011000000110001000,110,21939ms
001011111000000000001100100000000000,010000000001110000000001000100011010,100100000110000101000000000010100001,000000000000001010110010011001000100,157,4963ms
110000101000100010100000000001010000,000110000000000100001010000010001101,000000010111010001000000111000000000,001001000000001000010101000100100010,157,1222ms
001101011011100000001000000000000000,000010100100001011010000000000010100,000000000000000100000110111100101000,110000000000010000100001000011000011,59,71060ms
101111010000000000000010100000000001,010000100000010010001100000100000110,000000001010001101010000000010011000,000000000101100000100001011001100000,128,15234ms
111111110000000000000000000010000000,000000000001001010100000100001110001,000000001010110001011000000000001010,000000000100000100000111011100000100,152,696ms
111000100000001010100000110000000000,000000001011000001000110000100101000,000000010000010100011000001000000111,000111000100100000000001000011010000,124,5155ms
010011110001001000001000000001000000,001000000000000000000111010110100001,000100001110010110010000001000000000,100000000000100001100000100000011110,88,236310ms
101101100000001000010000000010000100,000010010010010000100001110000100000,000000001001100010000110001000010001,010000000100000101001000000101001010,96,10569ms
111101011000000000010000000100000000,000010000001000101100000001001010100,000000000010100010000110100010100010,000000100100011000001001010000001001,139,929ms
110010001000001011000000000000100001,001000110001000100101000010000001000,000100000010010000010011001110000000,000001000100100000000100100001010110,112,14289ms
101111100000010000000010001000000000,000000000001101010000000010001010110,010000000100000001111001100000000001,000000011010000100000100000110101000,177,516ms
101110001000110000000000000010100000,000000000101001100000001001101000001,000000100010000001110000010000011100,010001010000000010001110100000000010,118,30167ms
111010000001000000101001000000100000,000100001010001010010000000000010011,000000010100000100000110100110001000,000001100000110001000000011001000100,157,122ms
110001011000100100100000100000000000,000000000000010001010100001011001001,001010100011000010000001010000100000,000100000100001000001010000100010110,150,6456ms
100001000010100000001100001011000000,010110000101001000100000010000001000,001000010000010001000001000100010011,000000101000000110010010100000100100,85,6447ms
100101001010000000001100000000010100,001000010000111011010000000000100000,010000100101000000000010001001001010,000010000000000100100001110110000001,130,4138ms
111110110000000100000000000000010000,000001001100000010000100100100000011,000000000011101001000000001011001000,000000000000010000111011010000100100,133,9966ms
100101110001000010101000000000000000,011000001000110000000001000000100011,000000000100001100000100010111000100,000010000010000001010010101000011000,119,10818ms
001011101000000001000000010110000000,100000010111000010000000001001000001,000000000000110100011100100000011000,010100000000001000100011000000100110,68,14651ms
101011111000010000010000000000000000,000100000110000110000000110000010001,000000000000000001101001001011100010,010000000001101000000110000100001100,157,1560ms
011111100100010000000000000000000010,000000011000001110000100101000010000,100000000000100001000010010101100100,000000000011000000111001000010001001,177,713ms
001001010000011010110000010000000000,000100100001000100000111000100000100,110000000110000000001000000001001011,000010001000100001000000101010110000,157,415ms
010100100000000101000100001110000000,000000001111001000010010100000001000,001000010000100010101000010000100001,100011000000010000000001000001010110,72,10074ms
011111011000000000000100001000000000,000000000100010111010000010001000001,000000000000001000100011100010011100,100000100011100000001000000100100010,132,49141ms
110011101010000000000000000100010000,000000000001000100010101001010001001,001000000000110000101010010000100100,000100010100001011000000100001000010,157,830ms
100000111010001000100000000100000001,000010000100100110000000011001100000,011000000001010000000110100000001010,000101000000000001011001000010010100,140,652ms
101011010000000000101000100000100000,000000000100000111010010010010000001,000000001010100000000001001100011100,010100100001011000000100000001000010,117,21456ms
001110001000010000000010100010010000,100000000001001000100001010100100100,000001000100100001010100001000001010,010000110010000110001000000001000001,60,10287ms
010010110100100000000000000010010100,000100001010000000100101000100001001,100001000000010010001000100001100010,001000000001001101010010011000000000,143,23184ms
010110010001000000010100010000000001,100000000000101011000000101010000010,001000100010010000100001000101000100,000001001100000100001010000000111000,127,4119ms
100110100000001000100000011000000100,001000001110000100011100000000010000,000000010000000000000011000101101011,010001000001110011000000100010000000,136,51489ms
011011100000010010010001000000000000,100000010000101000001000010011000100,000000000100000100100110101100010000,000100001011000001000000000000101011,119,91656ms
010101010000000100001001000010000010,000000100110010000100110100000001000,101010000001101000000000001000100001,000000001000000011010000010101010100,131,8124ms
101111111000000000001000000000000000,000000000000001000010101001110010010,010000000001100000100010100001001100,000000000110010111000000010000100001,177,77ms
101000111000100100000000000000000110,000000000001001001100111010001000000,010000000010000010001000101110100000,000111000100010000010000000000011001,143,590ms
101101001000100000000000001101000000,010000000011000101010000000000000111,000000110100011000100100000010010000,000010000000000010001011110000101000,157,32ms
011011010000000000001010000100000001,100000100000001100100001001001001000,000000001100100001000100110010000100,000100000011010010010000000000110010,90,9471ms
101001111010000000000000000001010000,010100000001100011010000000010000100,000000000100011100000110001100000001,000010000000000000101001110000101010,140,5218ms
100000000110001000001000000001101001,010110000000010000110001100010000000,000001110000000011000100001100000010,001000001001100100000010010000010100,88,3488ms
001000011100000000000101000100001001,000000100000011001010000010010010100,000010000011000100001010101000100000,110101000000100010100000000001000010,45,4664ms
110000100101011010000010000000000000,000000000010100100101000100101100000,001001000000000001010101010000000101,000110011000000000000000001010011010,93,111811ms
110111010000010010000000100000000000,000000000100101101000001001000010010,000000100011000000100000000110101001,001000001000000000011110010001000100,177,3285ms
100101000000010000000100100111000000,010000101000000000100001000000111001,000010010001000011001000011000000100,001000000110101100010010000000000010,71,23532ms
110010011000000000011000010000000010,000100100000011101000100001001000000,001001000010100000000010100100001001,000000000101000010100001000010110100,157,5074ms
100011011000001000000010001001000000,011100000010010000000000010000010011,000000000101000010001100100010001100,000000100000100101110001000100100000,99,10644ms
101011001000010000100100000000000001,000100000010000011010001110000000100,010000010101100100000000000110000010,000000100000001000001010001001111000,157,2141ms
011010000110000001000001100001000000,100001000001101000000100010000100001,000100100000010100000010001010001010,000000011000000010111000000100010100,73,2210ms
111011001001000001000000100000000000,000100010100000000010100001001000011,000000000000111010100011000000011000,000000100010000100001000010110100100,149,3871ms
111010101000000100000001100000000000,000001010000010000001010000110010010,000000000000100001100100001001100101,000100000111001010010000010000001000,143,14799ms
010110011000001000001000000001100000,101000000000100100000010000100011010,000000100101000010010001011000000001,000001000010010001100100100010000100,72,10484ms
100101111100010010000000000000000000,010000000010000100100001011000110000,001010000001100001010000100000000101,000000000000001000001110000111001010,153,318ms
101001000001010010100010100000000000,000100010000101000000000011001000011,010010001100000100011101000000000000,000000100010000001000000000110111100,157,4510ms
010110110001101000000010000000000000,100000000110000000110100010000100010,000001001000000011000001100100001100,001000000000010100001000001011010001,81,14948ms
011110010000010011000000000001000000,000000000010101100001100010000100001,100000100001000000110000100000011100,000001001100000000000011001110000010,164,2529ms
111100111000000000100000000000100000,000000000010101100000100010000010101,000011000100000010010011000100000010,000000000001010001001000101011001000,157,36ms
101101111000001000010000000000000000,000000000001100000000111100010100001,010010000110000110000000010000001100,000000000000010001101000001101010010,157,242ms
001110110000010000000000101010000000,000001000111100000000000010100010001,010000001000000110100001000001100100,100000000000001001011110000000001010,90,5558ms
001010000001101001000000000100100001,000001000000000010011110010000001010,000000011010010000100001100010010000,110100100100000100000000001001000100,52,10461ms
010111010000001000010010000000010000,000000001010100000001000010100001011,100000100101010000000101001010000000,001000000000000111100000100001100100,177,1486ms
000100111000000010000010000000110001,001010000000001100100001000001001010,100000000110100001000000001110000100,010001000001010000011100110000000000,132,29447ms
111000111000010101000000000000000000,000101000010001000000110000000100101,000000000001000000111000110101001000,000010000100100010000001001010010010,142,12773ms
000110001010001110100000000000000010,010000100101100001000000001100010000,001000010000000000001001010010001101,100001000000010000010110100001100000,70,59825ms
