011011110001010000000000010000000000,000100000000100100101000100111000000,100000001010001011010000000000000011,000000000100000000000111001000111100,157,2039ms
000011100000000000110100001010100000,100000001010001000000010100100011000,010100010000000100001000010000000111,001000000101110011000001000001000000,101,24308ms
010111100010100000011000000000000000,001000010000000111000000110000001010,100000000000010000100011000101100100,000000001101001000000100001010010001,177,340ms
000000000100111110000000000100010010,010010011000000001000010001010000001,100100100000000000000101010000101100,001001000011000000111000100001000000,86,31819ms
110111101000000100000000000001000000,000000010000000001000101001100001011,000000000101010010101010010000010000,001000000010101000010000100010100100,177,1626ms
000100010100100100001011100000000000,011000000010000000010000010010111000,100010100000011001100000001000000001,000001001001000010000100000101000110,114,30511ms
001000100000110001000000011000001001,110010000000000100001001000001010010,000101000100001010010110000000100000,000000011011000000100000100110000100,31,2618ms
011000000000000000001100000101001011,000101110000110100000001000000000100,000010001010001001010010010000100000,100000000101000010100000101010010000,41,82735ms
101001110000000000010100010100000000,010100000001001000000001000000100111,000010000100000110001010100011000000,000000001010110001100000001000011000,127,1767ms
001000101110100000000100100001000000,110000000001001110100000000010000001,000100000000010001010010010000100110,000011010000000000001001001100011000,37,12117ms
111101101010000001000000000000000000,000000000000000100100100110111000010,000000000101001010000001001000011001,000010010000110000011010000000100100,157,674ms
111110011000100000000000000000000010,000000000000001100110010000010100101,000001000000010011000000011100011000,000000100111000000001101100001000000,171,631ms
011010101101001010000000000000000000,000000010010100001010010001000011000,100000000000010100000101000110000101,000101000000000000101000110001100010,157,19465ms
111001100000000000011000000000000011,000100010010010100000101010000001000,000000000000000011100010101110000100,000010001101101000000000000001110000,157,6115ms
010101101001000000000010000000001001,000000000010000011010001110100010000,001000000100110100001100001001000000,100010010000001000100000000010100110,73,17353ms
000001001011000010000000100100010010,100000100000000000011100001001100100,000110000100000101100000010010001000,011000010000111000000011000000000001,68,23812ms
000100001110001000000000100101000100,000010000001010100001001010000001010,110000010000000011010100001000000001,001001100000100000100010000010110000,125,3898ms
101110010000100100000010000000001000,000000001001001010001101010100000000,010001000100000000010000001011000011,000000100010010001100000100000110100,177,324ms
111111110000000000000000000000100000,000000000010011011000010001000010100,000000000101100000001001010110001000,000000001000000100110100100001000011,177,91ms
110110111001010000000000000000000000,000001000110100000111010000000000010,000000000000000101000001001011101100,001000000000001010000100110100010001,149,1455ms
011010001001000000101110000000000000,100001000000000000000001000101111100,000100110000100110000000111000000000,000000000110011001010000000010000011,97,239690ms
011101010000000000101001001000000000,000000100101000011000000110001000100,000000000000011100000000000110111010,100010001010100000010110000000000001,96,127920ms
010101010010000100000000000100011000,100000100100000010011100001000000001,000000001000000001000011000011100110,001010000001111000100000110000000000,75,140445ms
110011101001000000000000000001000001,000100000110001000000001100010101000,001000010000110000010110000100000010,000000000000000111101000011000010100,157,1113ms
110101010000000000100100000001001000,001010100101101001000001000000000000,000000001000000110010000000110100101,000000000010010000001010111000010010,136,81145ms
011011100001001100000000000000000001,000000001000110000011101000010100000,100000010000000000000010011001001110,000100000110000011100000100100010000,142,8572ms
011101100000000000000000000010011010,000010000101010100010000001001000001,100000001000101010000100100100100000,000000010010000001101011010000000100,157,528ms
111011100000010000000000000001000001,000000001000100010011100010100001000,000000000100001100100010100010100100,000100010011000001000001001000010010,157,7950ms
011001001000011000000100001100000000,000100010100000001011001000001100000,000000000011100010100000000010011100,100010100000000100000010110000000011,91,7716ms
011011111001000001000000000000000000,100100000010000100001000010000011010,000000000100010000010111001001100000,000000000000101010100000100110000101,111,167222ms
101011101000000100000000000100010000,000000000010000010000100111000100011,010100010100000001111000000000001000,000000000001111000000011000011000100,157,83ms
011001000011100000000000000010101000,000100101000010000001000100100010001,000000010000001101010001001001000010,100010000100000010100110010000000100,49,13710ms
001100111000000001000100010000000010,010010000000101000101000100001001000,000001000111000010000010000010100100,100000000000010100010001001100010001,54,14654ms
011100111000010000000000101000000000,000010000010000000101000000011111000,000001000001101110010100000000000010,100000000100000001000011010100000101,68,41262ms
101110011000100001010000000000000000,010000100011001000000001000001001100,000001000000010000100100100110100010,000000000100000110001010011000010001,152,16889ms
110000010100000100001100000010100000,001010100010000010010010000000000011,000001001001100000000000111000011000,000100000000011001100001000101000100,87,973ms
110111100000001000000000001000001000,001000010000100110101001000000010000,000000000111000001000010010000100101,000000001000010000010100100111000010,177,10613ms
010100110111000000000001000000000001,000000000000100000001110110001000110,100000000000000111110000000000111000,001011001000011000000000001110000000,132,6678ms
111100010001100100000000000010000000,000000000110001010011001000001001000,000000101000000000100100010100000111,000011000000010001000010101000110000,157,853ms
100110101000000101000000000010010000,010000000101001010000000001100001001,001001010010000000010001010000100010,000000000000110000101110100001000100,129,12861ms
111100000000000000100001000000011001,000000001000011110001010000010100000,000010000110000000000100101101000010,000001110001100001010000010000000100,157,379ms
010111011000000000000000001001010000,001000000000100010100100010000000111,100000000101001000000001000110101000,000000100010010101011010100000000000,177,3826ms
110100100000000100100110000000000010,000011010110000000000000000001010101,000000001000010010011000010010101000,001000000001101001000001101100000000,131,18948ms
111100110000000010010000000000000100,000000000000101100100110100100001000,000001001011000001000001011001000000,000010000100010000001000000010110011,131,7431ms
101010100100000010010000100000000001,010001000010000001000101010000110000,000000001000110000101010000111000000,000100010001001100000000001000001110,141,334ms
101001000110001000010010100000000000,010100000001010000101100000100001000,000010110000000101000000001011010000,000000001000100010000001010000100111,130,3464ms
001001000010010000000000011110000001,000100110000001011000101000001000000,110010000101100000001010000000000010,000000001000000100110000100000111100,157,2769ms
111010110000001000010100000000000000,000000000011000100001010100000001110,000000000100010010000001011101010000,000101001000100001100000000010100001,149,15509ms
001101000100100000110000000000010100,000000100001001101000100001001000010,000000001010000000001001110010001001,110010010000010010000010000100100000,68,1912ms
110110001000000010001000100010000000,000000010010010100000100000100101001,001000100000101000000010011000010010,000001000101000001110001000001000100,128,5469ms
111101011000001000000000000000010000,000000100000000010110001001101100000,000000000100100100001010100010000110,000010000011010001000100010000001001,157,3309ms
001000111000100010000001000100010000,000011000000000101001100010000100100,100000000001010000100000101001001010,010100000110001000010010000010000001,115,5568ms
101010011110010000001000000000000000,010001100000000010000110100001000010,000000000000001100110001001010001100,000100000001100001000000010100110001,129,20331ms
001010110000001001000101000000000001,000001000000010000000000111101010100,000000000111100110010010000000001000,110100001000000000101000000010100010,33,55129ms
001000010000001100000101000100110000,000010100110010000000000010010000110,110001001000100001010000001001000000,000100000001000010101010100000001001,132,4069ms
100010111000100000000100000010100000,001000000000001010001001000000010111,000100000101010101000000001001001000,010001000010000000110010110100000000,115,7528ms
011100101000000000010010100000000010,000000010110001000000000011100110000,100000000001100011001001000000000101,000011000000010100100100000011001000,146,5537ms
001000000011000000011000110100000001,000000101000100010100100000001000110,000011010000000101000001000010101000,110100000100011000000010001000010000,49,3560ms
101110000100010000000001000010000001,000001000001000101100100000001010100,010000000010000010011000010100001010,000000111000101000000010101000100000,177,524ms
111001000010000000001000000000101010,000010001000000001000100011001010001,000000010101010110000000100010000100,000100100000101000110011000100000000,157,2821ms
101011011000000100000000001001000000,010000000000011010100011100100000000,000000100001000001010100010000010110,000100000110100000001000000010101001,104,6243ms
110000110000000100001000001101000000,001010001010000000100001100010000001,000001000101010011000000000000101100,000100000000101000010110010000010010,124,7382ms
000001110000100001100000100010000100,100000000011001000000110010000011000,001010001100010000000000001000100011,010100000000000110011001000101000000,52,2684ms
011100110001100000100000000000000010,100001000110000000000101001010000100,000010000000000011000000010101111000,000000001000011100011010100000000001,94,9603ms
111110110110000000000000000000000000,000000001001000000001101000101001100,000000000000111100100010000010010001,000001000000000011010000111000100010,177,94ms
100101100001000010100000010001000000,000000001000000000010010001100110011,001010010010000101000000000010001100,010000000100111000001101100000000000,135,128315ms
000010010110000100001010001000000100,000101100001010010000001000100000001,010000001000001000010000010011100010,101000000000100001100100100000011000,35,11805ms
001100100100000010000010001100000001,100011011000010000000000000010010010,000000000011101000001001000000101100,010000000000000101110100110001000000,38,29342ms
100101000001000011010000000000101000,010000110000100000000001000101010100,001000000110010000000010011010000010,000010001000001100101100100000000001,84,28386ms
111010010100000000000000010110000000,000101001011001100000000100000000010,000000100000100010101000000000101101,000000000000010001010111001001010000,157,922ms
111110100010000001000000000000010000,000000000100000000010111111001000000,000000000001110000100000000100101110,000001011000001110001000000010000001,177,548ms
101001011001000000010000010001000000,000010000110010000000100001010000101,000100100000101010000010000000011010,010000000000000101101001100100100000,105,1995ms
110010011000000000101000001000000001,000100100000100000000101000111100000,001001000100001100010000110000010000,000000000011010011000010000000001110,157,2965ms
111110000000010010010000000100000000,000000010110100000001010100000001010,000001100001001000100100001010000100,000000001000000101000001010001110001,177,161ms
001011010000101100000000010000000100,000100100011000000010000000011101000,010000000100010000000111001000010001,100000001000000011101000100100000010,72,7813ms
001100110000000000010100100000100100,000000000100011010001001000110000010,100010001010000000100010010001010000,010001000001100101000000001000001001,124,23214ms
111110111000010000000000000000000000,000001000010000011000000111000001001,000000000001101000010001000011100100,000000000100000100101110000100010010,152,1937ms
101101010010000001001000000010000000,000010001000110110100010000100000000,010000000001001000010100010000001101,000000100100000000000001101001110010,138,1616ms
111001010001010000000000010000001000,000100101010100100101000100000000000,000000000100000011010010001100010010,000010000000001000000101000011100101,144,75735ms
010111110000000000000010010000000100,001000001001010000100000100100110000,000000000110000100000100001011001001,100000000000101011011001000000000010,86,103045ms
101001001000101100000000000010010000,000100100010010011000001110000000000,010000010001000000000100001100000111,000010000100000000111010000001101000,135,31654ms
111011110000000100000000000001000000,000100000010110010101001000000000001,000000000100000001000110011000101010,000000001001001000010000100110010100,143,3586ms
011100001100000001000000000100001100,000011100000000100101101001000000000,000000000000111010000000110000110010,100000010011000000010010000011000001,77,145527ms
001111010000000100000110010000000000,100000000011001001000001001100010000,000000100000110010100000100000101100,010000001100000000011000000011000011,97,15203ms
110001001000001010001010000000001000,001010010011000000100000000110000100,000100000100010001000100100000110001,000000100000100100010001011001000010,100,2738ms
000111101000001000001100000000000010,010000000001100001010010000010010100,000000000010010000000000110101101001,101000010100000110100001001000000000,54,22858ms
010110111000000000000000101010000000,000000000100000110100111010000010000,100001000000001001011000000100100010,001000000011110000000000000001001101,177,413ms
010010100001000000011101001000000000,100100000010101000000010000110001000,001000001100000100100000000001100101,000001010000010011000000110000010010,113,9235ms
100010110000010010000000001001000100,000000001001000001100010010000110010,001001000100100000010001000100001001,010100000010001100001100100010000000,129,2180ms
110110000001000100101000000010000000,000000111000010000000001100100100010,000001000010100001000010000001001101,001000000100001010010100011000010000,151,5407ms
000001100000111110100000000000001000,011000001010000000010110100100000000,100110000100000000001001011000000001,000000010001000001000000000011110110,122,64747ms
101000011010000000000000010101000001,000000000000111101000000100010001010,000110000001000010100011000000010100,010001100100000000011100001000100000,141,19887ms
000110101001010000100001001000000000,000001010000000000000110100001001110,010000000000001111000000010110010000,101000000110100000011000000000100001,71,27091ms
001011011100000100000000000000010001,010100100011010010000101000000000000,100000000000001001101000101001001000,000000000000100000010010010110100110,118,292096ms
110111010000000001010000000001000000,000000001000101000001000000010101110,000000000011010100000101101000010000,001000100100000010100010010100000001,129,21384ms
100010011000100111010000000000000000,000000100001000000001001001010100011,001000000110010000000100100100011000,010101000000001000100010010001000100,126,15202ms
101000001001000101000001100100000000,000110000010110000000110000000100001,010000100100000000010000000011001110,000001010000001010101000011000010000,157,1502ms
001101111000001000000000000000100100,110010000000100001010101000001000000,000000000000000010001010110110010001,000000000111010100100000001000001010,80,111950ms
011011010000000001000000000100000011,000000001011000100000100010010101000,000000000100101010010011100000000100,100100100000010000101000001001010000,102,50924ms
000101110000001100100000100100000000,011000000100010000001010000000010110,000000001000000011000100011001100001,100010000011100000010001000010001000,44,1099ms
001111101000000000000100000000101000,010000010000001100000001101010000010,000000000101110000110000000001010100,100000000010000011001010010100000001,103,21010ms
011010100001000000000000001010000110,000000000110010000110100110000000001,100001010000001000001001000100011000,000100001000100111000010000001100000,157,3603ms
000111100000000000000110010010100000,000000001001011101000000000000011001,001000010000000010001001100100000110,110000000110100000110000001001000000,80,12995ms
010000011010001001000001011000000000,001100100000100110100100000000000100,000010000001010000011000000001011010,100001000100000000000010100110100001,28,40146ms
001101001000001001000000001000100010,000010010010100000100110000100010000,000000100100000110000001110010001000,110000000001010000011000000001000101,60,1031ms
011110110000000100001000001000000000,000000000010000011000111000010001010,000001000100010000000000000101110101,100000001001101000110000110000000000,121,95958ms
111111010010000000000001000000000000,000000001001000010000100110000100110,000000000000000101111010001010001000,000000100100111000000000000101010001,177,4594ms
011000100000000001001010011000000100,000100001011010100000000000111000000,100010000000001000110100100000001001,000001010100100010000001000000110010,143,11002ms
100001101100000000000000101000000110,000110000001100101110000000100000000,001000010010010000000100010000110001,010000000000001010001011000011001000,113,353ms
011110100000000000100010000001010000,100000000010000110001100110000000100,000001000101110001000000000100100001,000000011000001000010001001010001010,142,9923ms
101100011000000010110010000000000000,000000000100001000001100011000011001,010010100001010001000000000000100110,000001000010100100000001100111000000,157,2007ms
010001001100000001000100010000001001,100000010011100000100000000000100110,000010000000011000010010101011000000,001100100000000110001001000100010000,58,1116ms
100100101010100000100000000000000101,001010000101000010010000010010000010,010001010000010000000101101100000000,000000000000001101001010000001111000,157,412ms
010000010000010010001001000100001100,100100001100000000100000101000100001,001000100010001100010100010010000000,000011000001100001000010000001010010,55,4868ms
001010111010010000000010001000000000,000000000000101100010101010001001000,110000000100000010100000000100010110,000101000001000001001000100010100001,157,377ms
100111100000110100000000000001000000,001000010011000000010001000010100010,000000001100000010000010011000010101,010000000000001001101100100100001000,141,3172ms
001111100000001000000000000100010001,000000000001010101110010001000000100,110000010110000000001001000010001000,000000001000100010000100110001100010,177,154ms
000111001010100000000100000001100000,100000100100010001000000010110000001,001000010000000000100011101000001010,010000000001001110011000000000010100,92,7205ms
100001111000000100010001000100000000,000000000000010001000000111010011100,010010000011001000000110000000100001,001100000100100010101000000001000010,123,2855ms
110110011000000100000000001001000000,000001100110101000000100000000000110,000000000000000001101000010110011001,001000000001010010010011100000100000,177,1018ms
011110011000000000100000011000000000,100001000000010001010001000011000001,000000000010100000001010000100011110,000000100101001110000100100000100000,133,27365ms
000001010101100100100001000010000000,000000101000001001011010001001000000,111110000010000000000100010000001000,000000000000010010000000100100110111,177,809ms
100011110000000010000001000010001000,001100000000000001100100101100000010,010000000000011000010010000001010101,000000001111100100001000010000100000,112,11784ms
100100111000000010010000000000100100,010000000101010001000001001001000010,001011000000101000001000100000001001,000000000010000100100110010110010000,101,3324ms
100111101010000000010000000000001000,010000000000000000001100001011100011,001000000001001100100001100000010100,000000010100110011000010010100000000,146,5548ms
100110000000010000000110000000001101,000000011100000001010000001010100010,000000100010000010101000010101010000,011001000001101100000001100000000000,115,10868ms
101110101000000010000000000001010000,010000010100000000001101011000000100,000001000000111000110000000110001000,000000000011000101000010100000100011,159,1966ms
000100000010001001001001000000101100,100000100100100010100000011000010000,001010010001010000000110100100000000,010001001000000100010000000011000011,30,7064ms
011011000000000000001000000101011000,000000111000100100000000111000000100,000100000110010001010000000000100011,100000000001001010100111000010000000,112,44836ms
110000001000100000000000101000110010,001001010010011000000100000100000100,000000100101000110101011000000000000,000110000000000001010000010011001001,114,45788ms
001101010000000000101000000001001001,110000000010100000000110100000010100,000010001000010000010001011010000010,000000100101001111000000000100100000,74,30932ms
010001000000000101001000000101010001,001100000010101010100000000000001010,100010101001000000000100100010100000,000000010100010000010011011000000100,142,1192ms
011000110001001000000010100010000000,100100000000010010000001001001100001,000011000100100100010000000000010110,000000001010000001101100010100001000,73,7566ms
100100000100000000101100101010000000,001000100010101000010001010000000001,000000011001010000000000000101010110,010011000000000111000010000000101000,110,30819ms
010001010000000010100011010010000000,000010000111110100000000000100100000,000000000000001001001100000000011111,101100101000000000010000101001000000,36,88255ms
010100111000000001100010000000000100,000010000010011000010000100101000010,101000000100100100000100010000110000,000001000001000010001001001010001001,157,571ms
111010111000000000000001000000010000,000100000010000001100100010010100001,000000000001010010010010001100000110,000001000100101100001000100001001000,150,6979ms
100110010100100000000000000001101000,010000001000011000000100010010000011,001000000001000111011000001000000100,000001100010000000100011100100010000,136,7750ms
000101100010001001000001000000000011,111000000000010000010000101001100000,000000000101100010001010000110000100,000010011000000100100100010000011000,50,5599ms
000011001001001000000000001000100011,011100000010010000110110000000000000,000000110000100001000000110110001000,100000000100000110001001000001010100,0,2122ms
110010000000000001000010101000110000,001000010011010100100100000000000100,000000100100001010000000010001001011,000101001000100000011001000110000000,86,7412ms
101111010100000010000100000000000000,010000001000110100001001000000001010,000000100010001001010000010011100000,000000000001000000100010101100010101,152,7327ms
111000001000000000101110010000000000,000101100000000000000000000011001111,000000010011010110010001100000000000,000010000100101001000000001100110000,157,104192ms
010110101100000100001000000010000000,000000010001100010010000010001101000,101000000010000001000011101000000001,000001000000011000100100000100010110,177,923ms
000001000101000010001100000100000011,001010001000110001100001000000001000,100100010010001100000000110001000000,010000100000000000010010001010110100,81,44788ms
000011111000000101000110000000000000,111100000000000010001000000110010000,000000000010010000100001111001000100,000000000101101000010000000000101011,45,41890ms
000001101100000001010000010100000001,000110000001101110000100000000000010,001000010000010000101010100000101000,110000000010000000000001001011010100,95,9811ms
010000100000001001010000000000001111,101000000001010110000000010000110000,000110001010100000100010000011000000,000001010100000000001101101100000000,72,3877ms
000100100101110010010000000001000000,000010011000000001000010001010101000,010000000010001100001100100100000010,101001000000000000100001010000010101,35,17549ms
111000110000000010010001000100000000,000011000000010001001000101000101000,000100000010100100000110000001010010,000000001101001000100000010010000101,131,1992ms
110100001110000010000000010000100000,001010100000010100000100100110000000,000001000000000000111001000000011101,000000010001101001000010001001000010,143,2692ms
011100000010000110010000001001000000,000001111000000000000110010000001100,000000000000111000100000100000110011,100010000101000001001001000110000000,64,20068ms
100100110100001001000000000100000001,011001001000100000000010100000110000,000010000010010110010001010010000000,000000000001000000101100001001001110,118,10923ms
000100011001000010110100000001000000,100000000000100100000011010010000101,000001100110010001000000000000011010,011010000000001000001000101100100000,56,24122ms
000001011000100100001100010000001000,001000000110010000010000000010110010,110110000000000010000010100100000100,000000100001001001100001001001000001,148,5211ms
000011101000000010010000010000010010,100100000001001001101000001100000000,001000000010010100000001100010000101,010000010100100000000110000001101000,34,4210ms
110100101001000000000000001001000010,001011000000011010000000000010101000,000000010000000101100101110000000001,000000000110100000011010000100010100,87,124625ms
000110000100101000010010010100000000,011000000001010000000000100011000110,100000001000000110000100001000111000,000001110010000001101001000000000001,109,18082ms
100111110000010000001000100000000000,011000000000001111110010000000000000,000000000110100000000100010101001010,000000001001000000000001001010110101,153,22733ms
100010001010000000010001001000011000,000001100000100110001000000000100101,000100000001001000100010110011000000,011000010100010001000100000100000010,89,4844ms
100100011000001000000000001110100000,001001000000010100010010010000010010,010000000110000001000101100000001100,000010100001100010101000000001000001,157,231ms
000010000000001011000110010100000010,100100101011000100000000000001100000,000000010000000000110001001010001101,011001000100110000001000100000010000,0,9508ms
010110001000011000000001001010000000,001001100000000010110000010000101000,100000010101000100001000000101010000,000000000010100001000110100000000111,162,6048ms
000110111000000100000100001000001000,010001000101101000000000010001000001,001000000010010000111000100000010100,100000000000000011000011000110100010,74,22095ms
011100100000010000001000010100000001,000010001000000010010101101000100000,000000000010001001000010000001011110,100001010101100100100000000010000000,75,66222ms
110010111011000000000000000000001000,001000000100100000001100010010110000,000001000000001110000001001001000101,000100000000010001110010100100000010,112,2476ms
000111000000001101000001000000100010,001000001100000010000100010000010101,010000100010000000011010100011000000,100000010001110000100000001100001000,55,3208ms
010011110000000001001000000000000011,001000000001011110000010000000100100,000100000100000000110001110110000000,100000001010100000000100001001011000,118,1913ms
100110011000010100000010000000001000,011000000000001000000100010100100011,000000000010100010101001101001000000,000001100101000001010000000010010100,114,37937ms
011111001000000000000010100100000000,100000000010101100001100000000011000,000000110001000010100001000001000110,000000000100010001010000011010100001,130,4801ms
010110011001000000001101000000000000,100001000000010001000010100000100101,001000000100000010010000010110011000,000000100010101100100000001001000010,122,13370ms
011001010001010000000000010001000100,100000000000100000010001101010011000,000000000110000100001110000100100010,000110101000001011100000000000000001,92,22383ms
100011001001001000000000010010100000,010000100100100100110010000000000001,000000010010010011000000100001010010,001100000000000000001101001100001100,84,62036ms
000000101001000010000010010100101000,101010000100111000000000000010000001,000101010000000000010100101000010010,010000000010000101101001000001000100,25,18841ms
011101001000000010000100000000000011,100000000011111000001000001001000000,000010000100000100010001100010100100,000000110000000001100010010100011000,89,9506ms
011101110000000000100000000100001000,000000000000000100000111001011100100,000000001101101001001000110000000000,100010000010010010010000000000010011,116,8947ms
110011111000000000100000000100000000,000000000011110000000010000011010010,000100000000001001011101011000000000,001000000100000110000000100000101101,157,45ms
011101101001000010000001000000000000,000000000100010000000010110010110010,100010000010001100101000000101000000,000000010000100001010100001000001101,157,383ms
101011000000100000000000010100100001,010000011100011000100100000000001000,000100000011000111001001100000000000,000000100000000000010010001011010110,86,286969ms
010000001100010010101000100000000001,000101000000100000000001010111000010,001000010000000100000010001000111100,100010100011001001010100000000000000,69,59549ms
101000110000001000010011000000001000,000011000100010100100000111000000000,010000000000100001000000000011110101,000100001011000010001100000100000010,110,160508ms
000111011000000110000100100000000000,000000000000011000100000011000101101,110000100010100000001001000010010000,001000000101000001010010000101000010,150,6893ms
011100011110000000000100000010000000,000000000000010000110010110000110001,000000100001101010000000001000001110,100011000000000101001001000101000000,75,7861ms
110110100010000000100100000010000000,000001001000001010000001001100100100,001000000001000101011000010000010001,000000010100110000000010100001001010,177,150ms
100000000010011100000110000001000001,000001000001100010001000101010000100,000000011000000001110000010000110010,011110100100000000000001000100001000,59,2422ms
111100101000001000000000100000000100,000000000110110000001001010000110000,000011010000000110100010000100000001,000000000001000001010100001011001010,151,247ms
001000110000010000000111100010000000,000000001011000010000000001100101100,000011000100000101001000000001010010,110100000000101000110000010000000001,45,40814ms
100011100000001000101000011000000000,001000000001010000000101000001100110,000000001100100010010010000110010000,010100010010000101000000100000001001,129,2928ms
001011110001000001000000000000010010,100100001010010000011001000001000000,010000000000101100100010101100000000,000000000100000010000100010010101101,88,57887ms
100100001100100000000001000100001001,000001100010001001100110000010000000,000010010001010000010000011001000010,011000000000000110001000100000110100,110,3038ms
111000011010000010000000100000100000,000000000001011000101000001100010001,000101000000100100000101000011001000,000010100100000001010010010000000110,128,2611ms
000011000001101000001001000010010000,001100000010000001110110100000000000,110000101100000100000000000001100010,000000010000010010000000011100001101,131,28378ms
101101011100101000000000000000000000,000000100000000100000011100110001001,010000000010010011100100000001010000,000010000001000000011000011000100110,157,99ms
000001111000000001010100000001001000,000000000001100000100011110100000100,100000000010001100000000001010110001,011110000100010010001000000000000010,66,31455ms
110011110100000000000000001000010000,000000001001000010001001110010000010,001000000010001001100110000000100100,000100000000110100010000000101001001,157,173ms
111011010001000100000100000000000000,000000101110000000001011000001000010,000100000000100001010000000100101101,000000000000011010100000111010010000,136,5723ms
110001101010000000010000100000000010,001100000000000011100010000000111000,000000010100111100001001000000000100,000010000001000000000100011111000001,157,4271ms
011000010000000010010110000000100100,000000000000011101000001010001001010,100000001001100000101000000010010001,000111100110000000000000101100000000,114,3984ms
010101100010000000010000000011000100,000000000101000011001010011000000001,100010010000000100000000100100110010,001000001000111000100101000000001000,157,5380ms
111101001000100000000000000010000100,000000100001001100000000110001010001,000000010010010000101101000100001000,000010000100000011010010001000100010,157,363ms
110011010100010000100010000000000000,000100000000001110000001100000010110,001000001001000001010000010101001000,000000100010100000001100001010100001,157,249ms
100001011000010001100000001000000001,000000100100001000010111100000000100,000110000001000000000000010101101010,011000000010100110001000000010010000,130,25529ms
110010110000010100000001000000001000,000100000111000000001100010001000001,000000001000000010100000101100110010,001001000000101001010010000010000100,157,1737ms
110001111000000000001100000000100000,000000000000111011100001000100001000,000110000100000000010010001001000110,001000000011000100000000110010010001,164,637ms
010111010000000110000000001000000001,100000000100001000011001100010000010,001000001010110001100010000000001000,000000100001000000000100010101110100,109,30687ms
001010000001000000010000000100110011,000100111000000100001101000000001000,110001000100101000000000000011000100,000000000010010011100010111000000000,132,112876ms
110001010000000000000101000001110000,000110000001010001111000000100000000,000000001010100110000010000010001100,001000100100001000000000111000000011,127,2292ms
111110010000000100001000000000100000,000000101111100000000001010000000100,000000000000000010110110101000010010,000001000000011001000000000111001001,177,6563ms
011011001000001000100000010000000001,100100000101110000010010100000000000,000000010000000110000101001101010000,000000100010000001001000000010101110,97,55451ms
110101001000010000000000001011000000,000000010100001100000010010000011100,000010100001000001101000100000100010,001000000010100010010101000100000001,132,1264ms
001010011000110010000000000101000000,010000100010001000000010100010100010,100101000101000101011000000000000000,000000000000000000100101011000011101,157,7444ms
101101100100000000000001000001001000,010000001000000101010010010000010001,000000000011110000101000100010100000,000010010000001010000100001100000110,140,1972ms
010110000010000001010000010000100001,001000001101100000000010100001001000,000000110000010110100101000000000100,100001000000001000001000001110010010,73,12607ms
001110101011000000110000000000000000,000000010000001101000110001000010100,010000000100000010000000100111000011,100001000000110000001001010000101000,142,1473ms
000101001000010000100011000000010010,000000010100001101000100000110000001,110000000000100000000000111000101100,001010100011000010011000000001000000,89,4893ms
010101111000000000000100001000000100,100010000001000011100000000101000001,001000000100100100010010110000000010,000000000010011000001001000010111000,81,65902ms
001111110010000100000000100000000000,100000000000000011100011010110000000,000000000101011000000000001000001111,010000001000100000011100000001110000,102,99965ms
011011011100000001000000000000000100,100000000000001000100000010111010001,000100000001010000011111100000000000,000000100010100110000000001000101010,111,81883ms
110100000000001000010001011010000000,001001011000000110000000000001000011,000010100001000001000010100100010100,000000000110110000101100000000101000,97,19530ms
111100001000000001000100000100010000,000000100100011100000001011000001000,000000000010000010101000100011100001,000011010001100000010010000000000110,157,865ms
101100001000000001100000000011001000,000010000010101100000101001100000000,010001000000000000000000110000110111,000000110101010010011010000000000000,157,17535ms
101000111000000010100000001000100000,010011000100000000000000010100010110,000100000010000101001010100001000001,000000000001111000010101000010001000,90,44172ms
100011111000000000000100100000000001,001000000100010000100010010100110000,000000000010101110010001000011000000,010100000001000001001000001000001110,104,5015ms
011010111001000000000000000000000110,000101000000010011000010000101000001,000000000100100000011001101000110000,100000000010001100100100010010001000,82,64347ms
011111111000000100000000000000000000,000000000100100011100100010100000100,000000000011000000011001001001110000,100000000000011000000010100010001011,113,76657ms
101111111000000000000000000000000010,000000000100011000001110100000001001,010000000001000001100001001011010000,000000000010100110010000010100100100,177,427ms
101010101000000000000000000100010101,000100000001000101000101100001001000,010001010100001000001010011000000000,000000000010110010110000000010100010,157,1271ms
101110110100000000000001000000000001,000001000000110110000000010011010000,000000000010001001111000000000100110,010000001001000000000110101100001000,153,2063ms
010100101000010001000000000101001000,000001000010000000100000110000110101,001010010100100010000101001000000000,100000000001001100011010000010000010,110,54098ms
010110100000000001110100000010000000,000001010001010000000000100101001010,001000001010100100000000011000010100,100000000100001010001011000000100001,100,29639ms
111101100000000000000000000110001000,000010011000000001000101110001000000,000000000000110000111010001000110000,000000000111001110000000000000000111,157,2490ms
110000011010000000010101000001000000,000000100001100100100000001100000101,001101000000000011001010010010000000,000010000100011000000000100000111010,128,7083ms
001100101000001000001000000011000001,100001010000010101100001000000000100,010000000110100000000110010100010000,000010000001000010010000101000101010,114,7481ms
000000111100000100110000000001000100,000001000010010000000011001110100000,011110000001001010000000100000000010,100000000000100001001100010000011001,115,9320ms
011000001001000111000000110000000000,100000000000110000001000001000100111,000110000110000000110100000010001000,000001110000001000000011000101010000,116,10819ms
100100010100000010100101000000001000,010000100000100001011000000110000100,000010001001010000000000111001000001,001001000010001100000010000000110010,99,3407ms
110010001011000000100100000100000000,000000100000000000010010001001011011,000100010100110000001001100000100000,001001000000001111000000010010000100,157,1109ms
100011011010110000000000001000000000,001100000101000001000000100010001100,010000000000000100110011000000110010,000000100000001010001100010101000001,133,7235ms
001011100000110100000000100000001000,000000000110000001100101001000100001,010000001001001000011000010000010100,100100010000000010000010000111000010,49,23311ms
001001110000000000010000000100100110,110000000010010110100000010000000001,000010001101000000000000100011011000,000100000000101001001111001000000000,79,149304ms
101100111100000000000010000000000001,000000000001000000010001011111001000,010000000010101010100000000000110100,000011000000010101001100100000000010,157,373ms
000101011000000000001001000010011000,110000000011011001000010000100000000,000010000000100100100000100001100110,001000100100000010010100011000000001,57,19438ms
101000101010100000100000000010100000,010000000001010010000000000101010110,000111000000000001000011011000001000,000000010100001100011100100000000001,147,27633ms
110101100000010100010000000000000100,001000001111000000100010000010001000,000010000000000011000001001100010011,000000010000101000001100110001100000,116,5155ms
101110001000010000000010101000000000,010000000000000001100100000010101011,000001000101100000001000000101010100,000000110010001110010001010000000000,158,18735ms
101101000000000000010100000001000110,010000000000100011000000011100001001,000010000011010100000001100010100000,000000111100001000101010000000010000,116,5013ms
010011111000100110000000000000000000,000100000111001000101000010000000001,101000000000000000010101100010110000,000000000000010001000010001101001110,152,21376ms
101010001000110000000000000000100110,000000000011000010110011100000001000,010000010100000101000100010110000000,000101100000001000001000001001010001,151,942ms
100000100001000001101000010100000001,000011000100000000000001000011101010,011000010010000110000010001000010000,000100001000111000010100100000000100,157,13720ms
110011001010000010000000000000000110,001100000000001001010010101000100000,000000000100010000101001010100011000,000000110001100100000100000011000001,157,2562ms
110010100001001100010000000000001000,001001000010010000000001000111000001,000100011000100010100100100000010000,000000000100000001001010011000100110,116,46836ms
000000001011100000010001000000001101,101010000000001001101000000010100000,010001000100000100000100110100000010,000100110000010010000010001001010000,55,455ms
010111101001000000100000000000100000,001000010000101000010001110000000100,100000000110000100000000000111000011,000000000000010011001110001000011000,177,357ms
001100001000100011000011000001000000,100000110001010000100000010000001100,000000000010000100000100101110000011,010011000100001000011000000000110000,39,7310ms
111001111000000000000000000100010000,000010000100000100100100011000001100,000100000010110000001000000001100011,000000000001001011010011100010000000,157,82ms
011010011000000010000010000100010000,000000000100010001010001100010001010,000101100000001100100100011000000000,100000000011100000001000000001100101,97,31317ms
000000010001010111000000000100010100,000011001010100000001010010010000000,111000100100000000010101000000100000,000100000000001000100000101001001011,144,14018ms
001001011100010001000100000001000000,010010000000000010000001000110100101,100000100000001000011010110000010000,000100000011100100100000001000001010,107,48573ms
101001111000000001110000000000000000,000010000001001000000000100110101001,010100000000110000000111011000000000,000000000110000110001000000001010110,157,338ms
000010100010000000000110100001100001,001100001000001010100000000000010110,110000010001000000001001010100001000,000001000100110101010000001010000000,122,4151ms
010101000001010001000000010001100000,100000001000000010011010101000001000,001000010000101100000001000000010101,000010100110000000100100000110000010,45,874ms
110010010000000010000000101010000001,000100101010000001100101000000100000,001001000000001100000000000100011110,000000000101110000011010010001000000,157,14793ms
001001101001000100010000001100000000,000100000100110001001000110000000010,100010000000001010100100000010010100,010000010010000000000011000001101001,136,1290ms
110101000000011000000010000100000010,001000000100000010110000001001100100,000000011000000001001001110010001000,000010100011100100000100000000010001,127,1934ms
111111001001001000000000000000000000,000000000100100010100000110011100000,000000000000010101000010000100011101,000000110010000000011101001000000010,154,3532ms
100011101001010100000000000000000001,000000010010100000001101011000000100,000100000000001011000000000111100010,011000000100000000110010100000011000,125,26888ms
010100010100000100000011000010100000,101001101001100000001000000001000000,000000000010011000010000111100000010,000010000000000011100100000000011101,64,8765ms
010101110000110001000000000000000100,100000001000000010001001001001110000,001010000101000000000010100010001010,000000000010001100110100010100000001,95,52340ms
001101011000000001001000000001000100,100000000000010110000101000100010010,000000100011001000010010110010000000,010010000100100000100000001000101001,41,10790ms
011010010100100000010000100000000100,000001000010000000100000001101100011,100000101000000101000001000010011000,000100000001011010001110010000000000,136,34784ms
101010111000000000100001100000000000,000000000110011100001000000001101000,000000000000100010000010011100010110,010101000001000001010100000010000001,111,68668ms
111011000000000100110000000001000000,000000011101001001000010000000010100,000000100000110010000001001000101010,000100000010000000001100110110000001,125,1397ms
011011101011000000000100000000000000,100000010100010000100000010101000001,000000000000001111001001000010101000,000100000000100000010010101000010110,74,47506ms
001110010000010100000001100000000100,100001000001101000001100000000001001,010000101000000000010000011101100000,000000000110000011100010000010010010,119,12900ms
111111101000000000000000000100000000,000000010000001001101010000001110000,000000000111000110000000100010000110,000000000000110000010101011000001001,177,176ms
110001011000001100000000100000000001,000100000001100000011000010111000000,001010100110010010000000001000010000,000000000000000001100111000000101110,157,5876ms
110101101100000100100000000000000000,000000000010011010000001000001101100,000010000001100000010000111010010000,001000010000000001001110000100000011,151,625ms
001111000000000010100000000000100011,000000010110100000000110000100010100,110000000001001001001001000001001000,000000101000010100010000111010000000,149,4338ms
100101001000000101000000001000100001,000010000001110000010000010010000110,001000110000000000101111000100000000,010000000110001010000000100001011000,157,1705ms
110101110000000000101100000000000000,000010001110000001000000101001000010,000000000000101100000010010100001101,001000000001010010010001000010110000,151,956ms
100110001000010001000000100001001000,010000000100100110110000000010010000,001000010001000000000011010100000101,000001100010001000001100001000100010,141,2035ms
100000101011000000011011000000000000,001010000000011000100000010101000010,010001010000100100000100000000101100,000100000100000011000000101010010001,120,10024ms
000100110000010000100100000010010001,000000000000100101010000001101000110,111011000011000000000000100000001000,000000001100001010001011010000100000,144,3323ms
000100111101000000000001010000000100,101000000000010000110000001100010010,010000000010101011000110100000000000,000011000000000100001000000011101001,65,61803ms
011001111000000001000100000000000010,000000000010001100100001101011000000,000010000000100010001010010100011000,100100000101010000010000000000100101,90,12214ms
111000000001000000010001011010000000,000100110000110000000010100000100010,000001000010001011000100000001010001,000010001100000100101000000100001100,105,2634ms
100101011000000010100000001100000000,001000000000000000000110000001011111,010000000110100001001001110000000000,000010100001011100010000000010100000,157,1963ms
100111000000100100000000000100100010,000000000010001010000110011000011000,011000010101000001000000000001000101,000000101000010000111001100010000000,177,2839ms
000000110001100100000010000001000011,000100001010000010001100101000010000,010000000100010000010001010000101100,101011000000001001100000000110000000,18,258ms
010010011010000000000001001010000001,000100100000011000001110000100010000,001000000101100101000000000001100010,100001000000000010110000110000001100,83,15143ms
011111101000010000000000000000000100,000000010001101001000100100010010000,000000000100000110100010011000001001,100000000010000000011001000101100010,112,57526ms
000010111101001000000001000000001000,001100000000100010000010010100010100,000001000000000101000100000011100011,110000000010010000111000101000000000,32,51701ms
000110010001000001001001000010010000,101000000000000010100000001001100110,000001101010110100000000000000001001,010000000100001000010110110100000000,70,33119ms
111100100001000100000000001000010000,000011000000001001100100010000101000,000000010110000010010001100100000001,000000001000110000001010000011000110,157,283ms
110100011100100001000000000000010000,001000100001000010011010010010000000,000001000000011100000000101100100001,000010000010000000100101000001001110,150,6731ms
011111110000000000100000000000001000,100000000010000000001001011000110100,000000001100101011010000000000000011,000000000001010100000110100111000000,112,15896ms
111010000000000000000101000001000101,000000101000010000110000011010001000,000000000110101101000000000100010010,000101010001000010001010100000100000,157,14110ms
011101000000000010000100001001001000,000000000010010101110000110100000000,100000001101000000000010000000110110,000010110000101000001001000010000001,135,3709ms
101111001000000000000101000000000001,000000010000111011000000110100000000,010000000001000000001000001011110100,000000100110000100110010000000001010,177,151ms
010010111000000000000000110000100100,100001000000101101001101000000000000,000100000100010010000000000110010011,001000000011000000110010001001001000,112,79330ms
101010000110000011000000000000100001,000001001001010000100010110001000000,010100010000001100000100001100001000,000000100000100000011001000010010110,157,3450ms
000010101001010100000100100001000000,000101000000000010001000010000111001,000000010000101000010011001010000010,111000000110000001100000000100000100,3,920ms
101001010000101000000010000010001000,000000100001010000101001100000100100,010010000110000110010000000101000000,000100001000000001000100011000010011,157,78ms
111010101011000000000000000100000000,000101000100101001010000100000000001,000000000000000110001001010011100010,000000010000010000100110001000011100,132,1482ms
111101110000000010000000000000001000,000000001100010100000000010110010010,000000000011101000000101100001000001,000010000000000001111010001000100100,135,4426ms
101111100000000000100000000000101000,010000011101000010000000000001010010,000000000010011001000110011000000001,000000000000100100011001100110000100,126,129416ms
100001110101100000000000100100000000,011110000000010000000110000010001000,000000001010000001000000011001010011,000000000000001110111001000000100100,94,4211ms
100111001000000000000100010100000100,010000000000110000001000000011100011,001000000001001110000001001000011000,000000110110000001110010100000000000,133,23280ms
111111000100001000000000000100000000,000000011000000101001000010010100010,000000100010110010000000101001010000,000000000001000000110111000000001101,177,41ms
111001101010100000000000000000000010,000110000001000111001100000000001000,000000000000001000100001111101010000,000000010100010000010010000010100101,157,15868ms
101101001100000001010001000000000000,000000010010000100000100100000111001,000010000000000000101010001111000010,010000100001111010000000010000000100,157,3046ms
001111111100000000000000000010000000,100000000010100011000001000000010110,010000000001010000010010100101100000,000000000000001100101100011000001001,132,40678ms
010000101001010011000100000000000001,000011010010100000101000000010000100,101100000100000000010010001000001010,000000000000001100000001110101110000,138,2155ms
001001001000000100011010000011000000,010100000001011010000000001000001001,100000000100100000100001100100010100,000010110010000001000100010000100010,141,600ms
110000101100000100100000000010001000,001000010000000000010001010100100101,000000000011000011001100100001010000,000111000000111000000010001000000010,136,29641ms
111000111001000010000000000000000001,000001000100011000000101001001000100,000010000000000100011000110100110000,000100000010100001100010000010001010,148,2471ms
000111010000000010110010010000000000,001000001000101001001000000010101000,100000100110000000000000101100000011,010000000001010100000101000001010100,163,902ms
011101011000001001000000000000000001,000000000000100000111001101000010100,000000000010000110000000010111101000,100010100101010000000110000000000010,89,72246ms
010100011000010011010000000000100000,000000000011000000000111011100000100,000010000000101100001000100010001001,101001100100000000100000000001010010,48,7079ms
000011011001100100000000010000000010,001100000010000000000001000010111001,100000000000010001101110001001000000,010000100100001010010000100100000100,96,46524ms
011111000000000110001000000000010000,000000011001011000000001010010000100,100000000000100000110010001001100001,000000100110000001000100100100001010,177,1129ms
010010110001000110000001000100000000,001000001100010000010100000011010000,000001000010100001101000100000100100,100100000000001000000010011000001011,76,13219ms
110011011000001000000000010000000001,001000100100000000010011100001000010,000100000010010000101100000110001000,000000000001100111000000001000110100,157,697ms
010100100000100010000001000010110000,101000010001001001001000000001000010,000010000100010000110010000100001100,000001001010000100000100111000000001,76,9011ms
011111100001000010000000010000000000,000000001010010000001101100100100000,100000000000000101000000001011001011,000000010100101000110010000000010100,149,20113ms
110111001010000000100000100000000000,001000100000110000010001000001000101,000000010001001001001000011010001000,000000000100000110000110000100110010,138,3904ms
001011001011000000001000001000000100,110000000000001010100000110010010000,000000000100110001010010000001100001,000100110000000100000101000100001010,54,6349ms
101011110000000000001000100100000000,010000000100110010000000001010001001,000000000010000000010110000001110110,000100001001001101100001010000000000,135,27641ms
111011111000000000000000010000000000,000000000001001101100000000010101100,000000000110010000010110001101000000,000100000000100010001001100000010011,143,1243ms
011001110100000000000000101000001000,000000001001000001100101000010000101,100100000010101010010000000000010010,000010000000010100001010010101100000,157,174ms
000110110000000000010000100011000100,011001000000001001001000010000100001,100000000010100100100101000000001010,000000001101010010000010001100010000,129,9225ms
100000110000010010001000000101000100,000000000111100101100001010000000000,011010000000001000010010001010001000,000101001000000000000100100000110011,141,10544ms
001010100000100000101011000000000001,100100001010000000010000010010010010,000001010000010011000000001101100000,010000000101001100000100100000001100,77,3509ms
100101111010100000000000001000000000,000010000000000010000000100000111111,000000000101000001111001000110000000,011000000000011100000110010001000000,140,2169ms
100001010000000010011010000100010000,000000001101010100000100000000101010,011100100000000000000001011010000100,000010000010101001100000100001000001,157,1247ms
101000100110100001000000000000000011,000100010001010000000001110001010000,000001001000001010000110001000101000,010010000000000100111000000110000100,107,2744ms
100010101101000010100000000000000100,010001000000000100010111010000010000,001000010000100000001000001101001001,000100000010011001000000100010100010,139,13076ms
111001001100000010100000000100000000,000100000000100100001100101010100000,000000100011000001000011010000010100,000010010000011000010000000001001011,157,45ms
010100001101100001010000000000001000,100001000000010110000000010010100001,001000010010001000000101100100000010,000010100000000000101010001001010100,101,97561ms
100011010000000011000000011010000000,001000001010010000010101000000001010,000100000000101000000000100101110100,010000100101000100101010000000000001,86,12392ms
101011111100000010000000000000000000,000000000010101101100100000000000011,000000000000000000001010110101110100,010100000001010000010001001010001000,124,38198ms
111001011010100000000000000000000100,000000000100011010000000100110001001,000000100001000101111100000000100000,000110000000000000000011011001010010,127,19321ms
101010010010000100000000100001100000,010001000100001000001000010010000011,000000100000010001110101001100000000,000100001001100010000010000000011100,128,8482ms
111011101000000000000001000000100000,000000010000000100001000100100011011,000000000101101010010010000011000000,000100000010010001100100011000000100,136,13369ms
110100010000000100100000001000011000,000001100000000011001001010001100000,001000001111100000000000100100000001,000010000000011000010110000010000110,157,70ms
010111001000000000001001011000000000,000000000001110001110010100010000000,001000010100000000000100000001111100,100000100010001110000000000100000011,108,79201ms
010010000000100001100001000000001110,001001000111000010000000010000010001,000100000000001100001010001111000000,100000111000010000010100100000100000,43,2893ms
101011010100000000000000101100000000,000000100001010100100000000000111010,000000001010100011000111000001000000,010100000000001000011000010010000101,128,3028ms
101100000011000000000010000001100001,000001101000000010000000001010011100,010010000100100000011001110000000000,000000010000011101100100000100000010,130,25691ms
111001110000000001000000000100000010,000100000001101010001100000000100100,000010001110000000010011011000000000,000000000000010100100000100011011001,157,598ms
101100110000000010001000001000000100,010010001000100000000100000100110001,000001000000010000110011000010001010,000000000111001101000000110001000000,102,62034ms
001010010100000000000110001100000100,110000001010000000001000000011011000,000101000000010001010001110000000010,000000100001101110100000000000100001,76,6443ms
011000111100000001000000000000010010,000011000001001100000010001100000001,000000000000000010011101010001001100,100100000010110000100000100010100000,76,7127ms
110110110000010010010000000000000000,000000000110000001000010010011000110,000001001000001100100100001000001001,001000000001100000001001100100110000,163,674ms
100110111001000000100000000100000000,011000000100001000000100101010001000,000000000010100010000000010001110101,000001000000010101011011000000000010,129,2764ms
001101110000000000000000000011100001,000010000001000110001000001000001110,110000001000001000100101000100010000,000000000110110001010010110000000000,157,204ms
101110100000000001001000000001100000,010000000000001010100001100010000011,000000001001100000010100011100010000,000001010110010100000010000000001100,142,1931ms
010000000100011000001100000000100011,000000000010100010100000110100010100,000100010000000101010011000011000000,101011101001000000000000001000001000,14,2562ms
110101011000000000000000010001100000,000000000000100101001001100010000101,001000100111000000000100000100001010,000010000000011010110010001000010000,157,307ms
111011011001000000000001000000000000,000100000000001010101100011100000000,000000100000010000010010000010111010,000000000110100101000000100001000101,128,21203ms
111000010000000000001001010010010000,000110000001110010000000100000100100,000001101010000000110010000000001001,000000000100001101000100001101000010,157,923ms
111111100001000000100000000000000000,000000001100000010000000110101001100,000000010010011100010010000000010001,000000000000100001001101001010100010,161,218ms
101010110000000100000001010000010000,000000001101010010010000000100000011,000001000010000000001110101010100000,010100000000101001100000000001001100,85,10719ms
100010000001100000110000000001100010,001100001000000000000101000100010101,010000000100000111001010100010000000,000001110010011000000000011000001000,90,11406ms
110001110000000000001000001011000000,000100000010000100000110000100010101,001010001000000010110001100000100000,000000000101111001000000010000001010,157,1061ms
111100011100000001000000100000000000,000001000001010100000100010101000001,000000000010100010010010001000110010,000010100000001000101001000010001100,157,4261ms
001010001010100000110100000000001000,000001000000010010000010110000110001,010100100001000000000001001110000010,100000010100001101001000000001000100,97,6645ms
100111111010000000000000000000000001,001000000001000011000101001110000000,000000000100011100011010000001010000,010000000000100000100000110000101110,177,3709ms
001011111000000000000000011100000000,000000000111000100000100000000011101,000000000000110000101001000011100010,110100000000001011010010100000000000,76,115135ms
101101111000000000000100000000000001,000000000101010001010001011000001000,010010000010101000100010000100100000,000000000000000110001000100011010110,157,90ms
011110000000001011010000000100000000,000001001010000000100001100001100100,000000100100010100001100000000011010,100000010001100000000010011010000001,103,6459ms
100001001110000100000101000100000000,010000000001000011011000010010000100,001100100000001000100000101000101000,000010010000110000000010000001010011,157,620ms
000101111100000001000001000000100000,100000000000001100001000011010000101,011010000010010000000010000001010010,000000000001100010110100100100001000,79,31572ms
010111111000000000000000000101000000,000000000100010011100000100000011001,000000000001101000011100000010100100,101000000010000100000011011000000010,118,22868ms
001100010000000001111000000000100001,010000000000100010000000000111011100,000001001001001000000111010000000010,100010100110010100000000101000000000,44,166322ms
010101011001000001000000000110000000,000000000100010000001111000000101010,000000000000100100110000011001010001,101010100010001010000000100000000100,60,55238ms
000101101000000100000000000001111000,000000000101110001000000111000000100,010000010000001010101000000110000001,101010000010000000010111000000000010,85,31439ms
001110110000000000000100000010100010,000000001010101001000011100000010000,000000000100010110100000000101001100,110001000001000000011000011000000001,118,32807ms
100101010000000101000001000100010000,010000001101001010100100000000100000,001010100010100000010000010001001000,000000000000010000001010101010000111,102,17780ms
001000001011000111000000100000100000,110101000100000000101010000000001000,000000110000100000010101001001000010,000010000000011000000000010110010101,14,10127ms
111000100101000000000100000010001000,000100000010010001110000010100010000,000010000000000010001001001001100011,000001011000101100000010100000000100,119,6278ms
101011001000011000100000000000100000,010000010010000000011000010010010001,000000000001000101000010001101000110,000100100100100010000101100000001000,130,20282ms
100101101001000100010000000000010000,000010010000000001001010111000000010,011000000010100000100100000001001100,000000000100011010000001000110100001,157,2154ms
001101100100000001100000000101000000,010000000010111000000101001000100000,000010000001000100000010010000011110,100000011000000010011000100010000001,83,3093ms
010001101000010000010000110000010000,001000000010100100000101000100100010,100010000101001001100000000000000101,000100010000000010001010001011001000,157,847ms
000100101000010001100010000001000100,010001000000000010011000000100100011,000000010010001000000101110010010000,101010000101100100000000001000001000,8,3824ms
110001100101000000000010000000000011,000000010000000001001000011101101000,001010000010001000100001100000010100,000100001000110110010100000010000000,142,1687ms
001110100000000000001101100010000000,000000001010000000000000001001111101,000001000100011101000010010100000000,110000010001100010110000000000000010,82,23911ms
010110110000001000110000000000000100,100000000000110100001001000000110001,000000001111000000000110010011000000,001001000000000011000000101100001010,109,3942ms
000011010010001000001110000000100000,001000000100000100100000010001001101,100100001001000010000001001000010010,010000100000110001010000100110000000,87,3311ms
111011001000000001001100000000000000,000100000101101010100000000000000110,000000110000000000010011100110100000,000000000010010100000000011001011001,157,2964ms
010001100010101000101000010000000000,000000010101000100010011001000001000,001100001000000010000000100011110000,100010000000010001000100000100000111,101,84684ms
000010001101101000000001000000011000,010000010010000010001010000010100010,100001000000010001110100010001000000,001100100000000100000000101100000101,96,6622ms
011001011000000000100010010000100000,100110000110000000000001001010000001,000000100000000101011100000101000010,000000000001111010000000100000011100,107,13221ms
001011101000010100000100000000100000,010000000100000011100010000001010010,000000010010001000001000011110000100,100100000001100000010001100000001001,72,1988ms
011101111000000000010000000000010000,100010000110000100001000010011000000,000000000000101010100100001000100110,000000000001010001000011100100001001,92,49655ms
001110111000000010000000001000010000,000001000101001000011010000000001001,000000000000100101100101010110000000,110000000010010000000000100001100110,98,5189ms
110110010000000000100010010000100000,000000001010001100010001000000011010,001000000100110011000000100001000100,000001100001000000001100001110000001,170,3917ms
001001111100000000000100000011000000,000100000000110000110000010000010011,110000000010001100001010001000100000,000010000001000011000001100100001100,150,638ms
000011110000000010000100110000100000,000100000110100100001001001000000001,101000001000001001010000000010010010,010000000001010000100010000101001100,108,17289ms
100001000111000000001010000000110000,010000000000001101000100101100000100,001000101000100000000001010010001010,000110010000010010110000000001000001,116,284ms
001001010011000000001100010000000100,000110001100001000110000101000000000,100000000000110000000001000110100011,010000100000000111000010000001011000,80,165660ms
100010010101001000010000010000100000,000000100010100010000001000011000110,000001000000000101100010100100001001,011100001000010000001100001000010000,113,13743ms
100000111000001000000010010000000011,001100000001010000001100101000001000,010000000010000111100001000101000000,000011000100100000010000000010110100,136,8036ms
001111011010000000011000000000000000,100000000000011111000100000000100100,010000000100100000000011000011010010,000000100001000000100000111100001001,127,14740ms
000101000000000010011000110000000101,111010011000000000000000001010010000,000000100010110100000001000001100010,000000000101001001100110000100001000,0,2488ms
111010001010000000010010000000000010,000000000000010110000100100000111100,000101000100001000100000001101000001,000000110001100001001001010010000000,157,192ms
101111101001000000000000000000000100,010000010110000001000100000011000010,000000000000001110011000100000011001,000000000000110000100011011100100000,121,19957ms
011100010100000101000001000100000000,100000100001000000010000101000101001,000010000010010000001100010010010010,000001001000101010100010000001000100,108,1936ms
111110101000110000000000000000000000,000000010000000001001001110100101000,000000000101000010110000001011000010,000001000010001100000110000000010101,177,769ms
110000000101000100000101000101000000,000011010000010000100000010010100010,001000100000101000001010100000010001,000100001010000011010000001000001100,120,532ms
100100100001000010010000010001000100,000011000100110000100010100100000000,010000010010001101000101001000000000,001000001000000000001000000010111011,115,94981ms
011000011000010001010100001000000000,100000000010001110100010000010001000,000100100101000000001000010100000011,000011000000100000000001100001110100,103,15929ms
100101110000100000000100010000100000,000000001100001010000010001100001010,010010000011000000011001100001000000,001000000000010101100000000010010101,136,2623ms
110011000000010000010010010000000100,000000110100000010001001001000010010,001000000011001100000100000001101000,000100001000100001100000100110000001,110,4748ms
011111011100000000000001000000000000,000000000000001111101010000000110000,000000100000100000010000101110000101,100000000011010000000100010001001010,134,32487ms
111100111000000000000000000000100010,000001000010000100100111000010001000,000000000000011011011000000101000001,000010000101100000000000111000010100,157,174ms
110010101000010010000000001000000001,001101000000001000000000100000101110,000000010101000101000101010100000000,000000000010100000111010000011010000,119,27301ms
010000110100100000000101001100000000,000100001001001000111000000000101000,100011000000010100000010110000000010,001000000010000011000000000011010101,120,9348ms
101001101000000000001010000000010001,010010000110001101000000001000001000,000000000001010010100100000101100100,000100010000100000010001110010000010,136,30790ms
101000000000000110100010010010000010,000000010100000000000100000101110101,010001000011101000000001001000001000,000110101000010001011000100000000000,106,79065ms
010011100100100101000001000000000000,001000000001010010000000100010101010,000100010000000000100010011101000001,100000001010001000011100000000010100,114,46692ms
100011000100001000000011000000011000,000000000000000001010100101101000011,011100010010010100001000000000000100,000000101001100010100000010010100000,150,1494ms
100110110011000000000000001000010000,011000000000000010000001000011101100,000001000000000101001110100100000010,000000001100111000110000010000000001,127,17077ms
011110111000000000000000101000000000,000001000001101100101100000000000010,000000000110000010010010010101001000,100000000000010001000001000010110101,132,36808ms
000111110000000010000100001000001000,010000001000100000100001000100100101,100000000101010000000010110001000010,001000000010001101011000000010010000,128,8403ms
110111000000000000100000011000000010,001000010000100100001000000110001001,000000100101000011010110000000100000,000000001010011000000001100001010100,177,3181ms
011111010000000100000000010000000001,100000100000110000010101001100000000,000000001111000001000010000011100000,000000000000001010101000100000011110,109,27321ms
111101010010000010000000010000000000,000010001001000000011100100000001010,000000100000011001000001001100110000,000000000100100100100010000011000101,126,12991ms
111111011000000000000000000000000010,000000000010010010000000101001011001,000000100001000001001011000110000100,000000000100101100110100010000100000,177,68ms
101111110000000010000000000001000000,010000001001000000101000001100010001,000000000010110100010101100000001000,000000000100001001000010010010100110,123,33526ms
101011100010001000000000001001000000,000000000100100110000000110100010001,000100001001010001000101000000101000,010000010000000000111010000010000110,90,18290ms
110100110010010000000001000100000000,000000001001100100101000100000010100,001000000000001010010110000000001011,000011000100000001000000011011100000,144,317ms
110000111100000001000000000000011000,000000000010010000110010011100000010,000111000000101010000100000000100001,001000000001000100001001100011000100,152,4636ms
011110101001000000000000000000010001,000000010000001101001001000000001110,000001000000010010110110010010000000,100000000110100000000000101101100000,105,15277ms
101111011000000000000000000100000100,000000100101000011010000101001000000,000000000010011100100110010000000001,010000000000100000001001000010111010,164,1744ms
010001011010000101000010000000000010,100100000100000010010000000110011000,000010000000100000001101101001000001,001000100001011000100000010000100100,34,9789ms
000110001000000000011000011010100000,010000010001000110000001100100001000,000000100110101000100000000001000110,101001000000010001000110000000010001,82,7295ms
001100011110000000000000001001010000,100011000000100001000000010010101000,000000000001010100111001000100000010,010000100000001010000110100000000101,89,12222ms
100001100100010000110000100010000000,001010010001000011000000001100000100,010000001010001100001100000000001001,000100000000100000000011010001110010,130,3041ms
101101101001000010000000100000000000,010010000000100001011000001000000011,000000010110000100100011000100100000,000000000000011000000100010011011100,139,4867ms
010001110000000110000000100000110000,000000000011001000000110001100000011,101000000000010001101000000001001100,000110001100100000010001010010000000,114,5265ms
100000010000000101001100000100000110,000010001000110010010010000001010000,010001100001000000100000111010000000,001100000110001000000001000000101001,157,1280ms
011110001000000001000000101000000001,000000100000011000110010010000010010,000001000011000000000001000111100100,100000010100100110001100000000001000,107,10561ms
001010101010000000000000000011100010,100100000000010000000110011100000100,000001010001001010010001100000001000,010000000100100101101000000000010001,52,19672ms
111101111000000000001000000000000000,000000000000100100000001011000110110,000000000010010000000110100111001000,000010000101001011110000000000000001,143,1735ms
011000101000110000000010000100100000,000010000000001000010101101000000101,000001000111000000101000010010000010,100100010000000111000000000001011000,122,5622ms
010010010001000001011000001001000000,000001001100000000100011000000010011,101000100010111000000000100010000000,000100000000000110000100010100101100,141,6504ms
010100000000100001011001000000000011,001000000101010000000100100110001000,000011011000000000000010001001010100,100000100010001110100000010000100000,67,11455ms
011010110100010100000000000010000000,000000001001000000110001000000011110,100001000000001000001010111000100000,000100000010100011000100000101000001,157,5828ms
010000111000000001101000000000010100,100110000001000000000100001000101001,000001000100111010010010100000000000,001000000010000100000001010111000010,83,13024ms
010101001000001000000000100100010100,100010100000000011000101000001000001,001000000101100100000010000000101010,000000010010010000111000011010000000,92,12786ms
100111010000001010000000001010000000,001000000000010100110010000100010100,010000100001100000000100100001100010,000000001110000001001001010000001001,149,996ms
011110010001000010001000000000100000,000000100000010100100001100000010101,100001000000001001010010000110000010,000000001110100000000100011001001000,177,297ms
010001111000000000000110000000010001,101000000001000010011000001100000010,000000000110110100000000110010100000,000110000000001001100001000001001100,57,7239ms
001011000000000010000000000111110000,000000000100110000101011000000001001,100000111001000000010100010000000100,010100000010001101000000101000000010,129,23979ms
011010000100100000000000100000101010,000000011000000000100111001001000100,000100000001011110001000010000010000,100001100010000001010000000110000001,53,13592ms
011001100001000000000100100100000010,000100001010011000000010010001100000,000010010100100000101000000010001100,100000000000000111010001001000010001,116,737ms
100000011000000010001001001010001000,000011000100100100110000000000010010,000100000011010001000000100001100100,011000100000001000000110010100000001,56,10596ms
101100101110000000001000000010000000,000010000001100000110101000000010010,010001000000011100000010100001000100,000000010000000011000000011100101001,157,85ms
100110100010000100001000000010010000,010000010000001001110000000001001001,000001000101110010000000110100000000,001000001000000000000111001000100110,130,11062ms
110101111000000100000000001000000000,001000000001001001000101100000100100,000010000010000010010000010011010010,000000000100110000101010000100001001,131,2355ms
001110000010100100000010000100000100,010001001000000010000000100000111001,000000010100001001110100010000000010,100000100001010000001001001011000000,100,32470ms
011001101001010000001001000000000000,100100010000000100010100011000000010,000000000110001010000000000011110100,000010000000100001100010100100001001,79,173130ms
001110001000010000000000100000111000,100000000000100100100111001001000000,010000010100001011000000010100000010,000001100011000000011000000010000101,128,9986ms
101001100000101010110000000000000000,000100000010000000000011100100101100,010000011000000100001000011000010001,000010000101010001000100000011000010,157,1398ms
101110111000000000100000000000001000,000001000010011000000010100011000001,010000000100100100010101010000010000,000000000001000011001000001100100110,177,245ms
001111001000100001000000000000010010,000000000001011100001100101010000000,100000110000000000000011010001001100,010000000110000010110000000100100001,154,13748ms
000101010000001000010101000000001010,001000001011100010000000000010100001,110010000100000000100000100001010100,000000100000010101001010011100000000,144,6860ms
010010001010000000000000101011000010,100000000101000011100011000100000000,000000110000000000001100010000110101,001101000000111100010000000000001000,32,30841ms
001001100010000101000100000000100010,000110000000001000001001001110010000,100000010100100000110010000001000100,010000001001010010000000110000001001,139,907ms
000110100100100000001101000000000100,101000001011000010000000010110000000,010000010000001000010000001000110011,000001000000010101100010100001001000,78,7480ms
111010100000110100000000100000000000,000001001000001001000001000110110000,000100000111000000001010000001001010,000000010000000010110100011000000101,146,3150ms
010011000001000010000000000110101000,000100000100100001100100000000010011,000000001010011000010010100001000100,101000110000000100001001011000000000,60,43835ms
110100111000000010000000000001100000,000000000110010000111100011000000000,000011000001101100000000000000011010,001000000000000001000011100110000101,129,31332ms
100111011000000000010000000000010001,000000000110111100000100000001000100,000000000000000001101010110110100000,011000100001000010000001001000001010,148,15119ms
010011001001000000000100110001000000,000000010000010111101001000000000100,001000000100000000000010000110111001,100100100010101000010000001000000010,79,27298ms
001000011001001110000000010000010000,100000100100000000001001101010001000,000001000000100001000100000101100101,010110000010010000110010000000000010,25,16802ms
000010011000100000001000000010101100,010101000010000100000100010100000010,001000000001010011010000001000010001,100000100100001000100011100001000000,0,2995ms
110111011000001000000010000000000000,000000100010100010101001010000010000,001000000000010100000000100011101001,000000000101000001010100001100000110,145,6328ms
111111111000000000000000000000000000,000000000100101001001000100001001100,000000000010000110000000010110100011,000000000001010000110111001000010000,177,74ms
000010110000000000011100100100001000,110100000001100000100000010000000101,000001001110001000000001000011000010,001000000000010111000010001000110000,50,17832ms
001100000000101100000010010100000100,110011000001000000110001100000000000,000000100000010010001000000011010011,000000011110000001000100001000101000,0,1671ms
100010100000010000000010000010011001,000000010100100010000001010101100000,010101000010000001101000100000000100,001000001001001100010100001000000010,128,14249ms
101111000001100100000000000000100000,010000000000010000110010001101000100,000000111000000010001000100000011010,000000000110001001000101010010000001,139,23005ms
000110011001000001000001010001000000,100000000000111010001000000100000011,011001000100000100110010000000100000,000000100010000000000100101010011100,116,8280ms
110001000000100000001010000000010101,000100110100000001000000101110000000,001010001011000100110000000000000010,000000000000011010000101010001101000,134,2432ms
110111110000001000000000100000000000,000000000100010000001100010001110001,000000001001100011000000001010001010,001000000010000100110011000100000100,148,2942ms
000111111010000110000000000000000000,001000000001110000000010001100010010,110000000100000001100001100010001000,000000000000001000011100010001100101,177,444ms
110111111100000000000000000000000000,000000000000000000100011010010011011,000000000001011101001000100100000100,001000000010100010010100001001100000,177,487ms
110011100100100100000001000000000000,000000001000011000000000100111000011,000100010000000000010100011000011100,001000000011000011101010000000100000,152,7730ms
100000001100000110001000001001010000,010000100010001000110010000000000110,000000010001100001000001100010100001,001111000000010000000100010100001000,64,1783ms
001110011000100000000000011000010000,000001000010011100100000100000001010,010000100100000001001101000001000001,100000000001000010010010000110100100,86,4500ms
010011101000000000000010010000000101,100000000001000110010100100100100000,001100000010110000100000000010001010,000000010100001001001001001001010000,101,13256ms
010111000000100000010000000010010100,000000011000001010101001000000100001,100000000100000001000110100100001010,001000100011010100000000011001000000,164,5334ms
101101110000000001000000000000100100,010000001000010000010011100010000001,000000000111101010000100000000010010,000010000000000100101000011101001000,136,16627ms
110110101000000100000000100100000000,001001000100000000010001000001000111,000000000000110001100010010010011000,000000010011001010001100001000100000,177,1208ms
111101000100000010000010000000000010,000000110000010000001100010000011001,000010000000101100010000001111000000,000000001011000001100001100000100100,157,54ms
111000101000100000011000000000100000,000100000000011100000101110001000000,000001000111000001000000001010000101,000010010000000010100010000100011010,157,4148ms
101100010000000100000000110100000010,000000100011000011010010000010000001,000001000000100000101001001000111000,010010001100011000000100000001000100,129,3979ms
010011011000000000100100001010000000,100100000011000000001000000001010101,001000000000011111000011000000001000,000000100100100000010000110100100010,89,12221ms
110000100010001101000000000100000010,001100001001000000010000101000100001,000001000000100000100011010000011100,000010010100010010001100000011000000,110,12419ms
010110010001100000000011001000000000,001000100000000001101100000100100100,000001000010001100000000110001001010,100000001100010010010000000010010001,60,14436ms
000000100010000100110110001000100000,100101000100001011000000000010000010,010010010000000000000000110101001100,001000001001110000001001000000010001,81,43891ms
001101101001001000000000000001000010,000000010110000000110000000100011100,010000000000100010000101011000100001,100010000000010101001010100010000000,53,6054ms
101000010000000001000110110000000001,000001001110010000100000001101000000,010000000000100010010000000010111010,000110100001001100001001000000000100,84,23784ms
101100100000010000001000100000101000,010010000000100001000010010000010110,000000000111001100010100000011000000,000001011000000010100001001100000001,108,18359ms
000000011111000001000010001100000000,101000000000101000010101100010000000,000010000000010110100000010001001010,010101100000000000001000000000110101,24,8123ms
111110001001000000000000000001000010,000000010100000000010010100000101101,000000000010000011000101011100010000,000001100000111100101000000010000000,177,1606ms
010011010001010000000100000001100000,100100000010000011000010001000000011,001000001000000000101000110110010000,000000100100101100010001000000001100,120,2079ms
010010101010000001000000000001101000,000101000001100000011000010100000010,000000010000000010000110001010010101,101000000100011100100001100000000000,54,46620ms
111010011000000000000010000010000010,000000000101001100110000101100000000,000100100000100011000101010001000000,000001000010010000001000000000111101,133,4656ms
