100111111110000000000000000000000000,001000000000110001100000100001011000,000000000000000000010110010010100111,010000000001001110001001001100000000,177,138ms
101001101000101000100000000001000000,000100010001000000010100010010100010,000010000000010100001010001000010101,010000000110000011000001100100001000,115,2510ms
010010100000000110000011100000100000,001001000010001001000100000100001100,100000010001110000000000010000010011,000100001100000000111000001011000000,85,8045ms
111000100100000000001001000100000100,000000010000000110110010011000001000,000100001010011001000000000011000001,000011000001100000000100100000110010,157,601ms
000001010100010011000000001000100001,001100000000000000110101110100000000,110010001011001000000000000010000100,000000100000100100001010000001011010,146,21072ms
101101011000000000011000000000100000,000010100001100000000000001000011101,000000000010010110100101000010000010,010000000100001001000010110101000000,157,1002ms
111001110001010000100000000000000000,000000000110100000010010001010011000,000110001000000001001001010101000000,000000000000001110000100100000100111,177,506ms
110101100100000001000000000000001100,000010000000110010010010000001000011,001000000001001100000100110100010000,000000011010000000101001001010100000,157,132ms
100011000000000110000010100001001000,000000000001010000010100001010000111,010000101110001000101000000000010000,001100010000100001000001010100100000,142,2145ms
101111111001000000000000000000000000,000000000000011100001001110010100000,000000000000100001100010001000010111,010000000110000010010100000101001000,153,1794ms
000011000010000110100000010000000011,010000010101000000011001000000110000,100100001000100000000110100100001000,001000100000011001000000001011000100,102,3204ms
110010010100000010100000000000000101,000000100000000000010010110111001000,000001000011010000001001001000010010,001100001000101101000100000000100000,126,15211ms
010101111000000000000000100000010010,000000000101100111100000000011000000,101000000010011000000011001000001000,000010000000000000011100010100100101,136,19136ms
100111001000000100000000100100000001,000000110000100000010000001010011100,011000000010010000100110010001000000,000000000101001011001001000000100010,177,383ms
001011000000011000000010001000010100,000000100100000010100000000011100011,110100011000100001000001100000000000,000000000011000100011100010100001000,121,18868ms
111011101000000000000010000000000001,000000000000101110000100010001100010,000100000000000001111000100010011000,000000010111010000000001001100000100,157,147ms
101100011000000001001100000000000010,000001100000100000000011010001000101,000000000111001110000000100100010000,010010000000010000110000001010101000,129,7537ms
110010110000100110100000000000000000,001000001000000000010000000010111110,000000000001001001001011001100000001,000101000110010000000100110001000000,126,37383ms
010011101000100000100010000010000000,100000000110001010001101010000000000,001100010001010000000000000101000011,000000000000000101010000101000111100,107,175298ms
110100101010000000100000100000001000,000000000101100011000100000000110010,000001010000000100001011001101000000,001010000000011000010000010010000101,157,1372ms
000101100100001000000001011000000010,010000010001000000011100000110000001,001000001000000110000010100000110100,100010000010110001100000000001001000,34,1819ms
111111001000000000000001000000001000,000000000100010000101010101010010000,000000000001101010000100000100000111,000000110010000101010000010001100000,164,3763ms
111111000000000100000001000100000000,000000111000010010000000000010110001,000000000101100000101010110000001000,000000000010001001010100001001000110,177,1371ms
010100010000010001010001100000001000,000001100100000100101000001000100100,001000001001101000000010000101000010,100010000010000010000100010010010001,58,10281ms
000110100000001010000100000100001100,001000001000100100100001110000100000,010001010110010001000010001000000000,100000000001000000011000000011010011,113,52013ms
011000110000101001000000001000000100,100101000000010000000001010001011000,000000001101000110001000100100000001,000010000010000000110110000010100010,89,9196ms
011011001000100010001000000100000000,000000100110001000010010010000001001,100000000000010101100000000000110110,000100010001000000000101101011000000,157,180ms
100000010100100010000010000000011100,000101100001000000100001000101000001,011000001000010000010000111010000000,000010000010001101001100000000100010,119,8012ms
010001011000100000000101000100001000,001100000010000010000010001010010010,100000000001000100110000010001000101,000010100100011001001000100000100000,143,7260ms
101101001000110010000000000000001000,000000010000001100010100010100100001,010000100110000000101001001010000000,000010000001000001000010100001010110,157,793ms
011001110000000100100000000010000100,100100000110010000000100011000010000,000000001001001000010010100100100001,000010000000100011001001000001001010,110,7786ms
110011000011000000000100011000000000,000000110100101000000000100000010110,000000000000010001011010000110001001,001100001000000110100001000001100000,114,17639ms
001101011010000011000000010000000000,000010000000100000111001000110000100,000000000001010000000010100001101011,110000100100001100000100001000010000,58,62787ms
111010011001000000000001000000100000,000100000100100000010100110001010000,000000000000011100100010001000001101,000001100010000011001000000110000010,135,8598ms
001101110000000010000010000000011000,010000001001010101000001001010000000,100010000010100000110000100100000010,000000000100001000001100010001100101,157,1992ms
001100100001000000011001100000001000,100011000000001001100000011010000000,010000011010000110000010000001000001,000000000100110000000100000100110110,54,25899ms
110000000101001001000010000100001000,000100011010100000110000000001000001,001000100000010010001100001000100100,000011000000000100000001110010010010,109,1311ms
001111001001001010000000000000000100,000000000000010100001000111010101000,100000010010100001010110000000010000,010000100100000000100001000101000011,140,34610ms
101000001000100001000000010101001000,010010000000000000111001001000000011,000101100010000100000110000000110000,000000010101011010000000100010000100,119,26733ms
011111011000000000001000000001000000,000000100100000010000101101110000000,000000000001000001110000000000011111,100000000010111100000010010000100000,132,15035ms
111110110000000000000000100000000001,000000000010011000000000000111011100,000001001000100010110000011000000010,000000000101000101001111000000100000,177,956ms
011100011000000010000000001010001000,000001100000110001011100000000000001,000010000100001000100011010001000010,100000000011000100000000100100110100,92,28300ms
111001000000000100000001001001000010,000000110001011000010010000010010000,000000000100000000101100110100000101,000110001010100011000000000000101000,157,5088ms
010001001000000100011000100100000001,100000110011010000000001000010001000,000000000100000010100110010000110100,001110000000101001000000001001000010,75,6337ms
111100110000100000000000001000100000,000011000000011100110001000000010000,000000000101000011000110010001001000,000000001010000000001000100110000111,157,8256ms
101100101100000010001000000000010000,000001000000010000110011000000100110,010010010001001000000000110101000000,000000000010100101000100001010001001,145,1059ms
101101010000010000000000001000101000,000000001010001000001101100000000011,010010100001100101000000010100000000,000000000100000010110010000011010100,137,2195ms
101111101000000100000000000000100000,010000000111100000001010000000000101,000000000000010010100000011111000010,000000010000001001010101100000011000,177,152ms
011101111000000000000000000000100010,100000000010000001010000011001010001,000000000100010100001010100010001100,000010000001101010100101000100000000,100,132354ms
110000110000000100010100010000000001,001000000101011000100000000011100000,000010001010100001000000000100001110,000101000000000010001011101000010000,146,24517ms
011010110001000000000000000101000001,000000001000010100100010001010011000,100100000100000001010101010000000100,000001000010101010001000100000100010,157,318ms
101100110000000010001100000000000100,000010000000100000000011011001010010,010001001010001101000000000100001000,000000000101010000110000100010100001,150,5914ms
010111111100000000000000000000010000,100000000000010010000101011010000010,001000000010100000001010000000101101,000000000001001101110000100101000000,110,75015ms
000000111100000000000011000001001001,000000000001000101010000111100100000,111100000000011000101000000010000000,000011000010100010000100000000010110,157,59ms
000000100111000000001000011000010100,001001010000000010100101100000000010,010100000000000001010010000101100001,100010001000111100000000000010001000,48,34581ms
100011111000000000000000000100000110,001000000110010011000000001000011000,000100000000100100111011100000000000,010000000001001000000100010011100001,157,2277ms
101100010110100000000100000100000000,000000001000000111001000101001100000,010000000001001000100010010000000111,000011100000010000010001000010011000,157,62ms
011101110000000000000100010001000000,100010000100000000010011100000110000,000000001001011001000000000110001010,000000000010100110101000001000000101,112,16528ms
100000111000110100000000000000001100,000000000100001011000110110100000000,000101000011000000101000000011000010,011010000000000000010001001000110001,78,34240ms
100001011001000011000000100010000000,010000000000000000011110010100010010,001110100000000000100001001001100000,000000000110111100000000000000001101,160,43018ms
100000101010000000000010000101010010,000110000001001001001000001000001001,010001000000000010110100100010100000,001000010100110100000001010000000100,157,1230ms
101000110000000101000100000000001010,010001000010001010001001000100000100,000010000100110000010000101000110000,000100001001000000100010010011000001,88,4304ms
100010011000000010011000000010000100,000000100011010001000010110000001000,000101000000000100100001001001100010,011000000100101000000100000100010001,99,4268ms
001001000000010000000000011001101010,000100000101100100000001100010000001,010000110000001010101100000000000100,100010001010000001010010000100010000,60,3994ms
010101000010000000010110000000001010,000010010000110100001000110001000000,001000001000000001100001001100100001,100000100101001010000000000010010100,82,29945ms
100010010000000000001110001000101000,010101001001000001000001100000000100,000000100010111100000000010010000001,001000000100000010110000000101010010,41,8998ms
011101100001000100000000000000000110,000010000100010010110001010001000000,100000001010100001001000100010010000,000000010000001000000110001100101001,144,9412ms
111000111001001000000100000000000000,000001000110100000001000000010110010,000100000000010100100010101001000001,000010000000000011010001010100001100,141,1704ms
000110011000010000010010000000000011,110000000000000101001001010001001000,000000000111001000000100000010110100,001001100000100010100000101100000000,58,8004ms
011010000100000001110100000000000010,000000010011010010000001000101000001,100000101000100100000000001010100100,000101000000001000001010110000011000,157,709ms
111100000001011010000010000000000000,000001000010000100110000010010101000,000010011100100000000000101100000001,000000100000000001001101000001010110,157,879ms
110100100010001000001010000000000001,000001001100100101000000001011000000,001000000001010010100001110000010000,000010010000000000010100000100101110,135,34079ms
011000100100100001000000001010010000,000100000001001000110001100000000101,000000010000000010001110010100100010,100011001010010100000000000001001000,75,26360ms
110101110000000000000001001000000010,001010000110001101000000000100000100,000000001000000010110100000001111000,000000000001110000001010110010000001,142,53450ms
010111001000000110000010000000000001,100000100001000000000001000100111010,001000010110001001001000011000000000,000000000000110000110100100011000100,122,177735ms
011101000001000001010000001001000000,000010000010100000100000110100001100,000000100100010000001011000010000011,100000011000001110000100000000110000,73,7383ms
110001010000100111010000000000000000,000000101000001000000010010111000100,001110000000000000001001001000101010,000000000111010000100100100000010001,160,26924ms
011010010000100100000000001000100001,100000000100000010000010010011010100,000101001000001001110001100000000000,000000100011010000001100000100001010,107,30333ms
001000101010000001000110010000010000,000010000000010010000001000110100011,010101010100000100010000100001000000,100000000001101000101000001000001100,68,30418ms
100111101000000000000000100011000000,000000010111100000010000010000000110,010000000000011110001100000000100001,001000000000000001100011001100011000,152,1501ms
111110001000001000001000000000000010,000001000010000010000110100001001001,000000000001000101100001011100000100,000000110100110000010000000010110000,168,3542ms
000010001010100000011011100000000000,000000010000000010000100010001111001,110000100000011000100000000100000110,001101000101000101000000001010000000,121,13694ms
100110011010000001000010000100000000,000000000000000100110100001011000110,010000000000110010000000100000111001,001001100101001000001001010000000000,122,76188ms
110011001000000100000000000010010100,000000010100000010000101000100100011,000000000011100000111000110000001000,001100100000011001000010001001000000,112,54584ms
100110100000101000010000000010001000,011000001000000000100100110001010000,000001000010010111000001001000000010,000000010101000000001010000100100101,81,18667ms
111001101100000010000100000000000000,000000000001110100001000000000110110,000110010000000000010011011000001000,000000000010001001100000100111000001,177,3127ms
011001000010000100000000100001000110,100100001001000001110000000000010001,000000110000110000000001011100001000,000010000100001010001110000010100000,56,1421ms
001011001000000001010010010000000100,000000010000001010100100100100001001,010000000100110100000001001011000000,100100100011000000001000000000110010,75,3578ms
110001110000000100000000010000011000,000000000011101001000110000100000010,001000000100010010001001001000100100,000110001000000000110000100011000001,105,31471ms
010110101110000000000000000001010000,000001000001010111110000000000001000,100000010000000000000001110100100110,001000000000101000001110001010000001,177,737ms
001010110000001001000001000000101000,010001000000110010110000011000000000,100000001010000100000010100110000010,000100000101000000001100000001010101,113,25000ms
000011101000000011000001000001010000,000000010000110100110000001010001000,000100000111000000000100000100100110,111000000000001000001010110000000001,48,10718ms
101011011000000101000000000000000100,010000000110011000100000001000100001,000000100000100010000010100111010000,000100000001000000011101010000001010,157,463ms
001000100101000000100000010100001001,000011001000100010000001001010000100,010100000000001101000110000000100010,100000010010010000011000100001010000,89,577ms
001010001010001010000000000000010110,010101000001000000010011010000000001,000000010000110001001100101001000000,100000100100000100100000000110101000,0,19012ms
110110001000100010000110000000000000,000000110000000000110001000110001100,001000000100001001001000011001100000,000001000011010100000000100000010011,142,24234ms
101001001000000010001100100001000000,000000100000000000100011011000011010,010000000100011000010000000100100101,000110010011100101000000000010000000,142,96427ms
010000110100000000001001000011010000,000101001000000010000000000100101011,001000000001011101000110001000000000,100010000010100000110000110000000100,53,75680ms
011010101000000000010000001001000001,000100010001010011001000010000000100,000000000010101000000110000100110010,100001000100000100100001100010001000,96,60819ms
100110110000000000001100000100000100,000000000100010101010010101000000001,000000001001000000000000010011111010,011001000010101010100001000000000000,111,144504ms
111010001010010001000000000000100000,000000000000101010000101110010000100,000100100000000100110010000000001011,000001010101000000001000001101010000,157,1647ms
011001001100100101000000000100000000,000110100001000010000001100000101000,000000010010011000101110000010000000,100000000000000000010000011001010111,110,20660ms
111011100101000001000000000000000000,000100001000100010000110000011000010,000000010000010000101000010100011100,000000000010001100010001101000100001,157,1458ms
001000011000100010000001011000001000,100000000110001000000100000011100001,000011100001000101010000000100000010,010100000000010000101010100000010100,42,18040ms
001000010100001100000000000011010100,100001000000100001100000111000001000,000000101010000000011111000100000000,010110000001010010000000000000100011,54,42500ms
000010011110001000000000111000000000,010001000001000100001110000001000001,100100100000000001010001000100100010,001000000000110010100000000010011100,116,1639ms
000010111001000010000000000100010100,101001000100000000100110001010000000,000100000000110001000001000001101001,010000000010001100011000110000000010,33,22042ms
110000010000011000000000100001100010,000100100001000100001010010010000100,000001001000100011010000001100001000,001010000110000000100101000000010001,114,680ms
100111110000000000010000000010001000,010000000000010000001100000101100011,001000001000101110100001100000000000,000000000111000001000010011000010100,177,2215ms
010111100100000001000010000000000010,001000010011010010100100010000000000,000000001000000000010000001011101101,100000000000101100001001100100010000,83,109501ms
101000101000100011000000010100000000,000010000000000100101000000010011011,010100010001011000010000000001100000,000001000110000000000111101000000100,131,4902ms
001000001001110010000110100000000000,100000100000000000000001011010100110,000100010110000100011000000100001000,010011000000001001100000000001010001,46,48424ms
001110000000100000010000100011001000,100000101110000000001000001100100000,000000000001011101000101010000000010,010001010000000010100010000000010101,49,2685ms
010001000010001000000001000100100011,000100000100000110011000000011001000,000010101001010001100000000000010100,101000010000100000000110111000000000,70,33073ms
101110100000000010110010000000000000,010000011100000000001100001000010010,000000000000010001000001100111100100,000001000011101100000000010000001001,133,14553ms
001100110100000000100000010000001001,100000000010110001000000001011100000,010000001001001110000001100000010000,000011000000000000011110000100000110,70,45839ms
011011010000100000001001000100000000,000100000000010100000100101010001010,000000001110001000100000010001100100,100000100001000011010010000000010001,121,1393ms
110101101000001001000000000000001000,000010000010000000111010100000010100,001000000100000100000100010011100001,000000010001110010000001001100000010,157,313ms
110110010000010000000010000010001000,000000100001000000011100000100110001,001001000010101000100000110001000000,000000001100000111000001001000000110,173,708ms
010110010000000101000000001100100000,000000001000011000001001010010010001,001000000010100000110100000001001010,100001100101000010000010100000000100,119,4205ms
100111100010000000000000100100001000,000000000001100111000100001010010000,001000001100011000100001010000000100,010000010000000000011010000001100011,177,901ms
101111000000010100000000000000100010,000000000100000000001011011110010000,010000000011100000110100000000001001,000000111000001011000000100001000100,177,1718ms
001010100000010101000000100001001000,110000010000001000101100001000000001,000000001001100000010011010110000000,000101000110000010000000000000110110,35,26019ms
101010000000000100100000100100000110,000001000110010010000011001001000000,010100101001001000001000000000001001,000000010000100001010100010010110000,145,2406ms
010101101101000000100100000000000000,000000000010001001000001111000000011,001010000000110010000000000011101000,100000010000000100011010000100010100,117,31760ms
110111100000000000000000010000100001,000000000001000110000011001110001000,000000001000011001010000100001000110,001000010110100000101100000000010000,125,11818ms
110100010000000001110010000010000000,001001101000000000001000001001001010,000000000000010110000100010000110101,000010000111101000000001100100000000,100,23498ms
101000011000000000010001010100100000,000000000001010110100000000001001011,010100100110000000000100001010010000,000011000000101001001010100000000100,157,696ms
100110001100100000000010000010000001,001000000000000001100000101100001110,000000010011010000000101010001100000,010001100000001110011000000000010000,113,5545ms
001011110000100000000010000000000011,010000000110000010101000100001001000,100000000001011000010101000100000100,000100001000000101000000011010110000,132,1949ms
100011010110100000000000010010000000,001000001000001100001101000000001001,000000000001000010000010101001010110,010100100000010001110000000100100000,100,5645ms
100111000001000000011000000000010100,011000001010000001000010001001100000,000000100100001100100000010010000011,000000010000110010000101100100001000,120,2066ms
111101000010000000000010100000001000,000000010000101100101100000000010100,000010101001000001010000000011100000,000000000100010010000001011100000011,142,660ms
011100111001000010000000100000000000,100000000100101100000101000010000010,000010000010000000110000010100011001,000001000000010001001010001001100100,99,17722ms
101110110101100000000000000000000000,000000000000011000001000011000101110,000001001010000000100101100001000001,010000000000000111010010000110010000,177,221ms
010000001010010001000000101001100000,100000000001001110001100000010000001,000010100100000000010011010000010010,001101010000100000100000000100001100,21,944ms
111110000000001000010000000000001100,000000000110110110000000100010100000,000000010001000000101110001100010000,000001101000000001000001010001000011,177,183ms
101001110000000000000110001000001000,010110001000000001100000100001000100,000000000001100110001001000010100001,000000000110011000010000010100010010,74,62545ms
110100111001000001000000000010000000,000000000000000110110100001000110001,001011000010001000000010000001001100,000000000100110000001001110100000010,143,3124ms
000111111001100000000000000100000000,100000000000011000000100111000110000,010000000000000010111011000010000010,001000000110000101000000000001001101,102,31826ms
010100110000100100000000010000100001,000000000001000001111000000010011100,101010001000001010000000001001000010,000001000110010000000111100100000000,102,16304ms
000100110000010000000001001000110010,001000000100000011100000100111000000,110000001010100100010000000000001001,000011000001001000001110010000000100,115,4240ms
000011011010001100010000000000000010,000000000100000011001100110010001000,001000000001010000000010001100110100,110100100000100000100001000001000001,37,16307ms
011100000010000100100010000010000001,000000010001101010001000000100100010,100001001100000000010101100001000000,000010100000010001000000011000011100,157,58ms
111000011000000000010110001000000000,000100000001011000100000010010010001,000011000010000111000001000000001100,000000100100100000001000100101100010,143,1026ms
011011111010000000000000001000000000,000000000000010000100100000011111001,100000000100000010000011110000000110,000100000001101101011000000100000000,157,815ms
010001100010001000011000000010000001,001000010001010000100011100000000010,100010000100000001000100011000101000,000100001000100110000000000101010100,131,43136ms
101111011000000000000000000000100100,010000000101110010010101000000000000,000000000010001101000010100111000000,000000100000000000101000011000011011,177,2122ms
101001011001000000100000100000000100,000000000100101000010001001101000010,010000100000000101001010000000111000,000110000010010010000100010010000001,126,3753ms
010011100010100000000110001000000000,100000000000000110001000000111001001,001100000000001001100001010000000110,000000011101010000010000100000110000,86,10995ms
011111101000000000000000100000100000,000000000100000011100000010100010101,000000000010100100011100001001001000,100000010001011000000011000010000010,96,49497ms
100110101000010001000001100000000000,000001000001000010001110000001000011,000000000010101000100000011110100000,011000010100000100010000000000011100,136,18304ms
111011011000000000001000001000000000,000100000000100000010001110000101100,000000000111010000000110000110000001,000000100000001111100000000001010010,142,1680ms
100101000000000000001110010000100001,001000010011000100110000000001001000,000010001000011001000001100000010100,010000100100100010000000001110000010,59,3164ms
110001000000001000100010101001000000,001100101000000101000000000010010100,000000010010100010000001010000101001,000010000101010000011100000100000010,56,9811ms
000111000111000000000000100100001000,101000100000001000000000011000010011,000000000000010011001011000011100000,010000011000100100110100000000000100,65,14275ms
001010000101000100001000100000100010,100000010000010001010011010000000100,000101101000100010000000000100010001,010000000010001000100100001011001000,94,8704ms
001101100000000001001001100000000010,010000010010100000100000000001101100,000010000001001000000100001110010001,100000001100010110010010010000000000,55,57570ms
110101111000000000000000100000010000,000000000101010010100100010010000001,001000000000101100011011000001000000,000010000010000001000000001100101110,146,886ms
100010110000001010000000000100000110,000000001011010000000111010000100000,010101000100000001100000101000001000,001000000000100100011000000011010001,157,2520ms
001010011000010000000010010010000001,100000000001101000100001100000010100,000100100010000000011100000100101000,010001000100000111000000001001000010,42,9787ms
001101001010000001011000001000000000,010010000100001000000010100100010010,000000110000010100100101000001000100,100000000001100010000000010010101001,70,24555ms
010001111010000101000000000000000010,100110000000001000100110001001000000,001000000101010010001000000100001100,000000000000100000010001110010110001,108,91181ms
100101110000000100010010000000000100,000000000001000010100100010101101000,001000000100110001000001101000000001,010010001010001000001000000010010010,94,26692ms
111011010000100001000000000000100000,000000100110000000011110110000000000,000100000001000010000000000101011011,000000001000011100100001001010000100,157,3367ms
111001010000000010000010000000010001,000000000000101100000100101011100000,000110100000000001100001010100000010,000000001111010000011000000000001100,177,398ms
111111011000000100000000000000000000,000000000011000010000100000010010111,000000100000101001111000010000100000,000000000100010000000011101101001000,177,3202ms
111111101000000000000000000000001000,000000000001101111110010000000000000,000000000110010000001100010010010001,000000010000000000000001101101100110,156,5524ms
101101101000001000100000000100000000,000000000001000000011100010000101110,010010000100110001000000001000010001,000000010010000110000011100011000000,157,25ms
010111110000010001000000000000000100,000000001000100010011000001111000000,000000000010000000000111110000100011,101000000101001100100000000000011000,82,59671ms
011011101000000000001010000000000100,000000000000010111000100100010100001,100100010010101000100000000001001000,000000000101000000010001011100010010,157,155ms
110101010100100000000010010000000000,000000000000001010000100001001111100,001010001000010101000000100100000001,000000100011000000111001000010000010,157,1463ms
000001101010000010010000000000101001,011100010100000000001000001000000110,000010000001011100000110100001000000,100000000000100001100001010110010000,0,687ms
101100000000100001100110000100000000,010001100001010110000000000000001100,000010001100000000000001011010100010,000000010010001000011000100001010001,113,4311ms
011011110000000001000001000000100000,000000000011000000010100000110010101,100000001000001110101000101000000000,000100000100110000000010010001001010,157,2721ms
101110011001010010000000000000000000,010000000010001100101001010000000010,000000100000100000000100101100101001,000001000100000001010010000011010100,147,1999ms
101111100000000100000000001000001000,010000011101000000000010100100000100,000000000000010011100000000011100011,000000000010101000011101010000010000,134,36200ms
011110010000000000100100010000010000,000001100101100010000001000101000000,000000000010011000011000100000001110,100000001000000101000010001010100001,118,40441ms
000110101100000010000000000110000010,010000010010100000000110000001000101,101001000000011001100000010000100000,000000000001000100011001101000011000,177,616ms
100101001000000110100000000100000010,010000110000100000000001111001000000,000010000101001001010010000000010100,001000000010010000001100000010101001,129,2602ms
100110010001001000010100000000001000,001001000000100001000000101000100101,010000100010000100001010010001000010,000000001100010010100001000110010000,148,1382ms
001011111000000000000000110001000000,000100000010000101000001000010010110,110000000101100000110000001000000001,000000000000011010001110000100101000,157,604ms
100001001010010000000001000101001000,010000000101000010100010010000010001,000010100000101101001000001000000100,001100010000000000010100100010100010,76,20686ms
000101110001000000010000000100101000,000010001000100000000110011010010000,000000000010010111101000100000000100,111000000100001000000001000001000011,59,14861ms
101011010100000000000001010000100000,010100000011001000001000000100010100,000000000000000101100010001001001011,000000101000110010010100100010000000,120,5674ms
011100010000000000101000000011000100,000011001000010010000001100000100010,100000100010001000010000011000011000,000000000101100101000110000100000001,144,2160ms
001100011011001000000001001000000000,110001000100010000000000100010001010,000000000000100111101100010100000000,000010100000000000010010000001110101,50,121124ms
101000000000101000000110010000100010,000100010011010000101000000010001000,010000101000000101000000101000010001,000011000100000010010001000101000100,89,835ms
011101010000010010000000010000000001,000000001000001000010100101010011000,000000000110100001000011000100100010,100010100001000100101000000001000100,101,29241ms
001110011000010000000000010010001000,000001100000000110100010100100010000,100000000110001001001100000001100000,010000000001100000010001001000000111,164,1351ms
111111111000000000000000000000000000,000000000100001001001001001011010000,000000000011010010100110000100000100,000000000000100100010000110000101011,177,75ms
010001110000101001010000000001000000,000110001100010000001000000100100001,001000000010000110100001010000001010,100000000001000000000110101010010100,68,11471ms
000100011100001000001100000101000000,000001100001000000000010001010011001,001000000010010000110000110000100100,110010000000100111000001000000000010,76,6158ms
110001111000000100000000000100000010,000100000001001000010010010000001101,001000000110010010001100100001000000,000010000000100001100001001010110000,157,410ms
010101010000100110000001100000000000,000000000101001000110100000010100010,100000000010010001001000010000011100,001010101000000000000010001101000001,98,143155ms
000110010011000000001000000010011000,010001000000101001000100000101000001,100000000100000110100010111000000000,001000101000010000010001000000100110,121,38305ms
100000001000001000010000110101000100,010010000000100011001011000010000000,001001010000000000000000001000111011,000100100111010100100100000000000000,132,159934ms
101001100000100000010010000000101000,000000010100000000100100000111010001,010100000011001011000001000000000010,000010001000010100001000111000000100,143,10063ms
100100000000010001000000010010010011,010010100000001100000100000100001100,001000000110100010001000101001000000,000001011001000000110011000000100000,70,57397ms
110010100101000000010000000001000010,000000000010000001000000111010101100,001000010000010110100110000000010000,000101001000101000001001000100000001,151,1062ms
000110000011000000110010000001010000,001001000000000100000101010100100100,100000001100100010000000001000001011,010000110000011001001000100010000000,115,2182ms
110111010000000000000011000010000000,000000000010000001001100001100001011,001000001000110010100000000001110000,000000100101001100010000110000000100,169,1522ms
101010110010000000100000001100000000,000001000101000100000010000001110100,010000000000110000001001110000001010,000100001000001011010100000010000001,157,211ms
010101001000101100100000000010000000,100000010010000011000010001100000001,001000100100000000010000000001110110,000010000001010000001101110000001000,102,23344ms
110111110000000001000000100000000000,001000000100100000011100000010110000,000000000000001100100011000101001100,000000001011010010000000011000000011,177,1526ms
010100101000000000001000010011100000,100001000001010001000010101000000100,001000000110100010100101000000000001,000010010000001100010000000100011010,102,27577ms
111011111000000000000000000000000001,000100000101100000000001010000111000,000000000010010010100100100110000010,000000000000001101011010001001000100,157,197ms
000001001100111000000000000101000001,000010000010000001000010100000111100,110100000001000000011100001000000010,001000110000000110100001010010000000,139,11787ms
101110000000001000000011100000010000,000000000000110110111100000000000010,010000001101000001000000001000001101,000001110010000000000000010111100000,146,8310ms
000111010000001010000000001010100000,001000001100000001001110000000010100,000000100001010100100001000001001001,110000000010100000010000110100000010,54,809ms
111101010100000000000000100000000010,000010000010100010001000000110010001,000000001000000101110010010000101000,000000100001011000000101001001000100,157,363ms
110010101001000001100000000100000000,001001000110000100000001000001101000,000100000000110000010110101000000010,000000010000001010001000010010010101,127,2172ms
110010000001100000001000000010001100,000101000000000000000111101101000000,000000000010001110110000010000110000,001000111100010001000000000000000011,86,88478ms
100001100000110000001000100000110000,000000010010000010110000010101000010,010010001000001101000011000010000000,001100000101000000000100001000001101,85,4065ms
101111110000000000001000010000000000,000000001110000001010001100100000001,010000000000110110000100000001001010,000000000001001000100010001010110100,149,3269ms
011101001000000000000001000100000101,100000100000000001000010101001001010,000000010100111100010000010000010000,000010000011000010101100000010100000,90,11119ms
011110011000000000000010100000000010,000001100110000001000001000100001100,000000000001110110001100000000110000,100000000000001000110000011011000001,86,56722ms
011100101101000000001000100000000000,000011010000001000000001000010101001,100000000010000110110000001101000000,000000000000110001000110010000010110,157,1868ms
111000110000101000000101000000000000,000000000010000000110000111100001100,000111000000010100000010000001110000,000000001101000011001000000010000011,146,24772ms
001111101100000000001000010000000000,100000000001000001100010100100010001,000000000000111010010000000010101010,010000010010000100000101001001000100,100,23014ms
011110001000001001000010000000000001,100000000000110000001000000110011010,000001100100000110010101000000100000,000000010011000000100000111001000100,103,15672ms
000101101000000010000000010000001101,100010010000000000110001101001000000,001000000111000101000010000010010000,010000000000111000001100000100100010,31,13587ms
100100011001101000110000000000000000,001010100100000010000001001110000000,000001000010010000000000100001110011,010000000000000101001110010000001100,109,745ms
111011000000000000001000001100100000,000100101001010001000010110000000000,000000000010001110100000000011001001,000000010100100000010101000000010110,157,18082ms
111000101000000000001000010000010001,000100010110010001000001100000100000,000001000001001000010010000110000110,000010000000100110100100001001001000,157,3106ms
111010000010000000100001000000011000,000100000101000000010000001010100101,000000001000010010001010110101000000,000001110000101101000100000000000010,157,1607ms
100111010010100000001001000000000000,000000000000000010010110100001101100,011000000000011100100000000110010000,000000101101000001000000011000000011,177,158ms
110100001000001000001000000000101100,000001100010000100000000110001000011,001000000101100011010100001000000000,000010010000010000100011000110010000,157,3730ms
000100000011001010001101000000010000,001000000100110100100000011000000100,010001000000000000010010100111000010,100010111000000001000000000000101001,52,60395ms
001011010000000100000000000000100111,100100000110100010000100000100001000,010000000001000001111010100001000000,000000101000011000000001011010010000,74,20392ms
010101100000000000100110000000000011,100010000010001000001000011010010000,000000010101010000000001100000101100,001000001000100111010000000101000000,70,3189ms
000001011001000001100000010011000000,111000100100000100000100100100000000,000100000010111000001000000000010011,000010000000000010010011001000101100,27,1619ms
100011001000000100010100000010001000,000000000001010011100011000000100010,001000100000001000001000001100010101,010100010110100000000000110001000000,102,20131ms
101110101100011000000000000000000000,000000000001000100011100000011000011,010001010010000011000010000100100000,000000000000100000100001111000011100,177,167ms
000000101010000110001001000100000100,000011010000001001010000100011000000,111000000100100000100010000000010001,000100000001010000000100011000101010,153,49ms
010000101011010000011000000100000000,100000000000100111000100100010010000,001100010100000000000000011000001110,000011000000001000100011000001100001,97,11843ms
001100111000000001001000000010000010,010000000000011000100110011000100000,000001000100100010010001000101010000,100010000011000100000000100000001101,80,3744ms
110111011000000000000000000000100100,000000100001110000000010101010010000,001000000000001010110100000001000011,000000000110000101001001010100001000,177,1696ms
010110110000010000101000000100000000,000000000011100010010000001000010110,001000001100000001000100110000101000,100001000000001100000011000011000001,126,2940ms
110011101101000000000000100000000000,000000000010110100000011000010100001,001100010000000001101000001001001000,000000000000001010010100010100010110,157,215ms
001110101000010101000100000000000000,010001000000000010010001000001101100,000000010000101000001010110000010001,100000000111000000100000001110000010,60,18915ms
000010010011000001000100011000000100,100000000000010100011000100001000011,010101000000000010100001000010011000,001000101100101000000010000100100000,60,18319ms
011110100000000010000000100000100001,100000000000000000111001000110001100,000000000101000001000110011001010000,000001011010111100000000000000000010,91,203762ms
110001100001000000100001100100000000,000000011100011000010000001010000100,000010000000100110000110000001101000,001100000010000001001000010000010011,132,801ms
011111001000010000000010000000000100,000000000010100000011100001100110000,000000110100001000000000000011001011,100000000001000111100001110000000000,127,56815ms
110110110001000000001000000000100000,000001000000111000000000101010001100,001000000010000100000010010101000011,000000001100000011110101000000010000,177,125ms
011010011001100010000000000000010000,000100100100000001101010100000100000,000001000010010000000000011111000001,100000000000001100010101000000001110,103,33352ms
011101011000100000000000010100000000,100000000000001001100010001011000100,000000000101000110011001000000011000,000010100010010000000100100000100011,112,16404ms
111001100000000010000001000000010001,000000001000110001000110101001000000,000000000101001100111000010000100000,000110010010000000000000000110001110,157,63922ms
110110101000001001000001000000000000,000001000101000000101100000010001100,000000000000100110010000101001010001,001000010010010000000010010100100010,128,21827ms
011111110000000000000010010000000000,000000000011000010100100100010000110,000000001100101100000001001100001000,100000000000010001011000000001110001,112,3874ms
100010000001010011110000100000000000,000000110010001000000100010000011100,011001000000000100001001001010100000,000100001100100000000010000101000011,157,2320ms
000001000100000000011000011101000100,000010001010001100100101000000100000,101000110001010010000000000000001010,010100000000100001000010100010010001,140,6385ms
011111010000001000000010000000000010,000000000010000010000100011101101000,000000000101110100010001000000010100,100000101000000001101000100010000001,104,48054ms
100010001000001001000000001100010010,000100000010100010010010100000101000,000000010001000100101000010011000001,011001100100010000000101000000000100,95,2906ms
000101010000001000000100101000110000,100010101000010001001000000010000010,011000000001000110000001000100000101,000000000110100000110010010001001000,56,11127ms
011100100100011010000000000000000100,000000001010000000010000011001110010,000011010000000101101100000000000001,100000000001100000000011100110001000,107,36062ms
011010100010110000000110000000000000,000100000001001000011000110000001001,100001000100000100100001000011000010,000000011000000011000000001100110100,157,918ms
000110001001010010000000100000010010,001000000100000101011000001000100001,110000000010001000000010010100001100,000001110000100000100101000011000000,143,2932ms
010000100101101000001010000000001000,000000000000000001110000011110000011,100111000000010010000100100000000100,001000011010000100000001000001110000,137,25633ms
010100100010000111000010001000000000,000000000000101000010101110011000000,101011011000010000000000000000000110,000000000101000000101000000100111001,140,10017ms
010100111000000000001000000010100100,001000000011000100010100000000011010,100001000100101011000010100000000000,000010000000010000100001011101000001,157,4434ms
110101000100001000000000010110000000,001000001000010000000101101001010000,000000100001000001011010000000101100,000010010010100110100000000000000011,144,76ms
010010101000000000010100101000000001,100000010000101101100000010000010000,001001000001000000001001000101101000,000100000110010010000010000010000110,95,34940ms
011111000001000100000000000000101000,000000110010010001001001010100000000,100000001000000010010100000001010110,000000000100101000100010101010000001,146,10517ms
000010101000000000100100010010001001,000000010111010000001010100001000000,011001000000001110000000000100100100,100100000000100001010001001000010010,115,16988ms
010100011000000001001000100000100010,000000000001110000000100001111000100,000010100100000010010010010000011000,101001000010001100100001000000000001,61,11561ms
011010001010010100000000000010000001,100101000000101000000000011001001000,000000110001000001001110000000000110,000000000100000010110001100100110000,59,12269ms
100000100100000000010100010100010010,000010011010100010000010001000100000,011001000000000001000001100010000101,000100000001011100101000000001001000,157,1052ms
111100100001000000000100100000000010,000010010010010000011001001010000000,000000001100000010000010010100011001,000001000000101101100000000001100100,144,4664ms
100010100000000110001001010000000100,000100010000001000100100100101010000,001000001100110000000010000010001001,010001000011000001010000001000100010,94,8647ms
101010001001010000100100010000000000,010000010000000000010001000010100111,000101100010101101000000100000000000,000000000100000010001010001101011000,132,75302ms
101101000001001010000100000100000000,000010001000100000000010111010010000,000000110100010100000001000001001010,010000000010000001111000000000100101,135,1953ms
011100110000000100100000000000001100,000001000011000011000011000100000001,000010001000110000001000101001100000,100000000100001000010100010010010010,69,6707ms
010101110000000001000000001010000100,001010000000011010110000000000001001,000000000111000000001011110100000000,100000001000100100000100000001110010,96,10833ms
010110000000000000000100010101001001,000001001010010000010010001000100010,101000000100000111101000000000010000,000000110001101000000001100010000100,177,658ms
111101110000010000000000001000000000,000010000000000010110100000001001011,000000001001101000001000010110100000,000000000110000101000011100000010100,119,5292ms
001001111100001000010000000000010000,000110000001100100000010000100001001,100000000010010000101001010000000110,010000000000000011000100101011100000,157,1222ms
000111011010100010000000000000000010,000000000000001100101100010011000100,011000100100010000010001000100100000,100000000001000001000010101000011001,140,7507ms
110001001000000011001010000010000000,000000100011010000010000101000011000,001000000100001100100001010000100001,000110010000100000000100000101000110,143,2628ms
101101100000100100000000000000100010,000000000000000000011011010010011001,010010010010000001000100100100000100,000000001101011010100000001001000000,144,15423ms
110011011100000001100000000000000000,000000100010010000010000101010101000,000100000001100100000011000100010100,001000000000001010001100010001000011,153,111ms
011000111110001000000000000000000010,000000000001010011000000100111000100,100010000000000000111101010000010000,000101000000100100000010001000101001,157,2680ms
001101111001000010000010000000000000,010000000000100101010100000110000010,000010000110001000001000100000110100,100000000000010000100001011001001001,86,16913ms
001001011000000000000001100000001101,100010000110001000101000000100000010,010100000000010000010100001010110000,000000100001100111000010010001000000,83,7935ms
110000111000110000000000100100000000,001110000001001000001000010000100100,000000000110000011100001000001001010,000001000000000100010110001010010001,136,3317ms
101110111000000000100100000000000000,000001000000001000001000011001010101,000000000110010011010000100000001010,010000000001100100000011000110100000,177,154ms
001000111000010000101000000010000100,100010000000101000000101110000010000,010001000101000010010010000101000000,000100000010000101000000001000101011,122,4259ms
001010101001000010001010000000010000,100000000010100100000000001110000110,010101000000011001100000010001000000,000000010100000000010101100000101001,72,12775ms
110011111000000010000010000000000000,000000000001101101100000000000110010,001000000010000000001001101100001001,000100000100010000010100010011000100,144,1236ms
111000000100000000100100000000010110,000100011000100000001010011100000000,000000100010000001010001100011000001,000011000001011110000000000000101000,144,3354ms
100001101000000101101000001000000000,001010000000101000000101000011001000,000100010101010000000000010000010011,010000000010000010010010100100100100,129,3800ms
011100001000010000000000000001011001,100010000011000110001010000000000100,000001010000100001000001110100000010,000000100100001000110100001010100000,87,10822ms
001101010101000000100000000100100000,100000000000100100001010001001001100,000000100010001001010000010010000011,010010001000010010000101100000010000,88,5534ms
010011001110000000000000100000100010,001100010001000001011001000000000100,000000000000011010100010010110000001,100000100000100100000100001001011000,95,15016ms
001001001000100000100011000001000010,000000100110001000001100100000001001,100010000000000011000000001010110100,010100010001010100010000010100000000,101,6398ms
001100001000000000001000000100101101,000010010000001101000111000000010000,000001100110010000110000000001000010,110000000001100010000000111010000000,93,12185ms
000111001000100000000010000101000001,100000010000001100100100000010010100,011000000101010011001000000000100000,000000100010000000010001111000001010,123,13754ms
000000010010100010101000001110000000,010000101100000001000100000000011100,101010000000011000000001000001100010,000101000001000100010010110000000001,116,7418ms
001110010000000000100000111000000100,110000001110000001011000000001000000,000001000000111010000010000010100001,000000100001000100000101000100011010,74,20996ms
111011001000000001000000000001000100,000000010110001010100010100000000010,000000000001010100011101010010000000,000100100000100000000000001100111001,129,19905ms
110101001000000000000000001111000000,001000000011000000001101000000110001,000010100100100010110010000000001000,000000010000011101000000110000000110,157,34ms
001100000100100001000001000000111000,000010100001001010100000010100000010,000000011010000100001100000010000101,110001000000010000010010101001000000,24,6210ms
010000000001100101000110000001100000,100000000110000000001000011000001110,001001011000011000010001000000000001,000110100000000010100000100110010000,45,5044ms
101010111000000000000000000000100011,010000000001100010100000110001001000,000000000010010101001111000000000100,000101000100001000010000001110010000,113,9137ms
001111111011000000000000000000000000,000000000100001000010001011000100110,000000000000100110100100000111010000,110000000000010001001010100000001001,101,26529ms
011011000000100001001010100000000000,100000001010000110100000000000100110,000000110001000000000101010110010000,000100000100011000010000001001001001,70,6843ms
011111100000000000000010100000000010,000000001010001100110000000100010100,100000010100100010001000011010000000,000000000001010001000101000001101001,177,847ms
110000101100000101000001000000000001,001011010000000010100000100010000100,000000000011100000000010001101110000,000100000000011000011100010000001010,120,4107ms
000101011000000010001000000100010001,000000100000100000110110001000101000,011010000011000101000000100001000000,100000000100011000000001010010000110,95,28491ms
000000000000100010000011001000111001,000000001111001100001000000000000110,101010100000010000100100000011000000,010101010000000001010000110100000000,79,10473ms
110110111000000011000000000000000000,000000000000100100001001000100111100,000001000010000000100100111010000001,001000000101011000010010000001000010,146,14468ms
110000011001000010000000001010010000,001010100000101100000000110000000010,000101000010010001000110000100100000,000000000100000000111001000001001101,124,8062ms
010110011000001000000000000110000100,101000000000000010100110000001001001,000001000001010101000001011000010000,000000100110100000011000100000100010,118,6374ms
100010111000000000110100000100000000,011000000100101010001000010000000010,000001000001010000000001101000011100,000100000010000101000010000011100001,139,284ms
101000111000000100000110000000001000,010000000011001000101000000100100010,000010000100110010000000011011000000,000101000000000001010001100000010101,116,2926ms
110100110000000100100000000100000010,001000000000110001000100110000101000,000010001001000010001000001001010100,000001000110001000010011000010000001,151,147ms
000111110010000000000000000100100100,100000001001100000100010011000000001,000000000100001101001001100001000010,011000000000010010010100000010011000,93,16440ms
000000011000010100000100001001011000,000001000001100000000001010110100100,011110000110000010010010000000000000,100000100000001001101000100000000011,106,6095ms
110111001000000000010000000000001010,000000000001011100001000011000010100,000000100110100000000101000010100001,001000010000000011100010100101000000,134,3700ms
111101100000001010000000100000000000,000000000110000000010000001010110101,000010001000110100001000010001000010,000000010001000001100111000100001000,129,1915ms
111110010000001001000000000000001000,000000101000100010000101100110000000,000000000001010000111000011001000010,000001000110000100000010000000110101,147,18956ms
011110101001000000000000000010000010,000000000010000010011010011000100001,000001010000111000000000100100010100,100000000100000101100101000001001000,126,15519ms
110001101001000000110000001000000000,001000000000110010000110100010000100,000010000010001100000001000100001011,000100010100000001001000010001110000,157,1545ms
101001010001000100000010110000000000,000000001000000010100101001010000101,010100100000010000001000000001111000,000010000110101001010000000100000010,132,32458ms
110100000010000010001010000011000000,000001000001101000010001101000100000,001000010100000100000100000000011011,000010101000010001100000010100000100,132,1386ms
100101010111001000000000000001000000,000000000000010010101101000000101001,000010100000100101000010011010000000,011000001000000000010000100100010110,100,86283ms
100101100001010100100100000000000000,000010010110000000000000000101010101,001000000000000011000001101010101000,010000001000101000011010010000000010,116,41268ms
101010100000001000001010000000011000,000000000001110111010100000000000001,000100001110000000100000110010000100,010001010000000000000001001101100010,139,9780ms
111110011000001000100000000000000000,000000000001110001000110001000110000,000000000100000110001001110001000010,000001100010000000010000000110001101,177,189ms
001111000000000100001000000011001000,100000001000010000110101001100000000,010000100001001011000000010000010010,000000010110100000000010100000100101,86,13022ms
101001111001001000000010000000000000,010100000000100011011000000001100000,000000000110010100000101100000000011,000010000000000000100000011110011100,132,21034ms
011001100000000110001000000010010000,000000011010010000100000001001000011,000110000100000001010111000000000100,100000000001101000000000110100101000,97,6043ms
100011011000000001110000000000001000,000000100000100000001010000011010011,001100000011000010000001010100100000,010000000100011100000100101000000100,144,694ms
011011100100010000000010000100000000,000000011001000010000000011001000110,000100000010001000111000100000001001,100000000000100101000101000010110000,124,776ms
011111111000000000000000010000000000,100000000010100100000100100010010010,000000000101001001010000001001100100,000000000000010010101011000100001001,120,51603ms
111010101000010000000000000001000010,000000000010000101000111010100000001,000100000001101000101000100000110000,000001010100000010010000001010001100,134,7021ms
111110111000000000000001000000000000,000001000011000010001100001010100000,000000000100110101100000010100000100,000000000000001000010010100001011011,177,258ms
100111011000000010000000000000000110,010000000000101100000001000110110000,000000100001010000100110001001001000,001000000110000001011000110000000001,139,12797ms
001101000100100000000010000001000101,100000000000000100001001011000011010,010010101000011000110000000100000000,000000010011000011000100100010100000,121,680ms
000010110010110000000010000000010010,000100001000001011100000100001100000,111001000001000000010001000000001001,000000000100000100001100011110000100,127,2180ms
010000010010000000000101100001000011,100001001001011000011000010000000000,000100100000000101000010001100011000,001010000100100010100000000010100100,11,2801ms
001111100001000000000010000001000100,000000000100001001101000001010010001,010000000000010010010001010000101010,100000011010100100000100100100000000,69,8408ms
001001101010000010001010001000000000,110000000001001000010001110001000000,000010010100100000100000000000010111,000100000000010101000100000110101000,88,33596ms
001111110000000000000001000000011000,000000000000001010100110101101000000,010000001000100100010000010010000101,100000000111010001001000000000100010,108,31847ms
101110010000000000100001010100000000,000001000100011001001000000000111000,010000001000000100010010100010000011,000000100011100010000100001001000100,177,64ms
101111010000000000000100000001100000,010000000010001110011000001100000000,000000100101000001000000010010011001,000000001000110000100011100000000110,150,893ms
101110001100000010100000010000000000,000000010000001000010011100100001010,010000100001100001001100000000010001,000001000010010100000000001011100100,177,616ms
000100001000010011001000000100101000,000000100000000000000110011001010110,110000000101001100110000000000000001,001011010010100000000001100010000000,123,6178ms
000010100000011100100011000000100000,110001000010100000001100000000010010,000100011000000000010000001110001100,001000000101000011000000110001000001,72,6279ms
011001111000010000000000010000000010,000100000000000001000101101111000000,100010000000101110100000000000110000,000000000111000000011010000000001101,146,1336ms
110010011000001101000000000000000010,000001000001010010001010001010000100,001100000100000000000101000101100001,000000100010100000110000110000011000,157,242ms
111000010000000000101000101000000100,000111000000001000000010010001110000,000000001001010111000000000010001001,000000100110100000010101000100000010,126,27102ms
001100010011000000010000110100000000,110001000100000100000101000000001001,000010101000000001001000000010010110,000000000000111010100010001001100000,59,11614ms
010111000000001110000000100000100000,000000011000010000000100001100010011,101000100010000001010000010000001100,000000000101100000101011000011000000,133,9380ms
100001000000011000010010101001000000,000000110000000001101100000100100010,000010001111000010000001000010000001,011100000000100100000000010000011100,77,11708ms
100011100000000010010000110000100000,001000000010000101000110000000000111,000000000001010000001001001101011000,010100011100101000100000000010000000,101,12672ms
001001100010010100100000000000010100,000000010000000000001010111001101000,100110000001101000010100000100000000,010000001100000011000001000010000011,142,5819ms
111001001010001010000000100000000000,000000100000110101010001000000100100,000000000101000000100110011000001001,000110010000000000001000000111010010,157,2892ms
111001111000000010000000001000000000,000000000001001000010010100110101000,000010000000110001001100000000010101,000100000110000100100001010001000010,126,8180ms
010010011000000000010001010001010000,101001000010000101100100100000000000,000000000101100000000000001100101101,000100100000011010001010000010000010,54,61529ms
001100101000010000001000000000100011,110010000001000010100010011000000000,000000000100000101000101100011000100,000001010010101000010000000100011000,42,47063ms
101001000000000000100011011000000010,010000001000011010010000100001100000,000010110101000001001000000000000101,000100000010100100000100000110011000,129,24966ms
111010100010000000010010000010000000,000001011001001010000000001000011000,000100000000010100100100100100100010,000000000100100001001001010001000101,157,116ms
100100001001001110000010000100000000,000000100000000000100100110011010001,011011010000100001000000000000000110,000000000110010000011001001000101000,141,18143ms
100011110000010001001000000000100000,000100000000000010000001110001001110,010000001001101000110000001010000000,001000000110000100000110000100010001,157,845ms
111111100000000001000001000000000000,000000000011010110110100000000000001,000000000100000000001010000100111110,000000011000101000000000111011000000,177,665ms
101011100000100000000100000001000010,000000000011001011100010010100000000,000100010100000100011000100000011000,010000001000010000000001001010100101,129,5781ms
111100010011000000000000000000110000,000000100100111000000000011000001010,000011001000000100001010000101000001,000000000000000011110101100010000100,151,549ms
010011000000100100000000111100000000,100000101001001001000100000010000001,000000000000010010011011000000110010,001100010110000000100000000001001100,41,1383ms
110000001110000000001000000100100100,000000010001010011010001101000000000,000001100000000100100100010000010011,001110000000101000000010000011001000,136,4555ms
000100010000100001000000111000011000,110000000000010000101001000010100010,000011000100001110010000000101000000,001000101011000000000110000000000101,38,1649ms
110011110000010000000100000100000000,001000000100001110001001001000001000,000100001010000000000010100001010101,000000000001100001110000010010100010,123,2758ms
011001101000000100001000010010000000,100010010000000000100000000100101101,000000000110001010000001101001010000,000100000001110001010110000000000010,70,59702ms
110000100000000000000010000010110110,000100001000001010001100000101000001,001001010001010100100000101000000000,000010000110100001010001010000001000,157,8337ms
101101111000001000000000000000001000,010000000110100100010001000000000011,000000000000010011000110101100000100,000010000001000000101000010011110000,147,1596ms
101101110000000100000001001000000000,010010001010100001000000000011010000,000000000000000000110110110100101000,000000000101011010001000000000000111,118,413267ms
010011010000001100000000101000000100,100000100100010001100010000010000010,001000001011100010010100000001000000,000100000000000000001001010100111001,66,21676ms
100100111100000000000000100010001000,010001000011000011010000001100000000,000000000000011100000101010000000111,001010000000100000101010000001110000,96,4213ms
010000111000000010000110010000100000,001100000000001101000000100000010011,000010000100110000000001000011001100,100001000011000000111000001100000000,53,8261ms
111100101001000000000000100000010000,000001000100000000100100000110101001,000010000010101100010000001000000110,000000010000010011001011010001000000,157,1044ms
011110000001000000000100010100000001,000000010000100000110001100010110000,000000101110010110000000000000000110,100001000000001001001010001001001000,136,12955ms
100000011000001001011001100000000000,000100100100100100000000000010101010,011000000001010000100100000100010001,000011000010000010000010011001000100,150,22739ms
000011100000001100100000000010001010,001100000010110000000000010001110000,000000010001000010011101001000000100,110000001100000001000010100100000001,13,1073ms
000101001010000010000010010100000010,100000110100100001010000000000001001,011000000001000000100000001011010100,000010000000011100001101100000100000,96,9293ms
100101101001000110000000000000000001,000000000000001001111001000000010110,000010000110100000000010100111000000,011000010000010000000100011000101000,132,935ms
010110111000001001010000000000000000,100001000101110000000000000011100000,001000000010000110000010010100000110,000000000000000000101101101000011001,114,74616ms
001110100001001000100000100001000000,100000010110010110000000001000000100,000001001000000001011000000000101011,010000000000100000000111010110010000,76,20350ms
011000101100100000000000010010000100,100001010001010000001000000001110000,000100000010000100110011100000000001,000010000000001011000100001100001010,100,7625ms
101011101000000010000000000000010001,000000000101110101101000000100000000,000100000010001000000010101010000110,010000010000000000010101010001101000,128,12045ms
100011101000100000000000000001100100,000000000011001111000001011000000000,010100000000010000100000100000011011,001000010100000000011110000110000000,133,8767ms
100001110000000010001000100100001000,000110000010010001100010010000000100,001000001000001100000101000000100011,010000000101100000010000001011010000,97,2737ms
001110111000000000010000100000000100,110001000000100100100011000000000001,000000000110000011001100010011000000,000000000001011000000000001100111010,78,54236ms
100001010000000000000000101011100010,011000101001010000000000000100000101,000100000100001001011101000000001000,000010000010100110100010010000010000,78,96236ms
010100001001111000010000000001000000,001001010000000001001001100000100001,100000000000000100000110010010011010,000010100110000010100000001100000100,90,28465ms
110110011000000000010000100100000000,001001000000001000100001010010010010,000000000010100110000110000001100001,000000100101010001001000001000001100,157,3100ms
100100100000100000010010000011100000,011001001100000100000000001000010001,000000000011001011101000000000001010,000010010000010000000101110100000100,76,8557ms
010110100011000000100100001000000000,100000000000010001010000000011011100,001000011000100000000011110000100000,000001000100001110001000000100000011,108,30895ms
001001010001001000000010000011000100,000100001010000100100100110100000000,110010000000110001000000001000110000,000000100100000010011001000000001011,124,8971ms
111100011000000001010000000001000000,000000100010110100000000011000000011,000010000100000010101110000000101000,000001000001001000000001100110010100,157,124ms
000011111000000000100000010100001000,100000000110100100010000101010000000,010000000000011001000001000001010101,001100000001000010001110000000100010,91,9318ms
000001100010000000110000001100100100,010000001001011000000001100010000010,101010010000000110000100000000001001,000100000100100001001010010001010000,133,1047ms
000110111000000010100010000000000010,000001000001100000001101000000011001,000000000010011100000000001011100100,111000000100000001010000110100000000,56,2665ms
100010101000000000000100000010001011,000100010000110011000000010100100000,010000000101001100000001001001010000,001001000010000000111010100000000100,132,17292ms
111101101000000010001000000000000000,000010010100000101010000010100100000,000000000010100000000011100011001100,000000000001011000100100001000010011,118,43747ms
001000000000000000010011011001001010,100100000010001000101100000010100000,010000101001100110000000000000010001,000011010100010001000000100100000100,43,15783ms
100110000000011010000001000010000100,000000010011000000000000100101101001,010000000000100001110110000000010010,001001101100000100001000011000000000,121,32204ms
000100101000010010101000000010000100,001001000010000000000010010001101001,110010000000100101000101000100000000,000000010101001000010000101000010010,143,239ms
000110110010000100001000000100000001,011000000000000001010000100010011100,000001001101000010100000010001000010,100000000000111000000111001000100000,83,17083ms
010111010000000001000001000000110000,001000000011000110000100100101000000,100000100000100000101010011000001000,000000001100011000010000000010000111,177,1062ms
011000011100100000000000010001100000,000001100000001010100010100000010100,000100000000010100001100001110000010,100010000011000001010001000000001001,99,2169ms
010001010001001001000010001001000000,000110101000000100010000000110100000,101000000100110000001001100000000010,000000000010000010100100010000011101,103,23925ms
001111011000001000000001000010000000,000000000100000101001110010001000100,100000000011100010010000100000011000,010000100000010000100000001100100011,133,36953ms
001111010000010010000000000001001000,000000101100100000011001010100000000,000000000000000101100010000000110111,110000000011001000000100101010000000,81,16989ms
010110001010000100001000000110000000,000000010001011000000000100000111100,101000000100000010100010001000000011,000001100000100001010101010001000000,177,355ms
000001111000010100000000011000000100,001000000011000001000100000000111010,110010000100100000010011000010000000,000100000000001010101000100101000001,127,6041ms
001101101000100000100000100100000000,000010000100000010000111001000010001,100000000001011100000000000010101100,010000010010000001011000010001000010,137,7300ms
110110000000000000011001001000010000,000000001101010100100100010000100000,000000110010101010000000000011000100,001001000000000001000010100100001011,155,40801ms
100100101001010000010000100000000001,000001000000101100000110001011000000,011010000100000000100001010100000010,000000010010000011001000000000111100,157,52ms
110100011101000000000000100000010000,000000100000000010101110010001000100,001001000010010101000001000100001000,000010000000101000010000001010100011,157,286ms
010101011100010001000000000000000001,001010100000000010100000100010011000,100000000001001000011010001001000100,000000000010100100000101010100100010,119,82422ms
100000000010010010000101000010101000,000111000000100000010000101001010000,000000110101001001000000000100000101,011000001000000100101010010000000010,80,70618ms
000001110100100010000000010010100000,010100000000001000010000101000010101,101000000001000100000101000001001010,000010001010010001101010000100000000,119,4666ms
111100001001000000000000100100001000,000000010000010101001010010010000001,000010000010000010100000001001100110,000001100100101000010101000000010000,157,363ms
011001011010000000010000100000000010,100000100000001011001011000000010000,000000000000000100100100011011001001,000110000101110000000000000100100100,73,96108ms
111100111000100000000000000000000100,000000000100000001100100000101010011,000010000011001100011000011000000000,000001000000010010000011100010101000,144,5232ms
110110100100000000000010010100000000,000000011001011000100100001000000010,000000000000100110001000000001101101,001001000010000001010001100010010000,150,1367ms
001011011010000100000000010000010000,000100000000101000111010000001000010,000000000001010010000000100110101001,110000100100000001000101001000000100,65,29462ms
001011100010000100001001000000000001,100100000000010001010010000101000100,000000011100000010100100000010011000,010000000001101000000000111000100010,93,2151ms
101010101000000000100000000011000001,010000010010001111000000010000000010,000000000001100000011101001000101000,000101000100010000000010100100010100,120,11267ms
110010001011000000010001000000000010,000000010100110001001100100000001000,001100100000000010000000000111100100,000001000000001100100010011000010001,157,2306ms
101100111000001100000000001000000000,010000000001000000000111010100100100,000000000010100010011000000011001001,000011000100010001100000100000010010,115,18347ms
101011000000000001000000101000100100,010000010010100110101000010000000000,000000000101011000010010000011010000,000100101000000000000101000100001011,89,402407ms
011001010001000000010100011000000000,000000101010000010001000100010101000,100100000000100101000001000101000010,000010000100011000100010000000010101,146,2077ms
100100010000001001000000000011010001,011000000100010000000011101100000000,000011101001100010001000000000000100,000000000010000100110100010000101010,99,39682ms
110011010000110001000100000000000000,001000000110000000000001010010110010,000000101001001010001010001000000001,000100000000000100110000100101001100,133,6074ms
000011001001100000000111000000001000,000000100000011010001000010000000111,011000000010000101000000101100010000,100100010100000000110000000011100000,60,244ms
011110111000000100000000000000100000,000000000000100010100010100100011010,100000000010000001000101011010000001,000001000101011000011000000001000100,177,1045ms
101010010100001100001000000000000001,000000101000000000000100101001111000,010001000010000000110001010010000010,000100000001110011000010000100000100,157,4508ms
111010010000110000101000000000000000,000100101000000010010100000000011100,000000000010001100000011100110000001,000001000101000001000000011001100010,137,16652ms
101000100100010000000000011001100000,000100000010000110000100000110000101,010001010001000000011010000000001010,000010001000101001100001100000010000,125,7673ms
010111011000000000111000000000000000,100000000010110011000000100100000100,001000100100001100000001000000101001,000000000001000000000110011011010010,136,14984ms
000000001001001100010011000000000110,001110100100000001100000100000010000,110001000000110010000100000001000001,000000010010000000001000011110101000,63,6540ms
110111101000000000100000000100000000,000000000001000011010001010011000001,001000000100000100001110001000100100,000000010010111000000000100000011010,177,35ms
101011001000000110000001000000000010,000100110000100000100000010110000001,010000000011001001010100000000010100,000000000100010000001010101001101000,109,9190ms
001000110000001000000110001010000100,100001001000000100110000000001001010,000100000100100010001001110000010000,010010000011010001000000000100100001,18,6246ms
111101111000001000000000000000000000,000010000001000100011000101000010010,000000000000010001100011000110001001,000000000110100010000100010001100100,143,5843ms
011010111010100000000000000000000100,100000000000010001011000100100010001,000000000001000110000011010010001010,000101000100001000100100001001100000,79,38810ms
111010110000100000000010000000001000,000000001001000000111100000001110000,000101000000000001000000011110000110,000000000110011110000001100000000001,157,315ms
111000001000000010000000001100100001,000101000010000000101010000011000100,000000110101000101000101100000000000,000010000000111000010000010000011010,157,1903ms
100110111000010001000000000000000001,011001000100000100011100000000001000,000000000010001000100010010110110000,000000000001100010000001101001000110,142,31793ms
111111010000000100100000000000000000,000000000100110010000010100001100010,000000101000001001000001011010001000,000000000011000000011100000100010101,163,280ms
011000000100000110010000000100100010,100000111000100000000101100000000100,000101000001010000101000010011000000,000010000010001001000010001000011001,94,1326ms
110101011000000100000001000100000000,000010000111000010000000110010000001,001000100000110000100100001000100100,000000000000001001011010000001011010,151,447ms
100101011000000001010000000100000010,001010100000010000000101011000001000,000000000001101100000010100001010100,010000000110000010101000000010100001,92,20589ms
001010010000000001000000111010000001,000001000001101010000011000100100000,000100100010000100111000000000000110,110000001100010000000100000001011000,39,917ms
110111000000101010000000000000001000,000000111010000001011010000000010000,000000000000010000000101101101100001,001000000101000100100000010010000110,159,18030ms
001110001010000000100010001100000000,100000010000000101010100100001000010,000001000000100010000001000000111101,010000100101011000001000010010000000,77,9508ms
000101000010001001010100000100000001,010000000000000100001000110010110010,000000011001000010100001001001001000,101010100100110000000010000000000100,42,7128ms
000100100001010010001000110000000001,101000010100000001000010001100010000,000000000010100100110100000001001100,010011001000001000000001000010100010,0,3156ms
101010011101000000000000001000010000,000101100000000010000010000110001010,000000000000001001011100100001100001,010000000010110100100001010000000100,101,79612ms
010011110000010000100000000001010000,000000000011000010001010001010001100,101100001100100000010101000000000000,000000000000001101000000110100100011,157,330ms
111010111000100010000000000000000000,000100000101000001001001001001100000,000001000010000100110010110000000001,000000000000011000000100000110011110,136,1181ms
010011111000000000000010000010000001,000100000000000000011000001100110110,000000000111010111100000000000001000,101000000000101000000101110001000000,83,61148ms
000111101000010100000000001000000100,101000000110001000101000000000001010,010000010000000001010111100100000000,000000000001100010000000010011110001,102,19738ms
010011011000000000010000001100000001,000000100000000101100111100010000000,100000000110010010001000000001001010,001100000001101000000000010000110100,157,5926ms
010001101000000000000001001110000001,000100000011001001001010000001010000,100000010000000100100100100000001110,001010000100110010010000010000100000,150,6070ms
101111001000000000100000000001100000,010000000001001100011010100000010000,000000010110100011000101000000000010,000000100000010000000000011110001101,139,2658ms
101000010000010000000000101100101000,010100000100100100000100010000000110,000000001010000000101011000011000001,000011100001001011010000000000010000,100,7125ms
101100100001110000110000000000000000,000001000100000110001001010010000010,000010010000001001000100000100011001,010000001010000000000010101001100100,140,903ms
000101111010000010010010000000000000,011010000000100001000000100001100001,100000000101000100001100001100000100,000000000000011000100001010010011010,115,43718ms
010010110000000001000000100000011001,000101001010001000010010000000100010,100000000001010010100000001111000000,001000000100100100001101010000000100,132,4963ms
000000110000010001000000011111000000,110010000100000000001010100000000101,000001000011100000110101000000010000,001100001000001110000000000000101010,28,4459ms
100100110000000100010000000001010001,001001000010000000101011000010000010,010010001100000000000000110100100100,000000000001111011000100001000001000,142,2528ms
000011110000001000000100100000001100,001100001010100001001000000010100000,010000000000010100000011001001010010,100000000101000010110000010100000001,13,769ms
110001011000100001000000000001100000,000100000011000000111100000010000010,001000100000001010000010110100000100,000010000100010100000001001000011001,143,390ms
011110110100000000010000000001000000,100000000000000101001000100100111000,000000001011010000000110011000000001,000001000000101010100001000010000110,105,13859ms
100000110010010100000000110000010000,001010001101000000101000000000000101,000000000000000011000011001011001010,010101000000101000010100000100100000,55,2314ms
101011111010000000000010000000000000,000100000101100100001000000100010010,010000000000001000100000101000101101,000000000000010011010101010011000000,157,897ms
111110100001000001000010000000000000,000001001100000110101000000100000100,000000000010111000010000100000011010,000000010000000000000101011011100001,156,16026ms
111011110000000000000000000010000010,000000000000100000000111100001101001,000000000110001111001000001100000000,000100001001010000110000010000010100,157,527ms
010000011010001011000000000100010000,000101100100100000000000011001100000,001010000000000000111110100000000001,100000000001010100000001000010001110,89,34702ms
111101011100000010000000000000000000,000000000001101000110000000110100001,000010000010010001000011100001001000,000000100000000100001100011000010110,157,138ms
101011110000001000100000000000000001,010000000000100100011000011000100100,000000001101000011000010000010011000,000100000010010000000101100101000010,151,498ms
001110110001010000001000010000000000,110000000100101010000100000010000100,000001000000000000110010101101000001,000000001010000101000001000000111010,105,100285ms
111001011010100000000000001000000000,000000100000010100101101000000001010,000010000100000001000010110100000101,000100000001001010010000000011110000,157,362ms
100101111000000001100000100000000000,000010000011100000001010010000000110,010000000000011000010001000101101000,001000000100000110000100001010010001,157,272ms
010111101000001000000000001000000010,100000010100000000010000100111000100,000000000000100011100101010000011000,001000000011010100001010000000100001,105,9304ms
100001111001000001000001010000000000,000010000000001000011000000101101010,010000000010100100100010101000010000,001100000100010010000100000010000101,146,15533ms
110010111000000000000000011000001000,000000000011100110100100000000110000,000101000000011000010011000001000010,001000000100000001001000100110000101,143,1793ms
011011011000000000010000000000001010,000000100110101000101000100000010000,100100000001000101000000000011100100,000000000000010010000111011100000001,146,7511ms
000010000000100010001101000000101010,000001100010010000110000110000000100,011000000101001000000000001110010000,100100011000000101000010000001000001,60,10206ms
010010010000010101000100010000100000,000100100101001000101010100000000000,001001000000100000000001000101011001,100000001010000010010000001010000110,57,64120ms
010010001000001010000001000000011010,100000110000100001010100011000000000,000000000011010000100000100010100101,001101000100000100001010000101000000,45,9371ms
111110101000000000000100000000000100,000000000011000100110000001101001000,000001010000100011001000000000100011,000000000100011000000011110010010000,162,3889ms
001010111000000000000000000101010001,000000000001000000111011000010001010,110001000010100110000000010000100000,000100000100011001000100101000000100,157,1569ms
000011010000001000000000100010101001,001000000101110001000010011000000000,000100100010000100011000000101000010,110000001000000010100101000000010100,46,28477ms
000100111000001100000010100000100000,101000000010000000001000001101000011,010010000000110000010101000000001100,000001000101000011100000010010010000,34,7269ms
110011100000000000100001010000000001,000100010100000010000100000111000010,001000001001011101000000000000001100,000000000010100000011010101000110000,140,21895ms
001011101010000000010001010000000000,000000010100010000001000000101100101,110000000001001101000110000000001000,000100000000100010100000101010010010,157,4795ms
011000010000000001000110010001000100,000100000000100010110001101000000001,000011000011010000001000000100001010,100000101100001100000000000010110000,81,69329ms
110111111000000000000000000010000000,000000000110101000001101010100000000,001000000000010101100000100000110001,000000000001000010010010001001001110,177,185ms
111111110010000000000000000000000000,000000001100011100000011000101000000,000000000000000011100000111000010110,000000000001100000011100000010101001,159,1105ms
111101001100000010000000000000001000,000000000010011101001010001000000100,000000010001100000010101000001100001,000010100000000000100000110110010010,129,8014ms
011101101000000011000000000000000010,000000000000001100101001010100110000,000010000010100000010110000011000001,100000010101010000000000101000001100,82,23729ms
001001110000000000001110000000110000,100000000011001010000001001110000000,010110000000110000000000110000001100,000000001100000101110000000001000011,84,4405ms
101100001000010000011000000101000000,010001000010001010100000001000100001,000000000101000101000110010010001000,000010110000100000000001100000010110,132,1630ms
010010111010000110000000000001000000,000001000001100000100010010000010110,001000000100001000011100000010101000,100100000000010001000001101100000001,97,4001ms
000111100001100100010010000000000000,000000000000011000000100011111000100,101000011000000000000000100000110011,010000000110000011101001000000001000,158,54919ms
011000001000111100000000010010000000,000000010110000000110000100000010110,000110000000000010000111000000101001,100001100001000001001000001101000000,69,2449ms
010010000000100000111000100001000001,000000001001010100000100011010000100,001100010110000010000010000000001010,100001100000001001000001000100110000,94,6256ms
010100000000000010001110000000110100,100010100111010001000000010000000000,001000001000001100100001000001001010,000001010000100000010000101110000001,46,4499ms
