010010110000001000000001000100001100,100000000010000001100000111000010001,000000001101000010011010000001000010,001101000000110100000100000010100000,68,27572ms
010000011100010000010000010000001001,000011100000000000000010100011100010,101000000000001100001001001100010000,000100000011100011100100000000000100,123,14753ms
010101110010000000010000000000001001,001000000000010100001001001101100000,000000001101001001000000010010010100,100010000000100010100110100000000010,81,5065ms
111100010100000000010000100001000000,000000101001000000001110001000000011,000000000010001011100001010100010000,000011000000110100000000000010101100,157,869ms
000100010000000100010000001001101100,100000000001000011000101010000010010,010001100110010000101000000100000000,001010001000101000000010100010000001,100,2185ms
100001101100000110000000000000110000,001000000001000001100011011010000000,000100000010100000011000000101000110,010010010000011000000100100000001001,123,2258ms
100001110000110110000000001000000000,000110000111000000000001100010010000,001000001000000000000000010101001111,010000000000001001111110000000100000,119,22344ms
101010010000000110000100010000001000,000100000110110000100001001000000001,010000001000001000011000100100010100,000001100001000001000010000011100010,126,15906ms
000000111001000000000100011001100000,000011000110001010100000000010000001,110000000000000001000011100100010010,001100000000110100011000000000001100,116,739ms
110110000010001000000101000001000000,000001100101000000010000001110010000,001000011000110010001000010000000100,000000000000000101100010100000101011,130,5634ms
011100101000000000000000010100001010,000000000000000110010001101010110000,100001000101000001001010000001000001,000010010010111000100100000000000100,157,1852ms
010110001010100001000000000010000010,000000100000010100010001010100100001,100001000001000000101010100000011000,001000010100001010000100001001000100,153,9702ms
000001011100000000000000001101100010,000000100010001001001111000000000100,101000000001110000010000010000001001,010110000000000110100000100010010000,101,8791ms
010001101000011010000000100000000001,000000010010000001011011000100000100,101010000100100100100000000001100000,000100000001000000000100011010011010,157,606ms
001111010000001000100000110000000000,000000000111000100001010000001010010,010000001000010011010100000010100000,100000100000100000000001001100001101,129,13001ms
101011010001000001000100000000000001,010100001010010000000010000000101100,000000000000000100111000110011010000,000000100100101010000001001100000010,109,25670ms
101001111000000010000000100010000000,000000000000100100001111000100100100,000000000100010001010000011001001001,010110000011001000100000000000010010,97,13812ms
010011110000000010000000100000000101,101100000001010100010001000000001000,000000001000001001001110000001100010,000000000110100000100000011110010000,32,3511ms
010100011000111000100000000000000001,100000100010000110001000001000010100,001001000100000001000110100101000000,000010000001000000010001010010101010,116,3499ms
101010101000010000000000010000000101,010001010100000011000001000010010000,000000000000100100110010100101100000,000100000011001000001100001000001010,114,13460ms
101001011000110000000000000000001100,010010000000001101001000001100100000,000100000011000000000011100001000011,000000100100000010110100010010010000,102,6101ms
000011000110100000100010000000010001,100000100001001101000000100100000010,011100011000010010000001010000000000,000000000000000000011100001011101100,115,26918ms
111101000010001000000100000000010000,000000111000100000100000100001100001,000010000000010110010001001000001010,000000000101000001001010010110000100,114,4828ms
001011110000100001010000000000000100,100000000111001000100001001000001000,010000000000010010000100010011010010,000100001000000100001010100100100001,53,17783ms
101101000101000000000001010000000100,010010100000100000000010001100110000,000000011000000010111100100000000010,000000000010011101000000000011001001,122,16938ms
101111000000000100001001000000000010,010000010000110010000010010000000101,000000000101001000000000101011110000,000000101010000001110100000100001000,132,7540ms
001010001000100010000000000010110010,000101010011001000010001000000001000,110000000100010000000000111001000001,000000100000000101101110000100000100,123,10593ms
010111101000001000001000000000100000,000000000100010010000010100100011010,000000010000100001110101010000000001,101000000011000100000000001011000100,108,22363ms
110010100100000001010101000000000000,000100000000110100001000101100000100,000000000000001000100010010000111011,001001011011000010000000000011000000,109,106770ms
000101100101001001000001000000100000,100000010010000010001000000100001011,001000000000010000110010000011010100,010010001000100100000100111000000000,60,112435ms
100100101101000000000101000000001000,001000010000000110000000011100010100,010001000010000001011010000010100000,000010000000111000100000100001000011,142,342ms
111010101010001000001000000000000000,000100000100000000110011110000000100,000000010001000111000000000001110001,000001000000110000000100001110001010,157,3515ms
011111000000000000000000001010010100,100000111100001000000000100100000001,000000000010000110101110010000001000,000000000001110001010001000001100010,106,46300ms
010101100000000000010000000110010001,000000010010100010001011000001000100,101010000100010001100000010000000010,000000001001001100000100101000101000,157,322ms
101100001000001000001000100000100010,010000110000000010010001000000011100,000001000011010101000000001010000001,000010000100100000100110010101000000,65,17025ms
011001101010000000000100000000100100,100000000000011011101000000001010000,000000000100100000010011001110001000,000110010001000100000000110000000011,103,6117ms
011001110101000000000000000000000110,000100000000100100111000000000111000,000010001010001010000100110100000000,100000000000010001000011001011000001,116,3400ms
100000011110100000010000100000100000,011100000000000000100000011001001010,000001000001011110001000000000010100,000010100000000001000111000110000001,70,18741ms
100000111000000000100101100100000000,011000000010001010001000010000001010,000011000000010101010010000000100001,000100000101100000000000001011010100,136,585ms
000111101000100000000001100000000001,000000010001000100000010010101001100,101000000100011000000100001000110000,010000000010000011111000000010000010,136,1711ms
111010100000000000000011110000000000,000001010101010001000000000011000010,000100001010000100001100000100101000,000000000000101010110000001000010101,135,18274ms
011010101000010000000000000010100001,000001000101000010001001100001000010,000000000010000101100000011100001100,100100010000101000010110000000010000,100,54618ms
100100110010001000010000001000010000,000001000000000110100000010100001011,001000000001100001000001000011100100,010010001100010000001110100000000000,80,41867ms
110000010101000000000100110000000001,000001000000011010100001000100100010,000010001010100001010000000010011000,001100100000000100001010001001000100,104,8093ms
000011111001100000001000000000100000,000100000010010000100000101110000010,010000000000000110010101000000001101,101000000100001001000010010001010000,27,2789ms
101001110001000010000000001000010000,000000000000011000101101100001001000,010100001100100000010000010000000110,000010000010000101000010000110100001,127,14492ms
010001111000000001000000000001000110,001110000000001000010011000100001000,100000000110000010101100000010100000,000000000001110100000000111000010001,128,11426ms
101101101000000000000001000000011000,000000000001010010010110000000100101,010010000000100101101000001000000010,000000010110001000000000110111000000,157,661ms
010100101001010010000001000100000000,000000010110100001010010000000100100,100011000000000000000100111010010000,001000000000001100101000000001001011,157,784ms
110111101000000000001000100000000000,000000010100000000000000011110010011,001000000011001100100001000001000100,000000000000110011010110000000101000,177,129ms
010001011000000100001100000011000000,000000000001000010100011100000100011,000100100010111001000000010000001000,101010000100000000010000001100010100,64,4685ms
001010111000001000010001000000000001,000100000010100110000100010010100000,100000000001000000001000001001011110,010001000100010001100010100100000000,99,11725ms
001111000100000010000110000001000000,000000110000010000100001100000010011,110000000000001101000000001110000100,000000001011100000011000010000101000,177,174ms
011001001000000100001000110000010000,000000100001010001000100000100100011,000010010000100010100010001010000100,100100000110001000010001000001001000,72,10198ms
101111011001000000000010000000000000,000000000000100010011101010001000100,000000000010001101100000000010101001,010000100100010000000000101100010010,157,13656ms
001010100000100000000010001010010001,010100000100000001001100100100100000,000001001000011010110000000001001000,100000010011000100000001010000000110,51,1399ms
100111110000001000000001000000000100,001000000000100000100100010100011010,010000001110000000001010100010000001,000000000001010111010000001001100000,166,2513ms
000000001100011000000101011100000000,100111000010000100100000000000100100,010000100001000001010010000001011000,001000010000100010001000100010000011,45,1677ms
011101001100000000000000010110000000,100000000000010101010000001001011000,000010000010100010001110000000000011,000000110001001000100001100000100100,106,2517ms
101110110000001000100000010000000000,000000001000010111000110000010000001,000000000111100000000000100000110110,010001000000000000011001001101001000,163,14273ms
001101101000000000100000010010000001,010000000011111010000000100000100000,100010000100000100000011001001010000,000000010000000001011100000100001110,143,2474ms
001001111100000000000000100000010100,000010000000000001101010011000001010,000000000011010010010001000011000001,110100000000101100000100000100100000,63,12623ms
100011101001011010000000000000000000,000000010010000000110110010000001001,001100000000100000001001001101000100,010000000100000101000000100010110010,140,1579ms
101100100000010000100001000000101000,000000010100000010010110010010000100,010010000010000101000000001000010011,000001001001101000001000100101000000,126,1791ms
111001001001000010000010000000010000,000000000000011001100001001101000010,000110000000100000011100010000001100,000000110110000100000000100010100001,154,4383ms
100111001000000100001000000000000101,010000000000100001000101101100000010,001000110100000000010010000001011000,000000000011011010100000010010100000,137,928ms
001000001000001000110100011010000000,000000010100010110001000100101000000,110100100000100000000010000000110100,000011000011000001000001000000001011,157,1274ms
101011100001100000000000001000100000,000100000000000010110011000000011010,010000000010010101000100000110000100,000000011100001000001000110001000001,157,239ms
101001100001000000010001011000000000,000000010010000011101000000110001000,000100001000100100000100000001110001,010010000100011000000010100000000110,116,15064ms
010100001100000000010100000100001010,100000000000010110000001110001000001,001000010010101001001000000010000100,000011100001000000100010001000110000,94,4781ms
101001000000001000110000001010010000,010100010010100000000110000000100001,000010100000000100000001110100000110,000000001101010011001000000001001000,103,1747ms
011001100000001010100000000110000000,000000000100010000000101111000100001,100000010010000101011000000001001000,000110001001100000000010000000010110,152,187ms
101111100100000000000000100010000000,000000010000010100101000001000010011,010000000010000010010110000001100100,000000001001101001000001010100001000,177,195ms
101101100000100000000010000010001000,010010010000010010101100000000000010,000000001101000101000000011101000000,000000000010001000010001100000110101,116,17248ms
000100101011000001100000000000001001,000001000000000010000011011001010100,000010010000011100010100100000000010,111000000100100000001000000110100000,26,887ms
101000100011000010010011000000000000,000000000000100100100100000011011001,010101011100001000000000010100000000,000010000000010001001000101000100110,157,915ms
101110000000010010000000010000010010,010001100000000000100011100001000001,000000001111100000001100001000001000,000000010000001101010000000110100100,129,31282ms
011100100000000001100000000011001000,000000001000110000001000100100100011,000001010111000100000110010000000000,100010000000001010010001001000010100,121,2749ms
111011110000000000100000000000100000,000100000111001010000010010000001000,000000000000110001010000100110010001,000000001000000100001101001001000110,157,214ms
111010110000000001000000100100000000,000100001000001100010011000000110000,000001000000000010101100000000001111,000000000111110000000000011011000000,157,174ms
000110110100000000101000000100000001,010001001001001000000011000010001000,001000000000010011010100000001010100,100000000010100100000000111000100010,102,4973ms
101111001100000100000100000000000000,000000100000101000000000100001011011,010000000001000001111001010100000000,000000010010010010000010001010100100,177,84ms
101110001000000000000000000000110110,000000000010011001000001010010001001,000001110100100110001000000001000000,010000000001000000110110101100000000,159,2761ms
000000110010000001101010001000010000,001000001100001000000100000001101001,010110000000110010010001000100000000,100001000001000100000000110010000110,114,10197ms
111001000100000100010010000000000010,000000100001100001000101110001000000,000010001000001010100000000010110100,000100010010010000001000001100001001,157,498ms
111101101000000010000000000000000001,000010010010010100000101010000000100,000000000101001001001010100001010000,000000000000100000110000001110101010,157,5934ms
001101111000010000000100000100000000,000000000100000101000010000011010011,000000000000000010010001111000101100,110010000011101000101000000000000000,34,33774ms
010000000000000111000001100010010100,100000000000000000100100010101001011,001010011001100000000010001000100000,000101100110011000011000000000000000,28,26600ms
010101011010000000000101000000100000,100000000100000110001000110001010000,001000000001011000100010001100000100,000010100000100001010000000010001011,106,11954ms
010010001000000001000101100001010000,000000000011000010000010001110000110,101101000100001000101000000000001000,000000110000110100010000010000100001,150,457ms
100100001000100100000001000010001100,001001000010001001101000010000000001,000010010001010000010010101001000000,010000100100000010000100000100110010,74,40306ms
100010110000000001000000010010010100,010000000000100100001101101000100000,001100001111000000110000000001000000,000001000000011010000010000100001011,157,1365ms
010101001000001000000100010101000000,001010110000100001010000100000000010,100000000011010100100010000010010000,000000000100000010001001001000101101,133,12388ms
000110011000100100000010100000001000,000001100010000010000000010111010000,011000000101000001000101001000100000,100000000000011000111000000000000111,88,6472ms
100011000000000000000001111010000010,000000010010001101000000000100011001,010100000001100000101110000001000000,001000101100010010010000000000100100,121,51123ms
110001111000000000000001010100000000,000110000000001000000110000010110001,001000000111100010100000101000000000,000000000000010101011000000001001110,157,571ms
110010111000000000010000001001000000,001000000000000111001100000000101100,000101000000011000100010000010010001,000000000111100000000001110100000010,157,320ms
110100000000000100100000100001000011,000011010100001010010000010010000000,000000100011010001000111000000100000,001000001000100000001000001100011100,107,16610ms
001100001001010000010000100110000000,010010010100100001101100000000000000,000000000000000100000011010001011011,100001100010001010000000001000100100,21,8383ms
101110100100000010000010000010000000,000001001010100101100000101000000000,000000010001010000000000000101101101,010000000000001000011101010000010010,177,24307ms
011011010000000010000010000010000001,000100000111000100000001000001101000,000000100000101001001100100000010100,100000001000010000110000011100000010,60,16982ms
000101010000000000001110010110000000,000000100000100101000001100001000110,001010000011011000100000000000010001,110000001100000010010000001000101000,97,3180ms
100100100000010100000100100000010010,001000000010000000000011011110100000,010011000001100010100000000001001000,000000011100001001011000000000000101,125,304ms
110000110000110000000000010010000010,000000000000000011100010100001011001,000011000101000000011001001100000000,001100001010001100000100000000100100,144,5664ms
010001000010100001000110100000000001,100100000001000000101000010010101000,000010010000011100000001001000010100,001000101100000010010000000101000010,0,824ms
011011000000011000000011000000000001,100000000111000100000000001101000100,000000110000000000000100110010110010,000100001000100011111000000000001000,66,51625ms
100011100000000001010101000100000000,000100010101001100000000000000011001,011000000010000000000010111010000010,000000001000110010101000000001100100,146,1621ms
000111001110000000001000101000000000,100000010001001100000000010000100011,011000100000010001100100000100000100,000000000000100010010011000011011000,133,6613ms
110111001000000000101001000000000000,000000000010110101000100000001000101,000000100101001000000010100100001010,001000010000000010010000011010110000,171,639ms
100001001000000001000101001000100001,000110000000011000011000010000001010,000000110111100000000010100000010000,011000000000000110100000000111000100,90,3617ms
100101110000000000000000010000111000,000000000001011001001000101001000010,001000001100000000100101000100000101,010010000010100110010010000010000000,153,1425ms
000110111000000000001110010000000000,110000000001110000000001100001010000,000001000010001000100000001110000110,001000000100000111010000000000101001,106,5461ms
111101001010000011000000000000000000,000000000000100100010000110011100010,000000100001010000000001000100011101,000010010100001000101110001000000000,141,10146ms
010010011000000000000010010010010001,000000100000101100000100100001001100,001001000001010000100001001100100000,100100000110000011011000000000000010,113,3196ms
110110011001000000000010000000000010,000001100000001100010000100010010001,001000000010010001101000010000001100,000000000100100010000101001101100000,177,606ms
111000000000001000000010011000100001,000010000000010001000101100011001000,000100110010100110010000000100000000,000001001101000000101000000000010110,136,1461ms
011011001100000000001000100001000000,000000000000100101010010010000010110,100000000011011010100000001000000001,000100110000000000000101000110101000,157,116453ms
001100100100000100001010000100000001,000000010010000001000000001010111100,010000000001011000110101100000000000,100011001000100010000000010001000010,92,19969ms
011110110001000000010010000000000000,100001001010000110100001100000000000,000000000100101000000000000101101110,000000000000010001001100011010010001,112,234035ms
111001100001100000000000000010010000,000100000010000000010000001101101001,000000001000011100000011110000000100,000010010100000011101100000000000010,110,14419ms
111011000000100000000000001000000011,000000100010000010100000100111100000,000100011101001000010000000000010100,000000000000010101001111010000001000,146,2889ms
000101110000001000100000000001000101,000000001001100000010000101100010010,010010000110000100001100010000100000,101000000000010011000011000010001000,78,3710ms
111100110100000000000000000000010010,000000000000110000000010110101001001,000011001010001010000100001000000100,000000000001000101111001000010100000,157,976ms
111101011010010000000000000000000000,000000000101001001010010010100010000,000000000000000110001101001010101000,000010100000100000100000100001000111,124,8273ms
011001000000010010001000110001000000,000000100110001000000101000000001011,100100001000100000000010000010110100,000010010001000101110000001100000000,134,2747ms
011110000010000000000010010100100000,000000101100000101000100000000011001,100000000001111010100000000010000100,000001010000000000011001101001000010,177,410ms
011100010100000000010010000100000100,000010101000001011000000010000100010,100001000001010100000001000001010001,000000000010100000101100101010001000,157,521ms
101000111000000000010000100010000001,000100000010011011000110001000000000,010000000100000000100000010101011010,000011000001100100001001000000100100,157,1533ms
000100001000101100011000000001100000,010000010101010001000001100010000000,101010000010000010100010000000001100,000001100000000000000100011100010011,108,4527ms
001001000000000101100000000001101100,000100001000011000010100101100000000,100010100001000000001010000010010001,010000010110100010000001010000000010,95,17998ms
001001010101000000010010001001000000,000110001000000100001000000000011011,110000000000110001000100010010000100,000000100010001010100001100100100000,125,5357ms
110110010101001010000000000000000000,001001000000000000011100010000101001,000000000000100100000001001111000110,000000101010010001100010100000010000,167,60055ms
110011001000100000000010000000010001,001100010011001000001000100000000010,000000100000010110100100001010000100,000000000100000001010001010101101000,107,43082ms
000010110011000000000000011100000001,101000000000101010011000000010010000,000001001100010000000010100001101000,010100000000000101100101000000000110,41,331ms
000001001010000001000011000010000101,011110000000101010000000000001100000,000000000001010100111100100000010000,100000110100000000000000011100001010,9,2329ms
001000011010100000000100010000100100,000001000000011110010001000000011000,010010100000000001100000001011000010,100100000101000000001010100100000001,74,3487ms
101001010100100000000101000000001000,010000000011000110001000000000000111,000010100000011000100010000111000000,000100001000000001010000111000110000,157,23ms
111111100000000000100000000000100000,000000001000010010000001001101010100,000000000010000101001010010010000011,000000010101101000010100100000001000,164,1374ms
001001001000000010000001010001010100,000010000000100100110000101010001000,010100010011011000000000000100100000,100000100100000001001110000000000011,107,6023ms
000111110100001000000000000000011000,000000001000000010111001100010100000,010000000011100000000000010101000110,101000000000010101000110001000000001,121,12697ms
110111011010000000000010000000000000,000000000001110110000001001100000010,001000000100001000010100010011100000,000000100000000001101000100000011101,177,382ms
110110100100100001000000000000100000,000001000000000000011110000011010100,000000000000001100100001011000001011,001000011011010010000000100100000000,125,65538ms
101100011000100000100000000000010100,010001000010000100000001110100000010,000000100001000010010010001001001001,000010000100011001001100000010100000,99,2818ms
011111111000000000001000000000000000,000000000010101001000110000011000010,000000000000010110010001001000010101,100000000101000000100000110100101000,118,45854ms
001011111001000010000010000000000000,000100000100110001100000000111000000,110000000000001100010001000000010011,000000000010000000001100111000101100,144,1267ms
110100110000100000000000100010100000,000000000110010010000101000100000011,001010001000000101001010010000000100,000001000001001000110000001001011000,128,7299ms
100101001100101000000000000100001000,001000010001000010100000000011110000,000000000000010001011100110000000110,010010100010000100000011001000000001,107,24870ms
000000101100000010000010111100000000,001000000010001101011100000010000000,000100010001100000100001000001110000,110011000000010000000000000000001111,40,12611ms
000011011100000000001000010000010010,010000000011000000110001000010101000,100100000000010100000100101001000100,001000100000101011000010000100000001,87,2008ms
000110000000010101011100000000000100,111001000001000000000000001010010001,000000000010100010000001110101100000,000000111100001000100010000000001010,39,5345ms
100110101000000000001110000000000001,010000000011000100000000001101010100,001000010100011000000000000010101010,000001000000100011110001110000000000,160,107771ms
100000001000100100010000011100000100,000100110010000010001100100000000010,001001000101001000000001000010110000,010010000000010001100010000001001001,122,2736ms
001111001100001000000100000000100000,110000100011000000010001000000001100,000000000000010100101000010111010000,000000010000100011000010101000000011,120,5479ms
010110101010110000100000000000000000,000000010101000000000101001100000011,000000000000001100001000010010111100,101001000000000011010010100001000000,92,38205ms
001010101010000000010010000010100000,010000000100100100001001100100010000,100100010001011000000000001000001010,000001000000000011100100010001000101,108,2273ms
000000011011001100011000000000000100,000010000000100011000010010001011000,111101100100000000000100000000100000,000000000000010000100001101110000011,157,476ms
000100100000100000001000111000100100,000000010001001100000001000011010010,101011000000010010110000000000001000,010000001110000001000110000100000001,106,11153ms
001110100010010100000001000001000000,010001000001101010010010000000100000,100000000000000001000000110110011001,000000011100000000101100001000000110,146,18058ms
100010111100100000000010000000000010,001100000000000001010000110001010100,000001000001001010000000001010101001,010000000010010100101101000100000000,86,10181ms
111110101000000000000000100000100000,000000000001010110010001000011000010,000000000110100001100100010000010100,000001010000001000001010001100001001,177,1366ms
101010111001010000000000000100000000,010001000010100001000001100010010000,000100000100000110001000001000101010,000000000000001000110110010001000101,125,6445ms
110101000000000001010000010001010000,001000101000100000000100001000100110,000010000001011010000011000010000001,000000010110000100101000100100001000,95,13052ms
001110001000000011010100000000000001,100000000101000000100001000101110000,000001100010110100000010000010000010,010000010000001000001000111000001100,65,9674ms
100100010001100000100001000001000100,000010001100001001001000011000100000,010001000000000010000100000010011011,001000100010010100010010100100000000,121,15005ms
110110001000010000100000000000000110,000001010100001000010001101000001000,000000100011000001001000010011010000,001000000000100110000110000100100001,142,3340ms
010110000100001001100010000000010000,000001000000100010000001101000101010,101000001001000100011100000000000100,000000110010010000000000010111000001,177,1210ms
010110011010001000000100100000000000,100000000101010001100000000001010001,000000000000000110011010010010000110,001001100000100000000001001100101000,69,82421ms
101000101000000010010000000000011001,010100000101011000100010000000000010,000001010010000000000101101000100100,000010000000100101001000010111000000,72,6045ms
011110010000010000001000001000010000,000000000110001000110101010010000000,000000001000100011000000100101001001,100001100001000100000010000000100110,78,55637ms
110001000010000000000110010100000001,000000000100101100101000100011000000,000110101000000011000001000000010010,001000010001010000010000001000101100,149,2478ms
100111011100000000000000000000100010,010000000001101110100000000010010000,000000000010010000001101101100000001,001000100000000001010010010001001100,156,897ms
001111100000010000011000001000000000,000000011001000000000001000100100111,110000000110001100000010110000000000,000000000000100011100100000011011000,177,5174ms
011100011010000000001000000000000101,000011000000001011010100000010010000,000000100101100000100011101000000000,100000000000010100000000010101101010,119,31509ms
101000000000000110110001010100000000,000010100011001000000000001001000101,010100011100000001001000100000000010,000001000000110000000110000010111000,157,789ms
110111000000000010010000100001000000,001000010110100000100000001000001100,000000001000010000000101010100010011,000000100001001101001010000010100000,150,7094ms
101110111000000000000000000000100010,000000000011010010101010000000010001,010000000000101101000000010101001000,000001000100000000010101101010000100,177,85ms
110000111010000000000000001100010000,001000000100110010000010100010100000,000101000001001000010000010001000101,000010000000000101101101000000001010,139,527ms
011100110100000000001000000010000100,000000001000010100000111001100100000,100010000011001001010000010000010000,000001000000100010100000100001001011,157,194ms
101011111000000100000001000000000000,010000000000000011100000101000100110,000000000100111000000110000011000001,000100000011000000011000010100011000,153,1935ms
011010011010000000100000000010000010,000001100000000000000110100101010001,000100000100011001000000011000101000,100000000001100110011001000000000100,86,43306ms
001111110000010000010100000000000000,000000000101000000101000011000101010,110000000000101100000011000001010000,000000001010000011000000100110000101,157,3364ms
011011011000100000100000001000000000,000100000001000110000001110101000000,000000000010001001001000000010010111,100000100100010000010110000000101000,95,63131ms
011011100000001000000100000010000010,100000011000100000000000000001111100,000100000100000010001011011100000000,000000000011010101110000100000000001,97,32940ms
100101101000000001000000001000000110,010000000010000000010101010110010000,000010000000111000100010100001100000,001000010101000110001000000000001001,102,3883ms
111011011000000110000000000000000000,000000100000010000111010000001010010,000000000100000001000001011100101001,000100000011101000000100100010000100,157,1300ms
110001010001001010000000000000000101,001010001110000000101001000000100000,000100000000100001000100001100011010,000000100000010100010010110011000000,102,15916ms
000010010000010101000000100010011000,000000101001100010000011010100000000,011001000010001000001100001000100000,100100000100000000110000000001000111,61,6180ms
000001100011010000010001100010000000,000000001000000110000000011101010010,000010010000101000100100000000101001,111100000100000001001010000000000100,20,3185ms
110110110000000000000010000000011000,000000000101100000011100100010100000,000001001000001011000000001101000100,001000000010010100100001010000000011,177,310ms
010000101001001001001000000100000010,001001000100000100000000010000110101,000100000000010010000111100010001000,100010010010100000110000001001000000,44,9906ms
110010110000100000000001010010000000,001100000000001011010000000000110100,000001000001000100101010100100000010,000000001110010000000100001001001001,157,239ms
111000010001000000100010000001010000,000100000010100010000000101100000110,000001001000001100000000010010101001,000010100100010001011101000000000000,126,12170ms
111111011000100000000000000000000000,000000000101010000101001100010001000,000000100010001001010100000101100000,000000000000000110000010011000010111,177,2081ms
011111100010000000001000000000000010,000000000000100100010111100100000001,100000000100000000100000011010111000,000000011001011011000000000001000100,177,375ms
010100010000000011011000001000000001,001011000000000000100000010001101100,100000100111010100000100000000000010,000000001000101000000011100110010000,115,25846ms
110100011100000000000000000100001010,001000100001000011000100010000010001,000010000010001100010011001010000000,000001000000110000101000100001100100,157,216ms
101101110000000100000000000010000001,010000001101000000000111000001000010,000000000010100010011000101000001100,000010000000011001100000010100110000,105,20062ms
010100000110000000111000001000100000,100000001001000011000110000001001000,001000010000100000000001100110000011,000011100000011100000000010000010100,105,5434ms
110010000000010100010000000000001110,001001010000001000001101100000100000,000000100111100001000010000001000001,000100001000000010100000011110010000,91,10779ms
111101110000000000000000010000100000,000010000100010110010110100000000000,000000001010001000100001000100011001,000000000001100001001000001011000110,157,2651ms
111011101000000000000000000010010000,000100000000001100010000011000001101,000000000001100001100011100100000010,000000010110010010001100000001100000,157,122ms
110011100000000000100001000101000000,001000001000001100010010000010100100,000000000010110001001000111000001000,000100010101000010000100000000010011,142,5761ms
001101110000000000000000010000111000,000000001110101100011100000000000000,100010000001010001000000100001000110,010000000000000010100011001110000001,113,54388ms
010100111010000000000000000101000010,001001000001000000010101100010000100,100010000000100000001000011000101001,000000000100011111100010000000010000,124,18277ms
110011110000000000000000010000100100,000100000010011000001010100001000001,000000000100000110010001001000011010,001000001001100001100100000110000000,120,9110ms
000101001010000010011100000000010000,000000100100011100000001101010000000,110000010000000000000010000001101110,001010000001100001100000010100000001,112,29544ms
101101111000010000000000000000001000,000000000011000001100000000101010011,010000000100000110000011111000000000,000010000000101000011100000010100100,157,1230ms
001000010010100101001000000000010010,000010101000000000010110100001001000,100000000000000010100001011100100100,010101000101011000000000000010000001,75,136897ms
011001011100001000000000000000001100,000100000010100011001000010001010000,100000100000010100100000101010000010,000010000001000000010111000100100001,150,1712ms
101100110000010100000100001000000000,010000000001100010000000000000111110,000010000010000000011001100011000001,000001001100001001100010010100000000,108,26775ms
000011101000000100000000001000011100,000000000010101010001110000000000011,110000010000000001100000110101000000,001100000101010000010001000010100000,136,2916ms
111100001000001000110000000000000001,000000100000010001000101011010010000,000001000011000000000000100101001110,000010010100100110001010000000100000,157,1356ms
001100110001000001001100000000000001,000001001100110100100000000000011000,000010000000000010000010111100100100,110000000010001000010001000011000010,39,2985ms
010111000000010000100000001000011000,100000000101000000001010010011000001,001000111000000101010001000100000000,000000000010101010000100100000100110,119,2706ms
110100101000000000000110001000100000,000010000001001010110000000100001100,000000010000110101000000110001000001,001001000110000000001001000010010010,117,1406ms
111101010000010000001000000010000000,000000000101100010110010000001010000,000010100010001000000001000100100101,000000001000000101000100111000001010,157,64ms
010010100101000000000001001001001000,000000010010000101000100010110000010,100100001000100000111000000000010001,001001000000011010000010100000100100,157,78ms
110000001000010010000001000000100011,000110010000100000100010000000011100,000000100101001100010100010100000000,001001000010000001001000101011000000,121,2747ms
101001001000010011001000010000000000,000000000110001000100000001110001001,000010100001100000010010100000100010,010100010000000100000101000001010100,86,20345ms
101101011000000000000101000000000001,000000000100010100001000101001001010,010010000000001010100000010110000100,000000100011100001010010000000110000,157,108ms
101011011100000001000000000000000100,000000000011000110001000110000010010,000100000000100000010111001100100000,010000100000011000100000000011001001,143,2680ms
101000010110100000000001000000000011,000000100000011110001000001100100000,010111001000000000110100000000001000,000000000001000001000010110011010100,177,703ms
010011001100000000001000100001000100,100000000000001011000001011010000001,001100100010000100000010000000011010,000000010001110000110100000100100000,75,7540ms
110011111000100000000000000001000000,001000000000010001100100010010011000,000100000010001100000010101000000011,000000000101000010011001000100100100,116,3509ms
110010101010000010100000000100000000,000000010000001001010001101000100010,001001000000010000001110000001010001,000100000101100100000000010010001100,157,50ms
100011111000000010000000001010000000,010000000100001000110101100000001000,000100000011000101000000010000100011,001000000000110000001010000101010100,100,3353ms
000111000000000000101001100000010010,010000111000001001000000001001000100,001000000000010110000100010010100001,100000000111100000010010000100001000,54,20396ms
101100000010000001000101000001000001,000010010001000000100000010110001100,010000001000100110001010101000000000,000001100100011000010000000000110010,112,27926ms
110111100100000100001000000000000000,000000000010010001000001011000011010,001000010001101010000100000000000101,000000001000000000110010100111100000,162,4576ms
100111000000000100010000000010100100,000000001010110000000001001000001011,001000110000001011001010000100000000,010000000101000000100100110001010000,156,609ms
001010010000000001110000001001100000,010001100000011000000001000100000011,000000000011000010000110100010010100,100100001100100100001000010000001000,33,32508ms
001000101001000000110000110001000000,000100000110100100000100000010100010,100010000000011010001010000100000100,010001010000000001000001001000011001,116,9844ms
011000101010000000001000011001000000,000100000101000001110001000010000001,000001010000001010000010000100100110,100010000000110100000100100000011000,71,9077ms
010000110100001000010100001010000000,000111000000010000001000100000110100,100000001001100001100010000100001000,001000000010000110000001010001000011,149,571ms
010111110001000010000000000000100000,001000001100011100000110000000000001,100000000000000001111001010000001010,000000000010100000000000101111010100,177,17099ms
100001011000100001000110001000000000,000000000110010010111001000000100000,011010100001000100000000000110000100,000100000000001000000000110001011011,157,3776ms
000100111010010000000000010001000001,110010000000001001000000101000100010,000000000100000100010111000100001100,001001000001100010101000000010010000,61,4462ms
011111011010010000000000000000000000,100000000100100100100000011000000011,000000100000000001001100000011111000,000000000001001010010011100100000100,115,12639ms
000011110001000011000110000000000000,000000000100100000110000010010010011,110000000010010000001000100001001100,001100001000001100000001001100100000,94,7014ms
000100000000010000000111001001100100,001001010010100001000000010000011000,000010100100001010100000000100000011,110000001001000100011000100010000000,42,8176ms
010001010011000001110000000000100000,100000101000000000001110000000010101,001100000100100010000001000101000010,000010000000011100000000111010001000,113,16159ms
100110011000100000011000100000000000,011000000000001100100010000000101100,000000000000000010000101010101010011,000001100111010001000000001010000000,129,58453ms
011110100010001000000000010000001000,100000000001000110000011101010000000,000001001100100000001000000001100110,000000010000010001110100000100010001,103,20072ms
010010101100000000001100001001000000,001001000011010000100000100000100010,100000010000101100010010000000001100,000100000000000011000001010110010001,126,1813ms
000110101000000100010000000000110010,101000000100000001000010010011000001,010000000011000010001001100100000100,000001010000111000100100001000001000,74,12150ms
010111111000000000001000000000000100,000000000110010000100100110011000000,001000000001001011010000001000001001,100000000000100100000011000100110010,96,27608ms
101010011000010010000010000000000010,010000000001000100000000111111000000,000000000110001000110101000000010100,000101100000100001001000000000101001,144,2718ms
010001100001100010000000000101100000,000000010000010001010100100000001011,100000000010001100100010001000010100,001110001100000000001001010010000000,127,14051ms
101101010001001000000000010000000001,010000000000000011110100000100011000,000000001110100000001001001001100000,000010100000010100000010100010000110,142,831ms
111000110010000010000000001000000010,000000001000110100101100000000011000,000100000001000000000010100111000101,000011000100001001010001010000100000,157,1437ms
111100100001100000000001000000001000,000010001000010000011000010011000010,000001010000000111000100000100110000,000000000110001000100010101000000101,128,10497ms
010110111000010000000000000001001000,000001000010000010101001100000010010,101000000100000101010000001000100100,000000000001101000000110010110000001,177,431ms
000111010001110010000000100000000000,000000100110000100001000000011101000,000000000000001001100110011000000101,111000001000000000010001000100010010,49,82416ms
110001101000101010000000000010000000,000000010110010000001001000000000111,000100000000000100010110010101001000,001010000001000001100000101000110000,146,2777ms
110011101000010001000000001000000000,001100000100101000011100010000000000,000000010000000010000010100001001111,000000000011000100100001000110110000,105,59820ms
100000101000100001101100000000000010,001000010001010100000010010000001100,000100000010000000010001100111000001,010011000100001010000000001000110000,94,6011ms
001000110001001000001010000010000010,010010000010100100010001000000100001,100100000000010001100000101000001100,000001001100000010000100010101010000,105,1516ms
110010011010000010010010000000000000,000100000000110001000000010100010011,000000100000001000101100101001000100,001001000101000100000001000010101000,157,1068ms
110000011100000000100001001000010000,001001000010010000010000010000101100,000000100000001110000010000111000010,000110000001100001001100100000000001,157,1066ms
101100101001000000000000011000000100,010010010000000000010110100100100000,000000000110011010100001000001000001,000001000000100101001000000010011010,111,66458ms
011011101000000000110100000000000000,000100010000001000001010100000100011,000000000001100110000000011011010000,100000000110010001000001000100001100,106,24281ms
011110101000010100000000000000001000,000000000000000010000000111111000101,100001010010000001011100000000000010,000000000101101000100011000000110000,177,766ms
101011101000001001000000000000000010,000100000111010010000000000011001000,000000010000100000000101011100000101,010000000000000100111010100000110000,130,7299ms
001010110000100000010110001000000000,010100000100010001100000110000000010,000001000010001010001001000001010001,100000001001000100000000000110101100,44,128495ms
111001010100000010000000000000011000,000000001000010101011000011000000100,000110000011100000000101000000100001,000000100000001000100010100111000010,169,2156ms
100110000000010100110000000010010000,000001101000100011000000000100100001,000000000011001000000100111000000110,011000010100000000001011000001001000,66,11813ms
101000001000001010011000001000010000,000100100000110100100000000000100011,000011010001000000000010010001001100,010000000110000001000101100110000000,97,2830ms
111110111000000000000100000000000000,000000000100000000001000101011100101,000001000011101010100010000000010000,000000000000010101010001010100001010,177,89ms
001101000010010010000000000101001000,000000011101100000000001010000100100,100010000000001101010010001000010000,010000100000000000101100100010000011,115,27792ms
011101010001000000010010000010000000,000010001110110000000000000000011001,000000100000001110100001101000000010,100000000000000001001100010101100100,73,82440ms
110001100000000001010000000001100010,000000011100000010001010000100000101,000000000000110100100101110000010000,001110000011001000000000001010001000,108,11110ms
100000010000010000000100001010011100,000000000111000011010010000100100000,010110101000001100000000110000000000,001001000000100000101001000001000011,134,40792ms
101010110010011000000000001000000000,010000001000000101010000000100101010,000001000000100000001110010001010001,000100000101000010100001100010000100,96,22638ms
110001011000010000000100100000100000,000100000101100000000011000101000010,000010000010001010100000001010000101,001000100000000101011000010000011000,124,2324ms
111001101100000000000001000000000001,000100000001001010111000100100000000,000000010010000101000010010001000110,000010000000110000000100001010111000,130,7096ms
111010001000100000000001100000000100,000000110111001000000000000010110000,000101000000000011010110010000000010,000000000000010100101000001101001001,113,24978ms
110001110100000000001000000001001000,000110000011011100000000100000000001,000000000000000010110000011110010100,001000001000100001000111000000100010,157,690ms
111110010000000000000001011000000000,000000000001000100111110000100000100,000000000010111001000000000011010001,000001101100000010000000100000101010,143,61467ms
001001011000000010100000000001100010,010000000101010100001000110010000000,000010000000000001000110001100010101,100100100010101000010001000000001000,80,9998ms
110010001010000000000000000100001101,001000100100100000100100010000110000,000100010001001111000000001000000010,000001000000010000011011100011000000,132,5800ms
111000100000001010000100000000001010,000010001010100000000010010000110001,000101000001000100101000001101000000,000000010100010001010001100010000100,137,1220ms
110100100000010001000000000101001000,001000000110000000110110000010000100,000010011000000100000000101000010011,000001000001101010001001010000100000,148,1881ms
111010111000000000100100000000000000,000001000000100001000000100011101100,000100000110001100011000000100000010,000000000001010010000011011000010001,157,66ms
101111111000001000000000000000000000,010000000000100000000101100001110001,000000000011000111100010010000001000,000000000100010000011000001110000110,164,2245ms
010011111000011000000000000000000010,100100000000100110001001001100000000,001000000001000001100100010000111000,000000000110000000010010100011000101,63,38972ms
000001101100010001001000101000000000,000000000010000000010110000111011000,100100000000100110100000000000100011,011010010001001000000001010000000100,96,23757ms
010010000001010100000011110000000000,001000101000000000000100000111101000,100100010010001000110000001000010000,000001000100100011001000000000000111,124,84268ms
011111001001000000000010000000010000,100000100000011000000100100010000101,000000000010000001110001001101000010,000000010100100110001000010000101000,121,24782ms
010111100000000000000000000110011000,101000011001000001000000100001000001,000000000100110000011000010000100110,000000000010001110100111001000000000,110,248738ms
111101100000000000000000000101000001,000000000100100010010110110010000000,000000011001001001001001001000001000,000010000010010100100000000000110110,157,545ms
001100101000100000001001010000000001,100000000101010010000010100100000100,000000000010000101110000000000111010,010011010000001000000100001011000000,45,25698ms
111000001100000100100010000010000000,000000010000000000000001011100011011,000011000001001011001000000000100100,000100100010110000010100100001000000,135,7409ms
001011000100001100010000100000000001,000000000001100010101011000010100000,110000011010000001000000000000001110,000100100000010000000100011101010000,157,2680ms
001000111000000000010000101000110000,100111000000001100001100000000000100,000000000000100010100001010111000001,010000000111010001000010000000001010,73,11778ms
001001100100000110100000000001010000,010010000010001000011000100010000100,100000001000010001000110010100100000,000100010001100000000001001000001011,143,220ms
100010101001010110000000000000100000,001001000110000000000010100010000011,010000010000001000110001001100010000,000100000000100001001100010001001100,144,1732ms
110000100100000001000011010010000000,001010001000100000000000100001110100,000001010001001010011100001000000000,000100000010010100100000000100001011,112,40127ms
000000010010010001001000101001010000,000110001000001010000010000010001100,110000000000000100100101010000000011,001001100101100000010000000100100000,91,2258ms
001010000100010000000001001100101000,000000000001000011011110100000000010,110001001000101000000000000011010000,000100110010000100100000010000000101,157,574ms
101100111100000000000000000010100000,000010000000100000000110100101010001,010000000000001110011001001000001000,000001000011010001100000010000000110,142,519ms
001100010101010010000100000000001000,000011100010000000000000011110000001,000000001000101100000011000000010110,110000000000000001111000100001100000,40,4157ms
000110001000000000001011001000100010,011000110000000001110000000001010000,100000000000111010000000000110001100,000001000111000100000100110000000001,111,20402ms
111111010000001100000000000000000000,000000101001000010100000100000011010,000000000010110000011101000000100001,000000000100000001000010011111000100,161,2692ms
101011001000100010010000010000000000,000100000010001001000100101100001000,000000100100000100101010000011100000,010000010001010000000001000000010111,157,836ms
001101010000101000110000000000001000,010000100001010000000110010001000100,100010000000000010000000001010110011,000000001110000101001001100100000000,138,3962ms
111111111000000000000000000000000000,000000000101000110011000000010100001,000000000010000000100000110101011100,000000000000111001000111001000000010,177,76ms
011010110010000000001000010000000010,100000000001000100100001001110000001,000001000100010001010110100000010000,000100001000101010000000000001101100,85,66461ms
001111111000000000001001000000000000,100000000010000001000100101000111000,000000000100110100010000010010000011,010000000001001010100010000101000100,99,23455ms
110111010000001000000010000000000001,000000001100010001000001101100000010,001000100010000000111100010000001000,000000000001100110000000000011110100,177,674ms
010110010100000011001000000010000000,001001000010100000010010110000100000,000000001000001000100101000100001101,100000100001010100000000001001010010,111,22311ms
100110111000000000000000100010100000,001001000101010000110110000000000000,010000000010100000000001000101001011,000000000000001111001000011000010100,177,14984ms
110100111000000000010000000001100000,000010000010001110001001000000010010,000000000100010001100100100110001000,001001000001100000000010011000000101,157,215ms
100001010001000001010010001100000000,011100001010000000000000000001011001,000000000000101000001001110000100110,000010100100010110100100000010000000,51,28582ms
101010100000110010010000000100000000,000100010010001001000010000001001100,010000001001000000001001100010010010,000001000100000100100100011000100001,146,1215ms
000110100000000000110110000000000011,010001000010100010001000001000010100,001000001101000000000000010111001000,100000010000011101000001100000100000,118,7280ms
011110111001000000000000000000000010,000001000100000000100100100100001101,000000000000010000011001011011100000,100000000010101111000010000000010000,93,190946ms
001110011000000100000000010000000110,000000100100110000001010101001000000,100000000010001011000101000000011000,010001000001000000110000000110100001,111,33668ms
011000000000001000000100100010011100,000100001000100000001010010101000010,100000110001010001100001000000100000,000011000110000110010000001000000001,112,17113ms
100001100100001110100000010000000000,001000001001010000000110000101010000,010100000000100000000001100000101011,000010010010000001011000001010000100,144,1768ms
100000110000000100010010010000000110,000001000011000001000000101000111000,011010001000011010100001000000000000,000100000100100000001100000111000001,151,2255ms
000001110000100000000100000011000101,001110000011000010010001000000001000,000000000000010101001000110100110000,110000001100001000100010001000000010,0,8922ms
100010011010100100010001000000000000,010100000101000000001100001000001100,001001000000001011100000100010000001,000000100000010000000010010101110010,112,8296ms
010100100010001000001100001100000000,100000000001100001010001010000100001,001000011100010100000000000001010100,000011000000000010100010100010001010,113,20468ms
010101101000000010010000001000000100,000000010000100000100011100011000010,001000000010010101000100010100100000,100010000101001000001000000000011001,80,13885ms
110110111010000000000100000000000000,000000000100110101000011000000100010,001000000001001000110000100011010000,000001000000000010001000011100001101,177,260ms
101001101000000110000000000010000100,010010000101011000001011000000000000,000100000000100000110100000001110010,000000010010000001000000111100001001,105,32248ms
011000001100100000101010000000000010,100010010000001011010000100000000001,000001000011000000000001010011011000,000100100000010100000100001100100100,76,11247ms
000010000010110010100010001010000000,101000001100000000000001110000000101,000001010001001000001100000001110000,010100100000000101010000000100001010,20,1383ms
111110100000000010000000000110000000,000000000110100101000100010000100100,000001000001000000010001001001001011,000000011000011000101010100000010000,166,855ms
011000100100101000000001100000100000,100100001000000010110000010001000001,000000000010000001001010001100011100,000011010001010100000100000010000010,69,13454ms
110011000000000110011000001000000000,000100110010011001000000000010001000,001000000100100000100100100001100010,000000001001000000000011010100010101,141,33219ms
010000111000000000110000000001010100,001000000010100110001100000100000010,000111000000010001000000110000001001,100000000101001000000011001010100000,109,2928ms
100010100000100000100100000000101001,011001000101000100000000000001000110,000000001000011000010011110000010000,000100010010000011001000001110000000,54,12654ms
011110011010000000010000000010000000,000000000100100110000101000101000001,100000000000001001000000011000011110,000001100001010000101010100000100000,146,10654ms
111010010010001000000000100000100000,000000000000000010110011001010010100,000100100101100100000100000100000010,000001001000010001001000010001001001,157,314ms
000101011000000010000100100000100100,010000000011000001101001010000001000,001010000100101100010000001000000010,100000100000010000000010000111010001,64,63543ms
100010010000111001000001000000010000,000000000000000110101100001111000000,010000001011000000000010010000101010,001101100100000000010000100000000101,63,6178ms
001111101000000001000010000000000010,000000000101100010100101001000000001,110000000000010100010000000101110000,000000010010001000001000110010001100,177,156ms
011101101001000000000100000000010000,100000000010001011100001000000100001,000010010100000100010010000101001000,000000000000110000001000111010000110,104,23178ms
011000111001000000100011000000000000,000000000000101001000100000101101010,000000000010010100001000111010000100,100111000100000010010000000000010001,78,83988ms
000010100001100001100000100000010100,100000001010000000001101000011000001,010100000100010100000010010100000010,001001010000001010010000001000101000,72,2432ms
011101110000000000000100000010001000,100000000001100000100000011100010001,000000000100000111001001100001100000,000010001010011000010010000000000110,82,26241ms
011111101000000000000001000000000010,000000000010000100101110100000001001,000000000101011011010000000000100100,100000010000100000000000011111010000,114,100852ms
100111111001000000000000000000000100,010000000110000100011000101000001000,001000000000100001000011000101010010,000000000000011010100100010010100001,159,4467ms
011000011010000000000000010101000001,100000100100011100000000101000100000,000010000000000010111110000000010100,000101000001100001000001000010001010,86,31660ms
111000101000100000110000000001000000,000001010000001101001000101100000000,000010000110000010000001010010000110,000100000001010000000110000000111001,157,196ms
100110010101000000000001000000000101,001000001000000101001110010000000010,000001000000001000110000100011101000,010000100010110010000000001100010000,141,11646ms
011010111001000000010000000010000000,100001000010001000000010001000010110,000100000100100101100100100001000000,000000000000010010001001010100101001,99,19088ms
001110000001001010010000000000110000,110001000010000000000000001001001101,000000011100010001001001010000000010,000000100000100100100110100110000000,66,7437ms
010110100101100000000000000000010100,100000000000000100000011110010001010,001000010000010010000100001001100001,000001001010001001111000000100000000,97,9508ms
010001110000000100010000000000001101,000000001101100010000101100000000010,100000000000011001000000001011110000,001110000010000000101010010100000000,108,50400ms
110101010000000000101100000000000100,000010000001110000010000001111000000,001000101010000101000000100000010010,000000000100001010000011010000101001,157,728ms
000101111000010000000000001100010000,010000000100001010100010000010001010,001000000010100001011000110001000000,100010000001000100000101000000100101,43,6495ms
011000010000010000101000010000011000,000000000100100111000001100000100001,100011001011000000000010000110000000,000100100000001000010100001001000110,157,59ms
000101000001000000010011010100100000,011000010100100000101000001000000010,100010001000011000000000100001010100,000000100010000111000100000010001001,93,16589ms
111010000000000000000001010010110000,000100000000001101100110000001000010,000001100000000010001000100100001101,000000011111110000010000001000000000,132,16847ms
101110010000000000010000000000110010,000000100000001100000110011100000100,010001001100010001100000000001001000,000000000011100010001001100010000001,163,1664ms
001110101000000000001000010001010000,100000010100110000000110100000001000,000000000010001111110001000000000100,010001000001000000000000001110100011,74,109949ms
010001001000001010001010010100000000,000000000100000001100101001000111000,000100010001110100000000100000000110,101010100010000000010000000011000001,40,3254ms
100000100010001000000001010010001010,001000000101000000111010100000010000,010111010000000010000000001001000001,000000001000110101000100000100100100,153,10588ms
110101001001000000000000000000010011,000010000010000000100011110110000000,000000010100110000000100001001001100,001000100000001111011000000000100000,144,2950ms
010011100100000000001101000001000000,100000000010000010000000010010101101,000100011000100101010000001000010000,001000000001011000100010100100000010,69,11873ms
101110101000001000000010000100000000,000000000010000011000001010011001010,010001010100010000001100000000010100,000000000001100100110000101000100001,171,1586ms
011111010000010001000000000000000001,000000000011100000100100000010011100,000000100100000100010011000101000010,100000001000001010001000111000100000,136,11985ms
000010001000001001001011100010000000,000000100010110000010000000100101001,110000000100000010100100010000010100,001101010001000100000000001001000010,106,4824ms
111110011000100001000000000000000000,000000000001010000000100110000101110,000001000110000010000010001011010000,000000100000001100111001000100000001,177,129ms
111111001000000000000000000010001000,000000100101101000101001000001000000,000000000010000011000100100000110101,000000010000010100010010011100000010,156,4436ms
001000100011000000010001001000110000,000101000100001000001100100000000011,000010000000010100100010010011000100,110000011000100011000000000100001000,26,2702ms
010011000000100000001000101000001001,001000100011010001000110000001000000,000100001000001110110000000000110000,100000010100000000000001010110000110,43,4029ms
110101111000000010000000000000000010,000000000000100001010010111000010100,001010000011010000001100000001001000,000000000100001100100001000110100001,157,6875ms
110111111000000000000000000000010000,001000000110010010100100000010000010,000000000001000001011000001101100100,000000000000101100000011110000001001,177,360ms
100000000100101000111100000000000001,000000000001010110000001110100100000,001100110010000001000010001010000000,010011001000000000000000000001011110,95,92095ms
111110110100010000000000000000000000,000000001010001001100000100011000001,000001000001000110001010000000011010,000000000000100000010101011100100100,161,477ms
010011010000001000100001001100000000,000000100010100001000010000011001010,101000000100010000011100000000010100,000100001001000110000000110000100001,157,66ms
100111101001010000001000000000000000,010000010000101110100000000010000010,001000000010000001010100100100100100,000000000100000000000011011001011001,132,13681ms
111010011000000100000000101000000000,000100000010001001000001000001110001,000000000101000000101100010110001000,000001100000110010010010000000000110,157,830ms
010000010010010000010100010000010010,000100001000001000000011001100100001,101000100101000001001000000001001000,000011000000100110100000100010000100,133,1136ms
001111011000000000100010000000100000,000000000011100000000000001010011110,110000000100001000010100100001000001,000000100000010111001001010100000000,177,513ms
011001010000010000100000000000001011,000010000000101010001100000011000100,100000001100000001010001011100000000,000100100011000100000010100000110000,157,65ms
100010001101100000001010100000000000,001000110000000000110000010000110100,000101000010000001000101000100001001,010000000000011110000000001011000010,100,33083ms
111100011000000010000001000000100000,000010100110000000000000110001000110,000001000001001100000110001010010000,000000000000110001111000000100001001,117,7447ms
110000000010110010010110000000000000,001100000100000000001001101000000011,000001110000001001000000010100011000,000010001001000100100000000011100100,127,7599ms
110100001000000010011000100000001000,000011000011100100100100001000000000,001000000100010001000011010000010010,000000110000001000000000000111100101,128,212180ms
001001101010000000000000001100001010,100010000000001101001000010000100001,000000000001000010100011000011010100,010100010100110000010100100000000000,61,49767ms
111110000010010000000000000000100001,000001100001001001001100000010000010,000000000000100010110010101001010000,000000011100000100000001010100001100,147,3420ms
000000000100000010011000011010001001,001010000010010100000001000001110000,110001100001100000000100100000000010,000100011000001001100010000100000100,103,4727ms
100101011000100001000000000100000001,001000000100000010001101000010110000,000000100010000100110010011000000100,010010000001011000000000100001001010,132,6374ms
110111110000100000000000000001000000,000000001110000000010000011110000100,001000000001010001000101100000110000,000000000000001110101010000000001011,154,1378ms
010111010100000000001110000000000000,000000001000000000100001111011100000,101000000000010010000000000100011110,000000100011101101010000000000000001,177,3337ms
000111011001001000000000000100000010,101000000000000011100110000000100100,000000100100100000010000001010011001,010000000010010100001001110001000000,117,12090ms
001011101000010000000010000000001001,000000010010001000011100100011000000,100100000101100001000000000100010010,010000000000000110100001011000100100,157,437ms
100010000011100100000000001000000110,000000001100000000110110000101001000,010101110000011011000000000000000000,001000000000000000001001110010110001,157,5137ms
010101010000110000000001000010000001,000010001100001110001000000000000110,001000100011000000010100010001001000,100000000000000001100010101100110000,71,23201ms
001011100000000000000000000110110100,000000000100100010011001001001000001,010100001011001100100100000000000000,100000010000010001000010110000001010,120,59032ms
000000100001111001010000000000101000,000000001010000000100010111100000001,010011010100000100000100000011000000,101100000000000010001001000000010110,50,6942ms
000001111000000101000000000000101001,010010000010100000010000100010000110,101100000000000000001111010100000000,000000000101011010100000001001010000,157,2491ms
011010100000010001000000101000001000,100000000010000000110111000010000100,000101010001001100000000010000100001,000000001100100010001000000101010010,55,12644ms
111101111000000000000000001000000000,000010000010001001000110000110100000,000000000000110000010001110001000110,000000000101000110101000000000011001,136,1451ms
010011011100010000000000100001000000,001000000000000000110000001010100111,100100000001100111000100000000001000,000000100010001000001011010100010000,157,9347ms
010110110010000000100001000000000100,000000000001000000010010011011101000,001000001100100010001000100000000011,100001000000011101000100000100010000,124,12386ms
011001111001000000000000001000010000,000010000100000010000001110001001100,000000000010111001001100000100100000,100100000000000100110010000010000011,88,15868ms
101111010000010000000000001010000000,000000100000100101000010000101100100,000000001110000000011101000000011000,010000000001001010100000110000000011,166,564ms
010000001001100101000010000000001010,000010110100000000111000000000100001,000001000010011000000001101100000100,101100000000000010000100010011010000,28,457ms
001110111000000100000000000100100000,000001000000010011000001100011010000,110000000011101000100000000000000110,000000000100000000011110011000001001,177,77ms
000010111100000000001000010000001001,100001000001101000000100001100000100,010100000010010110100000100000010000,001000000000000001010011000011100010,94,9280ms
100101100100000000110000000100000010,000010001011000000000001000010001101,010000000000100111000010001000110000,001000010000011000001100110001000000,150,196ms
111111110000000000000000000000001000,000000000000000001011010101010010100,000000000011000110100101000000100010,000000001100111000000000010101000001,156,1468ms
000011001000100100101000101000000000,001000100001000001000100000110010001,110100000000010000010010010000101000,000000010110001010000001000001000110,157,3167ms
100001000000100100010000100001010001,010000010001010001000000010100100100,000010100100001000001001001010001000,001100001010000010100110000000000010,62,12142ms
000001010010000001000000010011100100,001000001000110000000010100100010001,100110000001000100011100000000001000,010000100100001010100001001000000010,99,21716ms
111011001000000001100000000000000001,000000010010011000001000011000010100,000100000000000100010011100110000010,000000100101100010000100000001101000,157,86ms
110101110000000001000000000000001100,000010000000110010110010110000000000,000000001100001100001100000011000010,001000000011000000000001001100110001,144,4751ms
111000011100000001000001000000010000,000000100000011000000100110011001000,000110000001000000011010001100000001,000001000010100110100000000000100110,177,152ms
101000110000101100100000001000000000,010100000110000001000000010101010000,000000001001000010001100100010100100,000011000000010000010011000000001011,99,30652ms
111011111000000000000000100000000000,000100000100001000110000010100100001,000000000000010111000001000001001110,000000000011100000001110001010010000,136,1882ms
111100101000010000000000000000001100,000011010000101001100100100000000000,000000000100000000011001010110100010,000000000011000110000010001001010001,157,17696ms
011100001101000010000100000000000100,000010010000000100111000001100010000,100000000010101001000011100001000000,000001100000010000000000010010101011,157,4991ms
000110010111000000100000000100000010,001001001000000100010000011000001100,100000100000101001000010100000010001,010000000000010010001101000011100000,145,1292ms
010011101000010001000000010000001000,100100000100001010011101000000000000,001000010011000100000010000100000110,000000000000100000100000101011110001,77,96019ms
100101010000001000000000000000011110,000000000101100011001000100001000001,011000100000000000100001011110000000,000010001010010100010110000000100000,157,619ms
110101011010000000001000000000000100,000000000001110000000110101100100000,001000100100001100010001010001000000,000010000000000011100000000010011011,157,1100ms
100101000000000001001001010010000100,000010110101010000000010000100000001,001000000010100000100100001001110000,010000001000001110010000100000001010,107,2039ms
101011000100000000001010100001000000,000000001011000100000001001000010101,010000110000000000010100010100101000,000100000000111011100000000010000010,157,234ms
010101111000000010000000000000001100,101000000001100000100100111000000000,000010000000001001010011000100100010,000000000110010100001000000011010001,81,89324ms
100110100000000000010000001001010010,000000010010010010000001010000100101,001001001000000001001010100010001000,010000000101101100100100000100000000,152,3178ms
011101111010000000000000000000010000,000000000000000011000101000011100101,100010000001001000111000001100000000,000000000100110100000010110000001010,157,181ms
011101100010010000000000000000001001,000010000000000110000011000100100110,100000000001101000001100101001000000,000000011100000001110000010010010000,142,6346ms
011111110000100000000000100000000000,000000000100010000000101001001011001,000000001001000010011000010110100000,100000000010001101100010000000000110,105,15110ms
010000100000110000101010010100000000,000011000000000110010101000000110000,100000011100001001000000100001000100,001100000011000000000000001010001011,149,4126ms
110001001000000110000101010000000000,000110100010001001100000100100000000,000000010101100000010000000000011110,001000000000010000001010001011100001,131,9696ms
100100000110001000000010000001100001,001000000001110011000000000010010100,000001011000000100101000001000001010,010010100000000000010101110100000000,92,191887ms
011010010010101000100000000000000010,000001001000000001000000101110000101,000000000101010000001001010000111000,100100100000000110010110000001000000,95,28891ms
010010111000000000100010000100010000,001101000010000100000000100001100010,000000000001110001001000011010001000,100000000100001010010101000000000101,72,91567ms
100100111000000010100100000000000100,000010000001001001010001111000000000,011000000110000100000000000100101001,000001000000110000001010000011010010,157,14562ms
010101000000101000110001000000010000,001000001110010011000000010000000001,000000000001000000001110100011000110,100010110000000100000000001100101000,46,90671ms
110101100000000000010011010000000000,000010010010000110000000101010000010,001000001101001000000100000001011000,000000000000110001101000000100100101,157,1692ms
000100011001011100000010000000000100,101010000000100000010100111000000000,000000100010000010001000000101100011,010001000100000001100001000010011000,0,32263ms
001011010000001000000010001100100000,000000101000010001010100010000000110,010100000000100000001001100000011001,100000000111000110100000000011000000,81,4234ms
011011111000000100100000000000000000,100000000000100010010010110010100000,000000000001000000001001001000011111,000100000110011001000100000101000000,103,34903ms
000001000011001000000010000001011001,000000001100110000100000101010000100,011010100000000101000101010000000000,100100010000000010011000000100100010,55,30640ms
001110010000000000001010000010010001,000000000111011101010000000000000100,110000000000100010100101001001000000,000001101000000000000000110100101010,177,2861ms
000011010010001001010100000000010000,010000100101000010000000010001000101,000100001000100100001001000100100010,101000000000010000100010101010001000,24,8306ms
001000000000111001100000000011000001,000000001101000100011001001100000000,110111000010000000000000100000010100,000000110000000010000110010000101010,164,1429ms
100001111000010000000010000100010000,011010000000000110000000000001000111,000100000000000001111101011000000000,000000000111101000000000100010101000,97,58949ms
100011110100010000000000000000010001,000000000000101001001100000001101100,001000001001000000110000011010000010,010100000010000110000011100100000000,150,2785ms
011100000000110001000000001011000000,000011011000001110100000000000000010,100000000100000000011000110000100101,000000100011000000000111000100011000,122,8510ms
111001111001000100000000000000000000,000110000010100001000100000001100100,000000000000011000001000010110011010,000000000100000010110011101000000001,130,45094ms
011000110000100100000000000101000010,000100000010001000100000111010100000,100011000101010011001000000000000000,000000001000000000010111000000011101,157,10689ms
100100011000000001010110000000001000,010000100010000000000000011101110000,001000000001010010100000100010000110,000011000100101100001001000000000001,112,13213ms
000111100111000000000100000000010000,100000000000110000010010001101000100,010000000000001101100000100000101001,001000011000000010001001010010000010,81,31735ms
011110001001000010000000010000000010,100000000000000000110100001000111001,000000000110011000000011000110000100,000001110000100101001000100001000000,136,40366ms
001100011100000100000010010000010000,000011000001000000010101001110000000,100000000000110000101000100001000101,010000100010001011000000000000101010,129,19255ms
010010010000101000010000000110001000,000100000000000101001111010000000100,101001001001010000000000001000010001,000000100110000010100000100001100010,143,1744ms
001101001010000000000100001000001100,110000010000110100100010000010000000,000000000101001000011000100100000011,000010100000000011000001010001110000,87,3127ms
011100111110000000000100000000000000,000001000000110000101000000100001101,000000000000001110010011100010000010,100010000001000001000000011001110000,103,10024ms
010111001001000100000000000001001000,100000010010000011000001110000000010,001000100000010000011110001000100000,000000000100101000100000000110010101,95,73041ms
001010011010001100010010000000000000,000001100000100010000100010001100001,010100000000000000001001100010001110,100000000101010001100000001100010000,86,25130ms
101111110000100000000000010000000000,000000001000001010001110000100011000,010000000100000101010000000001100110,000000000011010000100001101010000001,177,623ms
101100010011000000000000000010001010,000000001100000100100100011100010000,010010100000010011011001000000000000,000001000000101000000010100001100101,144,6724ms
101011110000000000001000100001000000,000100000100010100100101010000100000,010000000001100001010000001000010110,000000001010001010000010000110001001,122,7807ms
111100000100101100000100000000000000,000010000011000001100010001110000000,000000000000010000001001010000011111,000001111000000010010000100001100000,111,10918ms
011010001000000000110000100010100000,000000010010000011001010000001000110,000101000000001100000101000000011001,100000100101110000000000011100000000,107,2597ms
011101011000000001100000001000000000,100000000101001000000001010101000100,000010100000100010000100100000110001,000000000010010100011010000010001010,92,31910ms
110010010000100001000001000100000100,001001000001000000001100100000101010,000000000000011110100000001010010001,000100101110000000010010010001000000,128,8530ms
111100111000000000000010000000000100,000001000010110000010000100101000001,000000000101000101001001000010110000,000010000000001010100100011000001010,129,6889ms
111110001000000000000000000100100001,000000000110000000000011110001001100,000000010001101110100000001000000010,000001100000010001011100000010010000,177,889ms
100011010010010000110000000000100000,001000100000100000000100100000010111,000100000000001100001011000110001000,010000001101000011000000011001000000,113,5246ms
111001110000000001100000000001000000,000010001000100000010010001000001110,000100000010011010000101000110000000,000000000101000100001000110000110001,157,97ms
111001011000000000000001001001000000,000000000101000010110010010010000001,000110100000001001001000000100000110,000000000010110100000100100000111000,177,318ms
100111100000000010010000001100000000,001000001100000001100000010000001011,010000010010011100000001100001000000,000000000001100000001110000010110100,163,1857ms
001101011100000000100000001000001000,000000100011001000001000100010100010,110010000000100100000100010000010001,000000000000010011010011000101000100,157,569ms
000010011010010000100000000101001000,000000000100101010000100110000100100,001001100000000001011010000010000001,110100000001000100000001001000010010,76,2948ms
001100000001000001010010000000111000,010000000010000000000101010101000011,100010110000000010101000001010000000,000001001100111100000000100000000100,127,6941ms
001101100010100000000001010000000100,100010001000010110100100100000000000,000000010100000001010010001000001011,010000000001001000001000000111110000,53,20536ms
100101111000000000000100000010000010,001000000000001100001001100100000101,000010000111010010000000001001100000,010000000000100001110010010000011000,118,1305ms
110110101000000000000000000100101000,001000000000101101110010000001000000,000000000110010010001001010010000010,000001010001000000000100101000010101,177,1065ms
101101001010000000000010011000000000,000000010000001100101000100010001001,000000000001100001010001000100010110,010010100100010010000100000001100000,111,54325ms
000010101100000100100001000101000000,001100000001000001010000101000010100,100001000010000000001110010010000001,010000010000111010000000000000101010,126,1505ms
001001110010000100100001000100000000,100000000101010010001000000011000100,000010001000000001010010000000111010,010100000000101000000100111000000001,75,11237ms
100011011000000000001000010010000010,001000000000010010010000101001101000,000000100001101101100010000000000001,010100000110000000000101000100010100,112,4906ms
011010000001011100000010001000000000,100100010000000011000001000001110000,000001101000100000111000100000000100,000000000110000000000100010110001011,90,34343ms
000100110100000100000101000010000010,010001001000100000100000100001100100,100000000001000001010000010100011001,001010000010011010001010001000000000,98,34162ms
111011100001000000010000000000100000,000000001100001000001101100000011000,000100010000010100100000000111000100,000000000010100011000010011000000011,157,17ms
101010001111000000100000001000000000,010000000000001100000010100010010101,000100100000110000001001010000001010,000001010000000011010100000101100000,145,236ms
010100110010000100000000100000011000,100010001000001000101010000100000001,001001000000010011010000010010100000,000000000101100000000101001001000110,73,8530ms
000011100101000010000000000010100010,000100000000000001011001000101001100,010000011010100000100110000000000001,101000000000011100000000111000010000,84,76147ms
110011011110000000000000000010000000,000100100000111000100000010000110000,001000000000000101010011000001000011,000000000001000010001100101100001100,157,89ms
101010000000100100010000010110000000,010100100110001000000000000000010110,000001001000010001101000000001100001,000000010001000010000111101000001000,91,5950ms
101111101000000000000010000000001000,000000010000100101111000001000000100,000000000001010010000100100001010011,010000000110001000000001010110100000,145,2366ms
011101000000010000000101001000000001,000000000011000011000010010100100100,100000011100100000100000100010010000,000010100000001100011000000001001010,157,503ms
011011110100100000000001000000000000,100100000011000000000010010000001011,000000001000011001101000001010100000,000000000000000110010100100101010100,110,17507ms
110101101000000000001000101000000000,000000010010011000100110000001000100,001010000000000011000000000110101001,000000000101100100010001010000010010,157,2062ms
001011001000000000001000010000011100,000000100101100010010001000010000010,000000000000001101100110100001000001,110100010010010000000000001100100000,47,9553ms
100111010000000100000100000000000101,010000000011000011110000010010000000,000000000100011000001000100001111000,001000101000100000000011001100000010,123,21891ms
100110001000110000110000000010000000,000000000000001110001110000000001110,000000110001000001000001011100010000,011001000110000000000000100001100001,123,1094ms
101000011010100100000100000000000100,000000000001000001001010001011110000,000111000100010000000000110100001000,010000100000001010110001000000000011,165,769ms
111111000000000000000001000000100100,000000001111001010000000010100000010,000000000000110101111000000000001001,000000110000000000000110101011010000,177,1852ms
111000111000000100000001000000010000,000001000110010001110100000000000010,000110000000000010001010011010000100,000000000001101000000000100101101001,150,5418ms
110100010000010000000001011000100000,001000000010100001100000100000010011,000000101101000000010110000000001100,000011000000001110001000000111000000,141,1128ms
001011011100000000000010001000001000,100000000001000000000101010011110000,000100000000001101001000100000000111,010000100010110010110000000100000000,43,436ms
101110011000000000010100000000001000,000000000001100110100000011010000010,000001000110010001001001000100100000,010000100000001000000010100001010101,162,4749ms
010111011000001100000000000000000010,100000000110000010100001101000000100,001000100001000001010010000001101000,000000000000110000001100010110010001,99,37117ms
110000101000010000000010000010000101,001100000101100010000000010000011000,000000010010000100000101101000100010,000011000000001001111000000101000000,94,8344ms
000101101000000100000100001001000010,100000010000101001010000010000010001,000010000010010000000001000110101100,011000000101000010101010100000000000,37,17185ms
110011010010000001000100000000000001,000000100000101100100000000000111010,001100001000000010010010101010000000,000000000101010000001001010101000100,144,3824ms
000111111001000000000001000000000010,111000000000000000011110001000000100,000000000110000110000000110001101000,000000000000111001100000000110010001,65,30519ms
111111101000000000001000000000000000,000000000010000001000011000010011110,000000000001010100110000011001100000,000000010100101010000100100100000001,177,126ms
100011001000000000001000000100010101,001000010010101000010000100000101000,010100000100010000100110010001000000,000000100001000111000001001010000010,157,460ms
001110110001000010000000000010001000,000001000000100000001000011101010001,000000001010011101010100100000000000,110000000100000000100011000000100110,93,19623ms
001100111100000000100000000000010001,000011000000100001000101000101100000,000000000000010110001010011010000010,110000000011001000010000100000001100,80,1023ms
111011010000000000000010100000000100,000000000110011100001000001100010000,000100100001000001100100000001100001,000000001000100010010001010010001010,144,3635ms
100110110000000100001000000000010001,000001001110010000100000001100100000,000000000001101010000101010001000100,011000000000000001010010100010001010,91,10760ms
