110011110001010000000000000000000001,000000001010001000000010011100110000,001000000000000100111101000000001100,000100000100100011000000100011000010,157,457ms
010101000000100011001010010000000000,101010001000000000000100000100001101,000000110100001100100000000001100010,000000000011010000010001101010010000,64,65903ms
010101011000010100011000000000000000,100010000100100010000001000100000110,001000100001000001000000101010100001,000000000010001000100110010001011000,62,27527ms
011101000001000000010100000101000000,000010110010110001100000000000000100,100000001100000010000011100000000011,000000000000001100001000011010111000,157,2421ms
000000111000001000110100000100000010,001100000000000011001010000001110000,010011000000110000000000011000001001,100000000111000100000001100010000100,81,3891ms
011010000010010010000001100010000000,000000000100000101000000001001110110,000001111000000000100100010100000001,100100000001101000011010000000001000,116,8548ms
110101010000000001010000001001000000,000000100110000110000000000000111001,000000001001000000000101110100000110,001010000000111000101010000010000000,115,32366ms
010111110000000011000000000001000000,101000000000000100101000010010001001,000000000011110000010110001000010000,000000001100001000000001100100100110,88,28220ms
110110101000000100100000000000001000,001000000110011000000001011000000010,000001010000100000001010100001100100,000000000001000011010100000110010001,164,2625ms
000001001000010100010000010010000011,010100000011001000001011000001000000,101010000100000010100000100100010000,000000110000100001000100001000101100,153,337ms
010001011000100001001000001000100000,000010000101000010100100010000000011,000100100000001100010000000011001100,101000000010010000000011100100010000,55,5230ms
010100101000010001000000110000100000,001001000000000100010011000001000110,000000000001101000100100000010011001,100010010110000010001000001100000000,40,13683ms
110101011000000001000000001000010000,000010000000110000000001110010000011,000000100001001010010010000001100100,001000000110000100101100000100001000,108,3985ms
101100101000011000000000100001000000,000000000010000010001000011000011110,000001010001100000110000000100100001,010010000100000101000111000010000000,157,2014ms
101001110000000000010010010100000000,000110000000010010101100000010000100,000000000100001001000001001001001011,010000001011100100000000100000110000,113,9815ms
101111100100000000010000000000100000,010000001010101000100001000000000101,000000000000000011001010100101011000,000000010001010100000100011010000010,155,1976ms
111000001010000001001000000000001001,000010010001000010100000100110100000,000100000000001100000010010001010110,000001100100110000010101001000000000,112,14590ms
000001110100100000011010000001000000,001000001010010100000001010100010000,010100000000001000000100101000001011,100010000001000011100000000010100100,61,2633ms
011010010101000000000000001000100001,000000000010000011100010000100010110,100101001000011000000100000010001000,000000100000100100011001110001000000,143,3753ms
011011101000101000000000000000010000,000100000100000100001100010110100000,100000010000010010110001100000000001,000000000011000001000010001001001110,157,3700ms
110000101000000000101100000010001000,000011000110100101000000001000000001,001100010000000000000010110101100000,000000000001011010010001000000010110,157,1321ms
100110111000000000010000001000000010,000000000100000001100000100111101000,011000000000011010000011000000000101,000001000011100100001100010000010000,149,6846ms
000101101000000000000011000110000100,010010000000000000011000011001010010,101000000100101010100000000000001001,000000010011010101000100100000100000,151,25548ms
000001111000001001000010100000001000,000010000100110100000000001110000100,011000000000000000101001000000110011,100100000011000010010100010001000000,75,41488ms
010111010100000000100000000011000000,101000100000100110000010000000000011,000000001001001000000100010000111100,000000000010010001011001101100000000,105,2133ms
000010110010000000001010010100000010,100001000000001000010101001010010000,011100000000110110000000000000100001,000000001101000001100000100001001100,96,27637ms
101101101010010000000000000000010000,010010000000101100000100010000100100,000000010000000011010010100110000001,000000000101000000101001001001001010,128,6803ms
011001110001000110000010000000000000,000010000100001001000000011101010000,000100000010110000011000000010000101,100000001000000000100101100000101010,87,23374ms
111000011001000000010000010000100000,000001000010000001001011000100000101,000100000100011000100000101010001000,000010100000100110000100000001010010,157,431ms
001111010000000000110000000000100001,110000000001100000000011010000010100,000000001110010100000100000110000010,000000100000001011001000101001001000,130,543ms
011101101110000000010000000000000000,000000010000010000001000001011010101,100000000001100010100010010000100010,000010000000001101000101100100001000,157,278ms
011100010000010000001010010000001000,100001000010000110000000001100100100,000010101000101001000101000000000010,000000000101000000110000100011010001,52,15058ms
011010011000100010000000000001000100,000101000010001000010010110000001000,000000000000010101101000001100100010,100000100101000000000101000010010001,93,48520ms
111110000000010000000010010000000010,000001100010100101000100000110000000,000000010101000000001000101000001101,000000001000001010110001000001110000,152,1798ms
001000001100100101001100000000100000,000100000000011000100000000011011001,110001010000000000010001010100000010,000010100011000010000010101000000100,157,5387ms
001011001000000010000001010001010000,010100100000100000110000100100000100,000000000111000000001100000010001011,100000010000011101000010001000100000,27,10278ms
101011011010000000001000000000000001,000000000101100001010010100000000110,010100100000000000100101001101000000,000000000000011110000000010010111000,157,109ms
011001011000100010100000000010000000,000010000001010100000000101000011100,100000100000000001011000010001000011,000100000110001000000111000100100000,157,850ms
001111110000000000000010001000000001,000000001101010110100100000000000010,000000000000001001011001000010011100,110000000010100000000000110101100000,93,21998ms
111011101000000000001000000100000000,000100000100000101000011101000000100,000000010001001000000100000010111001,000000000010110010110000010001000010,133,771ms
001001011000001000000110000000010010,000000000011000000100000100101100101,100110100100110010001000000000000000,010000000000000101010001011010001000,177,3973ms
010010100011000011010000001000000000,000000011100001000001000010010010001,100100000000010000000101100000001110,001001000000100100100010000101100000,124,5535ms
000111001000011000000010000000101000,101000010111100000000100000000000010,000000000000000001011001101110000001,010000100000000110100000010001010100,48,14478ms
011011110000000010000001000000010000,100100000110000000101000011000000100,000000001001111001000000000011000010,000000000000000100010110100100101001,79,85747ms
010111001001100000000011000000000000,000000000010001001010000100000011101,000000110100010010100100001000100000,101000000000000100001000010111000010,129,7429ms
011010111000000000001100000000000001,100001000001001000010010000010001100,000100000010100010100000111100000000,000000000100010101000001000001110010,116,12108ms
100010000000011000000100001100001001,000001100010000110110000000010000100,010100000000100000001011100001100000,001000011101000001000000010000010010,92,2979ms
111111111000000000000000000000000000,000000000010001000001000010010011101,000000000101000011110010101000000000,000000000000110100000101000101100010,177,74ms
000111111100000000001001000000000000,011000000010100010000000011001100000,100000000001001101000110000010000010,000000000000010000110000100100011101,126,19774ms
010101100010010000000000000001001001,000000000001100010110100001010000010,001010011000000100000001100000100100,100000000100001001001010010100010000,74,46574ms
101111010000000000000000000001110000,000000000101100000101100110000000001,000000001000010001010010001100001100,010000100010001110000001000010000010,171,2381ms
000110000001001001101000001000000100,110000000000000100000101000010110010,001000000100000010010010100101001000,000001111010110000000000010000000001,72,17559ms
000101001010000000101001000100100000,010010100100100000010100011000000000,100000000001011110000000100001010000,001000010000000001000010000010001111,105,130654ms
110001100000000001100000110010000000,000110010000101000000010001001000001,000000001001000110011000000100110000,001000000110010000000101000000001110,142,222ms
111110001000001000000100000000000010,000000000000010001110010010001100100,000000010001100000001001001110010000,000001100110000110000000100000001001,177,2558ms
110100100010000010000001000100000001,001000000000101100110010001001000000,000011010001010000000100000000101010,000000001100000001001000110010010100,135,4245ms
101110101000000000000000000110000001,000000000101010000001001011000000110,000000010000001100100010100001011000,010001000010100011010100000000100000,177,2979ms
011111111000000000000000000100000000,100000000100110001000001001010000100,000000000001000100110100000001001011,000000000010001010001010110000110000,133,5394ms
100110001101000011000100000000000000,000000100010101000000000000110110001,001001000000010000101011010000000010,010000010000000100010000101001001100,159,114604ms
000110100010000100010000001100100000,100000001000111001000010000000001001,011000010001000000001000110001010000,000001000100000010100101000010000110,94,4953ms
000010111000110000001000001000010000,100101000010001000000101010001000000,001000000100000100010000100100101001,010000000001000011100010000010000110,58,3647ms
110000010010000000000000000110010011,000101000001010100100010001000000100,000010001000001001001100100000101000,001000100100100010010001010001000000,138,14806ms
100010011000010000001000001001000100,010000000011000011000011000000100001,001001100100000100010000110010000000,000100000000101000100100000100011010,122,1230ms
010110000110001100100000000010000000,000000011001100001000000001100000101,101000000000000010011000010000111000,000001100000010000000111100001000010,177,514ms
100001001010000010000001000010000101,011000000000010000001010010100011000,000000010100100100100100001001100000,000110100001001001010000100000000010,105,3877ms
100001011000010000001000110001000000,010000000001000010010110000100100100,001110000000101001000000001000010010,000000100110000100100001000010001001,114,3692ms
111010111000000100000000010000000000,000001000100100000100010100001001001,000000000010001001010101000000010110,000100000001010010001000001110100000,129,8774ms
000011001001100000100001000010000001,110000010000000100001000101001100000,000000100000010010000110010100010100,001100000110001001010000000000001010,30,1761ms
011111011100000000000000001000000000,000000000000010110010010100110000010,100000000011100001001000000001010100,000000100000001000100101010000101001,177,1044ms
001111111000000000000010000000000010,000000000000001000100100011010101100,100000000010000011011001100000010000,010000000101110100000000000101000001,148,16785ms
101000001001010000000011101000000000,000010010000000000100000000110110110,000101100000100001000100010001000001,010000000110001110011000000000001000,102,88219ms
011111101000000010000000100000000000,100000000000011000001010010110000100,000000010001100000100101000001100001,000000000110000101010000001000011010,122,30949ms
000010001000000001101000100000010101,000000000100110100000110001001000010,010001110001001010000000000100001000,101100000010000000010001010010100000,74,38147ms
000111011000000010000000000001110000,001000000100001000010110001000000011,000000100010000101101001010010000000,110000000001110000000000100100001100,74,8900ms
011010100010010010000100000000001000,000101010000000100010001100000000110,100000000001100000100000011000110001,000000001100001001001010000111000000,133,13954ms
111001000011001001000000000000000001,000000000100100000000011010100010110,000100100000010110000100000011100000,000010011000000000111000101000001000,119,79867ms
110001000000001000100110000010000100,000000110010100010000000010000101010,000100000100010100010001001100010000,001010001001000001001000100001000001,145,908ms
111101101000000010000100000000000000,000000010000100101000001110000000110,000010000111001000001000001100001000,000000000000010000110010000011110001,157,192ms
001010101001000000000010000010000101,000100000010000010000001101001001010,010000000100111001011000000100000000,100001010000000100100100010000110000,95,6780ms
010010001100000000010000001000100110,000100000010100000101110010001000000,000000010001001001000001000110011000,101001100000010110000000100000000001,64,26277ms
001011101100110000100000000000000000,100100000000001000001010100000001110,000000000011000010010000011001100001,010000010000000101000101000110010000,92,8136ms
001000010100110000000011000000101000,010010000000001011000100110000010000,000100100011000100101000000000000011,100001001000000000010000001111000100,31,6745ms
000000011000000000000000110100110110,100000100001100001010000001001000001,011100000100010010100000000010001000,000011000010001100001111000000000000,103,93322ms
011010101000001100010000001000000000,100001010000110000000000100100100100,000000000110000000100101010001001001,000100000001000011001010000010010010,120,8757ms
110111100100010000000000000000000001,000000000000000001001001010101110100,000000011000000010100110100010000010,001000000011101100010000001000001000,177,1169ms
001010111100010000100000000001000000,010101000000000011001100010000000001,100000000000100000000010101010100110,000000000011001100010001000100011000,103,36229ms
111101111000000000000000001000000000,000000000000100101100110000101000100,000000000110000010001000100010001011,000010000001011000010001010000110000,142,1576ms
001001001110100000000100000010000001,110010000001000110110000001000000000,000100000000000000001001010101100110,000000110000011001000010100000011000,60,44484ms
100100100000000000100110010000000101,000000011000001000000001101101100000,011000000001000011011000000000011000,000011000110110100000000000010000010,129,12014ms
110011101000000000000000100000000110,000100000000001101100010001001001000,001000010111000010010000010000100000,000000000000110000001101000110010001,157,1587ms
010011110000000001010000000001010000,100000000100101010001100010000100000,001000001000010000100011100100000010,000100000011000100000000001010001101,108,20138ms
110000111000000000010000101000100000,000010000000000110001000010101000101,001001000110100000000010000000011010,000100000001011001100101000010000000,157,1281ms
011011011000000000000001100010000000,100100100101000001001000001000001000,000000000000110110000100010001000110,000000000010001000110010000100110001,67,25539ms
111010010010000010010000000100000000,000101001000010100000011000000011000,000000100000000001100100010011000110,000000000101101000001000101000100001,157,1367ms
001111101100010001000000000000000000,100000010001100100000011000001000100,010000000000001000110100101100100000,000000000010000010001000010010011011,138,8433ms
101011001000000000100000000100001010,000100010000000100010001000011100100,010000100111010000001010001000000000,000000000000101011000100110000010001,157,1451ms
010000000110010000101000010100000010,001100000000000000010110000001111000,100000111000101011000000000000000001,000011000001000100000001101010000100,157,2665ms
001101111000000000100000101000000000,110000000111000000000011000001100000,000000000000001101011100000110000100,000010000000110010000000010000011011,100,10305ms
110111010000000000001000000000001010,000000001100101101100001000001000000,000000000000010010000010110100010101,001000100011000000010100001010100000,157,10832ms
011010001100000000000000101000001100,100100100001010000011010000000000010,000000010000101100100000000100110001,000001000010000011000101010011000000,103,5537ms
101101011000000000001000000000010001,000010000110001100110001000000000100,000000000001100001000000011011001010,010000100000010010000110100100100000,103,22644ms
111101001000100000100000000000100000,000000000100011001010000010011000010,000000110011000100001001000000010100,000010000000000010000110101100001001,144,436ms
111100100000000000001000110000000001,000001010010000100000110000010110000,000010001000011001010000000100001010,000000000101100010100001001001000100,157,1407ms
101001000011100100000101000000000000,000010101000001000001000000110010010,000000010100010010000000011001001100,010100000000000001110010100000100001,102,23430ms
101000101110100000000000000100100000,000000000001000001111110100001000000,010101000000011010000000011000000001,000010010000000100000001000010011110,157,4268ms
010000101000010001001000010001000001,000100000010101000100010001010010000,100001000101000100000100100000001010,001010010000000010010001000100100100,88,4997ms
001101000101000000010100010000010000,010000010000100000101010101000000010,100010001000010101000001000110000000,000000100010001010000000000001101101,143,37600ms
011001111000010000001000000000000010,000010000001000010000010000110100101,100100000010100100010000111000000000,000000000100001001100101000001011000,157,16727ms
111101010000010000000000000001001000,000000100100000000000101110000110010,000010000010100001011010000010000100,000000001001001110100000001100000001,141,1655ms
101110110010000000001000000100000000,010000000001011000000101001001010000,000000000000000011010000100000101111,000001001100100100100010010010000000,136,4344ms
001001010000000001011010000000100001,000100001001100000000100100000011010,010000100100011010000001000011000000,100010000010000100100000011100000100,79,2688ms
101010101000001100000000010000010000,000000000100100011001101000100001000,000101000010010000000010101000100100,010000010001000000110000000011000011,80,10920ms
110000011000100000000000100000001110,000000000001001000101010000010110001,001111000100010001000001000001000000,000000100010000110010100011100000000,174,3449ms
010110111000000000001001000010000000,000000000011110000110010000000001001,100001000100000011000100000000110100,001000000000001100000000111101000010,170,1752ms
011101100001000000010000000110000000,100010000110000111000010000000000100,000000011000010000100100001001101000,000000000000101000001001110000010011,96,19350ms
110111111000000000000000100000000000,000000000101000100110000011100001000,001000000000111010001010000001010000,000000000010000001000101000010100111,162,4228ms
010010000100011000100001000000001001,000000000010000010011100011000100100,100100001000100001000010000111000000,001001110001000100000000100000010010,137,313ms
100011000000100100110000010000000010,001100000000000011001010000000110100,010000100001001000000000101110000001,000000011110010000000101000001001000,146,388ms
010100011100100010000000000000010001,001010000001000100100101001000000010,000000100010001000001000110110000100,100001000000010001010010000001101000,100,18333ms
101000111000010000001110000000000000,000101000010001011000001000000101000,000000000100100100010000000111010100,010010000001000000100000111000000011,127,17155ms
011110001000010000100000000001001000,100001100100000010010100100000100000,000000000010000101001001010000010101,000000010001101000000010001110000010,88,28281ms
111100110000001100000000000001000000,000000001010000001101100011000001000,000010000001010000010010000010010101,000001000100100010000001100100100010,130,7569ms
011111010000100010000000001000000000,000000000001001100100010100000110010,100000101110000000011001000001000000,000000000000010001000100010110001101,177,231ms
100100000010100000000100001001101000,010001100001010000001000010010000010,000010000000000110010001100000010101,001000011100001001100010000100000000,48,1507ms
111110010000100010000000000010000000,000001000001010100000010010001000110,000000000010000001011000001100110001,000000101100001000100101100000001000,163,8051ms
101101111000000000000100000000100000,000000000011000100101000001000010101,010000000100001001000011010010000010,000010000000110010010000100101001000,144,2627ms
001100101000000001100010001000010000,000001010100100000000001010011000001,000010000010011010010100000000100100,110000000001000100001000100100001010,55,4908ms
100010001000101100000010000010000100,000001000110000011001000001000101000,010100100000000000110000010001000011,001000010001010000000101100100010000,144,1790ms
101111001000010000000001000010000000,010000000001000011001110010000000001,000000110000001000110000000001011010,000000000110100100000000101100100100,165,4193ms
101001111000000000010000000000100010,010100000101000011000000000011000100,000000000010010000000011110100010001,000010000000101100101100001000001000,129,21515ms
011111110000000001000000000000000010,000000000001010000101011010100010000,100000000110000100010000100001100001,000000001000101010000100001010001100,177,425ms
000111000001000000001001010001000100,000000100000011100010110000000000011,110000000110000010000000100110001000,001000011000100001100000001000110000,156,345ms
101001001001100000000000101000000001,000100000010000100111010000000001100,010010010100001000000101010100000000,000000100000010011000000000011110010,128,8587ms
110100001100100000000010000010000100,000000100000000000101001110000011001,001011000001010010000000000101100000,000000010010001101010100001000000010,157,732ms
001110101000000010000000001100000100,000001000000010000100000010010110011,110000000110000001001011000000001000,000000010001101100010100100001000000,177,1767ms
101100100001010110000000000000000100,000000001010000001110100000010010010,000001000100100000001000110001001001,010010010000001000000011001100100000,108,11881ms
011001010110010000000100000000010000,100100001000000000011000000010101100,000000100000101011100010010000000010,000010000001000100000001101101000001,83,24002ms
011111100000100000000000000101000000,000000011010000111001000100000001000,000000000101010000000001000010110101,100000000000001000110110011000000010,142,15455ms
100100110000000000000001110100000010,001010001000010110010100000000000001,000000000101001000101000001000101100,010001000010100001000010000011010000,119,19358ms
001001000001010000000100011000000110,110000001010100001000010000000101000,000110000100000100001000000101010001,000000110000001010110001100010000000,63,10055ms
101111110000000000000000000000000011,000000000100011011000010100010000100,010000000001100000100001010001110000,000000001010000100011100001100001000,170,2863ms
110110111000000001000010000000000000,000001000010001010111000000010001000,000000000101000100000001101001100010,001000000000110000000100010100010101,177,1986ms
010001001000000011000000100110100000,001000000100100100100100000001010010,000010110010001000011000010000000001,100100000001010000000011001000001100,75,7276ms
101110100000000110000000000001000010,000000001110010001101000010000001000,010000000000000000010001101100010101,000001010001101000000110000010100000,177,4113ms
001111000000000101000100000001000100,110000101000100010000000011000001000,000000010000011000000011000110100001,000000000111000000111000100000010010,62,5338ms
110100111100000000000010000000100000,001011000000000010001100001100000001,000000000000110101100001000011000010,000000000011001000010000110000011100,127,14255ms
101111000100100100000000000001000000,000000000010010000110101000000110010,000000010001000010000000110100001101,010000101000001001001010001010000000,148,9337ms
110011100000010000010000001010000000,000000001000001100000111010000100001,000000010000000001001000100101001110,001100000111100010100000000000010000,157,5898ms
011100000000000110011000001010000000,000010101000001001000000100100001001,000000010000010000100101000000110110,100001000111100000000010010001000000,64,14279ms
111001111000000000000000000100000010,000110000000010111000010000001001000,000000000001000000100101111000110000,000000000110101000011000000010000101,150,2149ms
100011100001000000111000100000000000,000000000000110001000001011000010011,010100000010001010000110000110000000,001000011100000100000000000001101100,157,4176ms
011001000101010010000000001000000100,000000000010100001100000110001011000,000100101000001000010111000000100000,100010010000000100001000000110000011,80,84671ms
011000100000110000001100100000001000,000011010100000101000001010100000000,000000000001000000110010001001100110,100100001010001010000000000010010001,35,46530ms
001001100000011000001011000000000001,100000001110000110010000000010010000,000100010001000001100100000001100010,010010000000100000000000111100001100,48,7983ms
000011010001000011000100000000010001,000000100010101000001011000001000010,000000001000010000000000110110101100,111100000100000100110000001000000000,0,861ms
000000001101100000011000000001100010,000100010010010111000001000010000000,000001100000001000100100001100011000,111010000000000000000010110000000101,42,7360ms
000000000010100101000010010001110000,110000000000011010010001000100000100,001001000001000000000100001010001011,000110111100000000101000100000000000,0,596ms
100010101000010000001100000001010000,000000010001001100010000010010001100,010000000100000011100000001100000011,001101000010100000000011100000100000,142,676ms
010000001100000000000011000000010111,001101010000000001100000110000001000,100000100011011000000000001100100000,000010000000100110011100000011000000,103,4508ms
111011001000001000000010000000000100,000000010000000000000001111101100010,000100100001110010100000000000010001,000000000110000101011100000010001000,135,4805ms
011100111010001000010000000000000000,000000000001100100000000111000001101,100001000100010001100000000101000010,000010000000000010001111000010110000,157,421ms
101001011100001001000000000000000010,000010000000000110101000010000001101,000000100001010000000100101001110000,010100000010100000010011000110000000,120,5916ms
001101010000001000010100001000001000,000010001110110000001000100100000000,000000000001000001100001010001110100,110000100000000110000010000010000011,65,27459ms
010001110000011000010010000010000000,000110000001000001000100010000111000,000000001000000100100000101100000111,101000000110100010001001000001000000,79,5043ms
001101101011110000000000000000000000,000010010000000001100010000001010110,110000000000001000001101010100000001,000000000100000110010000101010101000,144,2894ms
100111011001000010100000000000000000,010000000010001101000010000010101000,001000000100110000000001101000000101,000000100000000000011100010101010010,177,1013ms
110111101000000000000010000000010000,001000010000010100100100000001100010,000000000110000011011001000000000101,000000000001101000000000111110001000,132,12219ms
101000000000100000001101000010010001,000010000000000110000010110101000010,000100110110010000110000000000100000,010001001001001001000000001000001100,121,2408ms
110110000010000000001010000010010000,000000100101000100010000101001001000,001001000000110000000001010000100110,000000011000001011100100000100000001,119,1091ms
100101101000100010000000000100010000,001000010010000100001000010000100101,000000000100001000000111101001001000,010010000001010001110000000010000010,117,9368ms
010010011100000101000000000000000110,000000100001010000100100100011001000,001101000000101010000000000100010001,100000000010000000011011011000100000,104,15390ms
011101110000000000000010010010000000,100000000000010100001101000001010001,000010001001101000000000000100101010,000000000110000011110000101000000100,116,9684ms
110001010000000000100001110000001000,000000101010010010011000000000000101,001000000000100101000010000111000010,000110000101001000000100001000110000,157,479ms
000011101000000010100000000001001100,110000000010100000001010010000010010,001000010001011001000100000110000000,000100000100000100010001101000100001,87,991ms
001010010100010100100000000000011000,000100101000000001000011010010100000,110001000011100000000100100000000001,000000000000001010011000001101000110,142,2001ms
011010110010000000000000000100000011,000000000100100000011000110010110000,100101001001001001000010000000001000,000000000000010110100101001001000100,157,989ms
011111001010000011000000000000000000,100000000001000100110100101000000100,000000100000100000001001000111110000,000000010100011000000010010000001011,118,4400ms
111111001000000000100000000001000000,000000110100000000000111010000100001,000000000000011010001000101110000010,000000000011100101010000000000011100,177,103ms
110000100100000000000011010100010000,000011000000100001100100001010001000,001100000000010110001000000000100110,000000011011001000010000100001000001,135,335ms
101100110000000000001000000100010100,000000000010000110000001011011001000,000011001100100000100110000000000001,010000000001011001010000100000100010,157,360ms
101110111000000000011000000000000000,000000000000000010100010101101101000,010001000111001000000100010000000010,000000000000110101000001000010010101,177,1742ms
010101111000000000000001000000101000,001000000001101000010010000001010100,100010000100010001100100000100000010,000000000010000110001000111010000001,157,319ms
110110100010000000001000000110000000,000000001100100010000010100000010011,000000010000000001110100010001100100,001001000001011100000001001000001000,177,223ms
101011100010000001001000000100000000,010000010000100010110000100000010100,000000001001000000000011000011001011,000100000100011100000100011000100000,107,6746ms
000011011000100001000000100100000010,000000100110000100101001000010000001,000000000000011010010010011001001000,111100000001000000000100000000110100,16,3387ms
001100111000000010000000001000110000,000000000110010000110100110000001000,100001000001101000000000000110000011,010010000000000101001011000001000100,132,14105ms
111000100000100101001000000010000000,000110000010010000100101000000010001,000000000100001010000000101100101100,000001011001000000010010010001000010,157,1661ms
000010000110111000001000010000000001,010100001000000100000000101010011000,101000110000000001010001000000000110,000001000001000010100110000101100000,115,14313ms
100000010000100010000110001000010100,010001001010000001001000000000101010,001000000100000100110001010001000001,000110100001011000000000100110000000,75,3125ms
111110101000000000000000010000010000,000000000010011100001000101000100001,000001000000100011100011000000001010,000000010101000000010100000111000100,173,430ms
000001010000010100000111001000010000,110000000000000000110000110000101010,001100000101001011000000000010000001,000010101010100000001000000101000100,24,62626ms
111010011001000000100000100000000000,000000100100101000011100000000010100,000001000010000010000011010100000011,000100000000010101000000001011101000,133,2449ms
011011100000000001000000000010010010,000000000000000100101100101100001100,000100001001001000010010010000100001,100000010110110010000001000001000000,85,47597ms
010101001000000000010010000010110000,101000000011000101000001010000001000,000000000100111000000100100001000110,000010110000000010101000001100000001,68,28620ms
010000110001000001000001000001011000,001000001010110000000000111000000100,000111000100000110100000000010000001,100000000000001000011110000100100010,92,21394ms
110100010011000000001001000000100000,000000100000001000100000101000001111,000010001000010010010000010101010000,001001000100100101000110000010000000,136,1916ms
010101101010000000000000100001000010,000000000000111001101000010110000000,101000010100000100000001001000100100,000010000001000010010110000000011001,157,91ms
111000000001010011000000000000010100,000010010000000000001000001111100010,000000100100000100010001110000001001,000101001010101000100110000000000000,106,152956ms
110001110000100001000000000000100010,000000000101000100101010000011001000,000000000010000010010101100100010001,001110001000011000000000011000000100,107,70030ms
100110000000000000100000100110000101,000000011011001000000010000000011010,011001000000100100001100001000100000,000000100100010011010001010001000000,177,2321ms
001001110000000100010100010100000000,000000000111000001000001000010101100,100100000000100010101010000000000011,010010001000011000000000101001010000,121,7990ms
101010010100110000000000000010001000,000000000010000100001100000101100011,010000001001000001000011011000010000,000101100000001010110000100000000100,127,22306ms
111100011000000000000001001001000000,000001000100101011000100000100010000,000000100001000100100000010010001011,000010000010010000011010100000100100,141,2332ms
000000100010000000100101001000010110,011000001001001100001000000110000000,000100010100100000010000010001100001,100011000000010011000010100000001000,24,1126ms
000111100000000000000100000101110000,000000010000100010110010010000000110,011000001001000101000001001000000001,100000000110011000001000100010001000,130,10503ms
111100000100001000010000010000000010,000000001011100000000010100000110100,000001110000000010100101000001001000,000010000000010101001000001110000001,157,185ms
101011110000100000000001000000100000,010000000100000001001000101100001001,000000000011010000010110010000010100,000100001000001110100000000011000010,111,5629ms
111010110000100010000000000001000000,000100001110001000100000010000001100,000000000000000101001010001110000011,000001000001010000010101100000110000,157,3867ms
101111011000001000000100000000000000,010000000001010010000000001011001001,000000000000100001011001000100010110,000000100110000100100010110000100000,143,13688ms
001101001001000010000000010000100010,100000010100110000010100000001010000,000000000010001000001011101010001000,010010100000000101100000000100000101,37,8280ms
101000011001000000000100000110000100,010011000000110001100000101000000000,000100100100000000011010010000100010,000000000010001110000001000001011001,116,63781ms
001010110000100010010000010000000001,000101000010010101001000000100000010,000000001100000000100111000011010000,110000000001001000000000101000101100,67,3250ms
000101111000001000100000000001000001,000010000100000101001000000000111010,111000000011110000000100000010000000,000000000000000010010011111100000100,157,650ms
010110101000110100000000000000100000,001001000001000001110100001000000001,000000010100001000000001010011010100,100000000010000010001010100100001010,90,81996ms
110010101000000010010010000010000000,000001000001000100001101010001100000,001100010100011000100000000000001100,000000000010100001000000101100010011,157,200ms
001111001000000101000010010000000000,010000000001001000000100000101001101,000000100110010010011000000010010000,100000010000100000100001101000100010,102,22751ms
000100010001001000010000000001110100,000010100000000010100010010110001000,110001000010000100000101001000000010,001000001100110001001000100000000001,90,29019ms
110111000000000011000000100000000010,000000001100010000001100001100001001,000000000001000100100011010011000100,001000110010101000010000000000110000,139,9973ms
000100111011000000001000100000000100,000000000000001011100001010001010010,111000000000010100000110001000100000,000011000100100000010000000110001001,121,7800ms
011100001000011000000100001100000000,100001100010100001000001000000101000,000010010100000100101010010010000000,000000000001000010010000100001010111,108,26040ms
010011000000110001011000000000100000,100100100011000000000111000010000000,001000011100000000000000011000010110,000000000000001110100000100101001001,72,6028ms
011100101000010100000010000001000000,000000000000100000011101101000101000,100001010110000000100000010100010000,000010000001001011000000000010000111,157,481ms
001000100000000001110001001010000100,010001011001100000000000000101000010,000000000110010000001100110000010001,100110000000001110000010000000101000,13,23803ms
011000010000001000000100101011000000,000000000001000010101000000100101011,000011101110100001000001000000000000,100100000000010100010010010000010100,105,15964ms
111011110000000000010000000000100000,000000000101100010100000100010000101,000000000010001101001001000001010010,000100001000010000000110011100001000,115,18241ms
011100110000000001010010000000000100,000010000000010100001100000001100011,000000001011001010000001100000011000,100001000100100000100000011110000000,62,4730ms
100110100000000000010100000001011000,011000000100000011000010000100100010,000001000001110100100000110010000000,000000011010001000001001001000000101,136,3402ms
000100101000010000000010100000011010,100001010010001000000100011000000100,010010000100000101101000000010100000,001000000001100010010001000101000001,77,5097ms
001010100001011000000000001000000101,010001010100100010000000100100100000,100100000010000001001000010001011000,000000001000000100110111000010000010,81,6350ms
000011000110011000000000101000010000,100000101001000001001000010100100000,000000010000000110110001000000001011,011100000000100000000110000011000100,26,1744ms
100000000010011000101000000001010001,010001000101100000010100010010000000,000000010000000011000001101000101100,001110101000000100000010000100000010,54,6324ms
110010011000001001000100000000000010,000100000100000010110000100000110100,001000100001000000000001011011001000,000001000010110100001010000100000001,117,3280ms
100011110011001000000000000000010000,001100000000100000011100100000100001,000000001100000100100011000110000100,010000000000010011000000011001001010,136,1408ms
001100110010000000100001000000010001,000010000100100010001000000010001110,100001000000001000010110011100000000,010000001001010101000000100001100000,132,3449ms
100111111000000010000000000010000000,011000000000100100000000101100001001,000000000010011001011101000000010000,000000000101000000100010010001100110,121,19185ms
010011111001100000000000000000000100,100000000100000001100010000000011011,001000000010010010010001000101100000,000100000000001100001100111010000000,109,12451ms
001000111000100000001000000001000101,000011000101001100100001001000000000,100100000010000001000100000100110010,010000000000010010010010110010001000,122,43462ms
100100111000001000000100100000000001,001011000000000100010010001100000100,010000000110000010001001000001100010,000000000001110001100000010010011000,98,14865ms
010111011000010010000000100000000000,100000000111001001001000000100100000,001000000000000000010100001010001111,000000100000100100100011010001010000,114,51110ms
011001001100000100100000000100001000,100000010001101000010010000001000100,000000000010000000001001101010010011,000110100000010011000100010000100000,108,5694ms
100111101000000100000010000000001000,000000000000011010110001001000000011,001000000111100000000100000100100100,010000010000000001001000110011010000,177,1090ms
000010011000101000000100100100000100,000000000000010100110011001000110000,010100100111000011000000000001000000,101001000000000000001000010010001011,74,91098ms
100010010001000000001001100010010000,010000000000000110000010011100100100,000001001110100001000000000001001010,001100100000011000110100000000000001,104,8624ms
000101000001000100000100001110100000,100010010100000000000010100001001100,010000100000110010001000000000010011,001000001010001001110001010000000000,31,12447ms
110010010000000000101100001000010000,001100000100010001000010110000000010,000001101000000100000001000010101001,000000000011101010010000000101000100,136,24676ms
011100011000000000001000000000001011,000000000001000111100101001000010000,100011000100001000010000110100000000,000000100010110000000010000011100100,157,1380ms
110011011000010010000000000000000010,000100100000000000111100110000010000,000000000000100101000010001011100001,001000000111001000000001000100001100,108,162821ms
100000100010100110010001000000000100,001000001100011001000000000011100000,010110000001000000100010000100010001,000001010000000000001100111000001010,177,34915ms
001100011100000100001000000000000110,010010100011000000010000110000001000,000000000000011000100001001101010001,100001000000100011000110000010100000,72,25345ms
010011101000001000000000011000000100,000000000100100010001001000010111000,000100000010010101110000100000000001,101000010001000000000110000101000010,80,31684ms
111101011000011000000000000000000000,000000100100100010101001000000100010,000010000010000000010110001001011000,000000000001000101000000110110000101,127,42144ms
001111011000000000010001000010000000,000000000110100110000000110000000101,010000100000010001000010000001011010,100000000001001000101100001100100000,103,27514ms
100001111000001011001000000000000000,000100000111010000000010101000100000,011000000000000000010001010101011000,000010000000100100100100000010000111,157,5330ms
100001010100000110000010000000010100,010000000001101001101000011000000000,000100001010010000010000100101000010,001010100000000000000101000010101001,104,175091ms
100000110100101000000110100000000000,010010000000010000110000000010001011,000100001011000101001000000100010000,001001000000000010000001011001100100,119,4864ms
100100011010000000000010100100000010,010000000000001000110001001001000101,001000000101010000000000010010111000,000011100000100111001100000000000000,128,28097ms
111111110000000000000000010000000000,000000000010010100110011000001010000,000000000101100010001100000010001100,000000001000001001000000101100100011,166,3429ms
110010001000000001010000000011000001,000001000000010100100011010100100000,001100100011000000001100001000000100,000000010100101010000000100000011010,121,7350ms
110011111010100000000000000000000000,000100000101011000100110000000000100,001000000000000001000001110011001010,000000000000000110011000001100110001,137,862ms
111111100000000000000000001000010000,000000011001010000101000010000000110,000000000100101000010110100100001000,000000000010000111000001000011100001,177,437ms
111010000011000000000001100000100000,000000000000000011001110010101001000,000100111000011100000000000010000001,000001000100100000110000001000010110,143,6820ms
101010110000000101000010100000000000,000100000100001000010001001000100110,010001001001010000101000000010001000,000000000010100010000100010101010001,139,2409ms
111001011000001100000000001000000000,000010100000000000111000110000010010,000100000100100011000000000111000100,000000000011010000000111000000101001,157,17916ms
101101010000010001001000000001000000,000000100101000110000000001000001101,010010000000000000110110010010000010,000000001010101000000001100100110000,157,638ms
100100101000001010000000000000110001,010010000010000100001101000010001000,001000000000100001110010010100000100,000001010101010000000000101001000010,125,2108ms
111011111000000001000000000000000000,000100000000011000100110000101100000,000000000111100100010001011000000000,000000000000000010001000100010011111,157,416ms
010001100000000001000010000001110010,000100010010100000010100100000001001,000010000001010000101001011000000100,101000001100001110000000000110000000,41,26468ms
010111100000000000101000000000101000,101000001100000000010100001001010000,000000000010010100000011100100000011,000000010001101011000000010010000100,117,31035ms
110011010000100000000011001000000000,000000101000010000110000100001101000,001000000011000011000100000100000101,000100000100001100001000010010010010,137,4356ms
110101001010000000000000010000001010,001000100000100000000110100000110001,000010000100001100110001001010000000,000000010001010011001000000101000100,157,2035ms
010001111101000000000000000011000000,100000000000011110000000101000100100,001100000010000001011101000100000000,000010000000100000100010010000011011,119,19403ms
000010010000110000101000010000010010,001101000100001001000100000100000001,010000001011000110000001000001000100,100000100000000000010010101010101000,19,7905ms
100000001000100010000000101100100010,001101000001000000000111000001001000,010000110000010001000000010010010001,000010000110001100111000000000000100,101,8392ms
101010000010000001000100100000011000,000000110101001000000011001000000010,010101001000100010110000000100000000,000000000000010100001000010011100101,150,406ms
100111100000110000001000000001000000,001000000010000001000111111000000000,010000010101000000010000000000101101,000000001000001110100000000110010010,153,17077ms
011000110000000001000000100001000011,100010001000100000010001010100001000,000100000011000010100110000010010000,000001000100011100001000001000100100,81,6354ms
011110110000001000001000000000000001,000001001010000001110010001010000000,000000000001010110000000110100000110,100000000100100000000101000001111000,111,31536ms
011101111000000000000000101000000000,000000000110001100000000010000110011,100000000000110011010001000101000000,000010000001000000101110000010001100,157,1551ms
110001001000000010111000000000000010,000110100110100000000001001000010000,000000010000011001000110000100001001,001000000001000100000000110011100100,135,1881ms
110100110000100000000001000100010000,001010000001011000000100000000001110,000001001000000011011010100010000000,000000000110000100100000011001100001,128,8054ms
100001101001000000000100000000110001,000010010100000000010000110010001010,011000000000101101101001000000000000,000100000010010010000010001101000100,137,6928ms
101001101001000000000000100110000000,000010000100010000101100000001010010,010100010010000111000001000000000001,000000000000101000010010011000101100,144,450ms
100111001000000001000000100000000011,000000010000011000110000010011010000,011000100101100000000111000000000000,000000000010000110001000001100101100,177,1965ms
110101000000000010000011100000100000,001000100000111000000100010000011000,000000010111000100000000001011000010,000010001000000001111000000100000101,144,4657ms
010001010100000000001100000101000001,000000001010001001110010000010001000,001100100000110000000000011000010100,100010000001000110000001100000100010,94,3695ms
110110010000000001100100000010000000,000000101000010010000000000100100111,001000000110001000011010001000010000,000001000001100100000001110001001000,177,1526ms
001000000100000010011000001000110100,010000001000010101000011000010001000,000111100010001000100000100100000000,100000010001100000000100010001000011,114,1526ms
000111110000000000000000000110001010,000000001010001110000010100001000001,101000000000110001010100010000100000,010000000101000000101001001000010100,177,472ms
101101110000000001100000010000000000,010000000100010000001110000011100000,000010001010001010000000100100000011,000000000001100100010001001000011100,157,1036ms
011100100000010000000000000110100010,000000010001100110001010000000000101,100011001000000000010000111001000000,000000000110001001100101000000011000,157,212ms
011101011000100000100000000000001000,000000000000001100000011100111010000,100000000011000010011000010000000011,000010100100010001000100001000100100,157,1682ms
111010100000000100001000000110000000,000001000000010010000101110000000101,000100001010101000010000000001110000,000000010101000001100010001000001010,157,34ms
100010111000000100000000000001000110,001101000100000001000000001110100000,000000000000110000101101010000001001,010000000011001010010010100000010000,75,15144ms
011111000000001010010000000001000000,000000110100100000000001110000101000,100000001001000001001010000110000001,000000000010010100100100001000010110,177,318ms
100101111000001000000000000000010001,010000000000000010110000010011101000,000010000101010000000011000100000110,001000000010100101001100101000000000,150,8476ms
011000101000000010000000000110100001,100011000110000000000000010001001010,000000010000111000011011000000010000,000100000001000101100100101000000100,81,57461ms
101011010000100001000100000010000000,010000000010001000001001000000010111,000100100100000110100010000001100000,000000001001010000010000111100001000,136,536ms
111001001010000000100010000000000001,000110010100000000000000111010010000,000000000000001111011100000001100000,000000100001110000000001000100001110,147,2806ms
000111010000010100010000000000100001,110000000001000001100101000010001000,001000001110101010000000100100000000,000000100000000000001010011001010110,94,28416ms
110111011000000000000100000010000000,000000000011000111100001001001000000,001000100000001000010000110100100100,000000000100110000001010000000011011,177,40ms
010100010001000010000100000010000110,001010100010010101000001000001000000,100001000100100000110010100000010000,000000001000001000001000011100101001,124,40549ms
111100001000100000000000010100000001,000001100001010000000011001010000010,000000010010001111001100000000000100,000010000100000000110000100001111000,157,1816ms
001011110000000000010000000001000011,100000001011000110001000000000110000,010000000100101001100001000100001000,000100000000010000000110111010000100,116,10248ms
110010000000000000000010000001110101,000000110001010110000001000010001000,000000001100001000111100101000000000,001101000010100001000000010100000010,119,87873ms
100011101001001000000000000000011000,000100000010100000010100010110000001,011000010000010111001000000000100000,000000000100000000100011101001000110,134,14329ms
100111010000001000000000000001110000,010000001000100110001010000000001100,001000100110010001000001000100000001,000000000001000000110100111010000010,155,4385ms
111100010001000001010000001000000000,000000100010010100100101000001001000,000000001000000010001000010100110110,000011000100101000000010100010000001,118,9989ms
110001111000001000001100000000000000,000000000000110000000010111110000010,001010000010000010100001000000101100,000100000101000101010000000001010001,144,2489ms
100111000000000000100000100001100010,010000000001010000010101000000010101,001000100010101101001000000000001000,000000011100000010000010011110000000,150,1793ms
100101110100000000001000001000000001,000010000010010100000100010000001110,011000001000100000000011000110100000,000000000001001011110000100001010000,157,126ms
001001101000000010000000010000110001,100010000000000100010001100101000100,000100000111101000000110000010000000,010000010000010001101000001000001010,54,17839ms
001100001000101010000011000000000001,000001000100010000001100110001010000,000010010001000000110000000100100110,110000100010000101000000001010001000,58,10241ms
010000010110001001000011000000001000,100000000000110000010000101110000100,001010000000000010101000010000110001,000101101001000100000100000001000010,74,12787ms
110100000001000011000011001000000000,000000011100000000001000000001100111,001011000000010000010100010010010000,000000100010101100100000100100001000,132,6917ms
011000011010000000000000011010000010,100010000100000100100010100001010000,000101000001100000010101000000100001,000000100000011011001000000100001100,59,4065ms
110110011010000000000000000000011000,001000000001010100011100001100000000,000001000100000011000000100010100110,000000100000101000100011010001000001,177,1266ms
010001000011000000001011000001001000,000010010000100001010000010100100001,101100001000010010000000000010010100,000000100100001100100100101000000010,141,4729ms
001011011000010000100100010000000000,000100000100100011001001000000001010,000000100001001100000010101000100001,110000000010000000010000000111010100,74,4513ms
100010110000000010010100110000000000,010000000000001101100001000001101000,001000000110110000001010001010000000,000101001001000000000000000100010111,119,42850ms
001110110010000100000000001100000000,000001000100010010000001100000010101,100000000000101001110100000000100010,010000001001000000001010010011001000,150,4862ms
111000010000100001000000000000010101,000001000101011000010101000000001000,000110000000000110001000001001100010,000000101010000000100010110110000000,133,10408ms
111101110000000000000000100100000000,000010000010000011000000000011110001,000000000100110100111101000000000000,000000001001001000000010011000001110,157,393ms
010000011000101011000000000010010000,000010100000010100000000001001001101,100101000101000000011100000000100000,001000000010000000100011110100000010,157,5989ms
110101100000101000000000001000010000,000000000100000001010110000100100110,000010010010000100001001100001001000,001000001001010010100000010010000001,106,3202ms
001110100001000011000000000000101000,110000000000001000100001001001000101,000000010000110000001010100110010000,000001001110000100010100010000000010,76,18078ms
101110010100000001010010000000000000,000000000011001000000101100011000100,010001100000000010001000001100010001,000000001000110100100000010000101010,177,872ms
010101110000000000000101100000010000,000000000110111000000010000101001000,000010000000000110110000010000100101,101000001001000001001000001010000010,77,18210ms
110100011011001010000000000000000000,000010000000010100000010100011000101,001000100000100000001101010000001010,000001000100000001110000001100110000,157,1189ms
010110010000001011000000000000100100,100000000000010000011100000101010010,001000101010000100000001010010001000,000001000101100000100010101000000001,87,39837ms
010111000000000010001111000000000000,101000011010100000000000000100110000,000000000001000101000000101011000101,000000100100011000110000010000001010,53,50891ms
100100001000100010000000100110100000,000010000110000100101000001000001001,000001110000001000010101000000000110,011000000001010001000010010001010000,109,2339ms
100011011111000000000000000000001000,000000000000110001001001010010000110,000100000000001000110000101100010001,011000100000000110000110000001100000,130,2906ms
011101001010011000000100000000000000,100000010100000000000010010010110010,000010000001100111000000000100001100,000000100000000000111001101001000001,101,51814ms
100110011001000000000000001110000000,000000000000000101101001100000010110,001001000010010010000010000000101001,010000100100101000010100010001000000,128,5628ms
111100101000000000010100100000000000,000000010010000000000001010111000101,000000000101100011001010000000100010,000011000000011100100000001000011000,143,3045ms
011110101000000000001001000000000001,000001000001110000100000110100100000,000000000010000101010100000010011100,100000010100001010000010001001000010,99,49348ms
001110000000011010110000001000000000,110000110010000100000010000000010001,000001000000100000001100110110100000,000000001101000001000001000001001110,70,39214ms
100111110000000000000000010000001010,001000000111100000100000000010100001,010000000000000010000001101101010100,000000001000011101011110000000000000,177,1198ms
101100001000000010001010000001010000,010000100111001100000100100000000000,000000000000010001110000010100101010,000011010000100000000001001010000101,124,26071ms
000100011001000100000100000010010100,100001000010110000000000001100100001,011010100000000000110010010000001000,000000000100001011001001100001000010,109,44239ms
110000110100000001001010000000010000,000100000000101000010000110010100100,001010001001000110000101000001000000,000001000010010000100000001100001011,133,2782ms
001101011000000000110001000001000000,000000100000110000000000010100101101,110000000001000100000110000010010010,000010000110001011001000101000000000,157,5697ms
010111111000000000000000000000100001,000000000000101100110001100100001000,001000000011010000001100010001010000,100000000100000011000010001010000110,105,137554ms
110000000000001000011000000100100110,000100000000110000100100001001011000,000001111101000001000000100000000001,001010000010000110000011010010000000,131,9483ms
110101111000100000010000000000000000,001000000110000100000010010100110000,000000000001000011101000000001001110,000010000000011000000101101010000001,157,2047ms
101110000000000001100000000100001100,000001101100110000001000000010000001,000000010001001100010010001000010010,010000000010000010000101110001100000,155,515ms
110011000010001000000000000110000001,000000001100000001110000011000011000,000100100001100000000011100000100100,001000010000010110001100000001000010,134,1200ms
100011111000000000000000110000000100,010100000111100100000100000000000010,001000000000010010111001000100010000,000000000000001001000010001011101001,133,13655ms
010010111000000100010000000100001000,001000000100100010001011011000000000,000000000010011000100100000000110101,100101000001000001000000100011000010,74,55948ms
010111101000000011000000000100000000,100000000010100000011000000011001100,000000000101011100100100001000000010,001000010000000000000011110000110001,117,122816ms
100101010100010001000001000100000000,000010100011000000000100100001010100,010000001000000000111000000010100011,001000000000101110000010011000001000,157,253ms
000110010010110000100011000000000000,110000101000001000001100000000100001,000000000101000100010000011110001000,001001000000000011000000100001010110,87,39836ms
001110001000000011000000100000100100,000001010010001000010010001101000000,010000100000010100100100000000001011,100000000101100000001001010010010000,77,2318ms
110010100000001000010000011000000001,001100000000000001101001100010000100,000001010100100010000100000100010010,000000001011010100000010000001101000,132,12166ms
101011101000000000000000000101010000,000000000010000011101000010000101001,000100010000001100010110000010000010,010000000101110000000001101000000100,157,339ms
101010100000000000010000100001000101,000100000010010100001011001000100000,010000010100000001100100010000001010,000001001001101010000000000110010000,144,9478ms
101100000000011000001100100000000100,010010010000000100000001001101000010,000000100000100011010000010000110001,000001001111000000100010000010001000,55,2697ms
001110011000000000010000001100000100,000000100001000000100101100011000001,110000000000101101001000010000010000,000001000110010010000010000000101010,177,2030ms
010100110000000010001001010000000010,000010000111100000000110000000001100,101001000000000100010000000011010001,000000001000011001100000101100100000,144,2747ms
000000010001010010000010001001001100,000100001000001001010000010000100011,000011000000000100100101000110010000,111000100110100000001000100000000000,15,3478ms
001010011000000001000010000100101000,010000000000111000001100001001000100,000000000100000010110001110000010010,100101100011000100000000000010000001,64,53137ms
111111000010000000000000000100000010,000000001001100100000100000000111001,000000110100010000001011000001000100,000000000000001011110000111010000000,177,41ms
111010101001000000100010000000000000,000000010000001010010000001001010011,000101000110000101000000100100000100,000000000000110000001101010010101000,157,189ms
101100111000001001000100000000000000,010000000111000000010011010000000010,000010000000000010100000000101110101,000001000000110100001000101010001000,142,2071ms
001010001001100100100100000000000001,000100010100000000010010100000100110,110001000000000011001000000010011000,000000100010011000000001011101000000,132,2584ms
000101110100000010001001000000000100,000000000001100001010110100000010010,000010001000011000000000001111000001,111000000010000100100000010000101000,59,6368ms
000010101000101000000000100010001010,000000010001000010110000001001010001,001101000000000001000111000100100000,110000000110010100001000010000000100,71,6088ms
010010110000001000100000110000001000,000100000010000011000000000001100111,000001001101110100010000000000010000,101000000000000000001111001110000000,78,181590ms
111010001000001001000000000000100001,000000100000100000010010010011010100,000001000111010100000101000000000010,000100010000000010101000101100001000,157,2349ms
111000101000010100000000000000000110,000101010110001000000001000001010000,000000000001000011010100101100100000,000010000000100000101010010010001001,114,48470ms
101100011010000000000100000000010010,000011000000011100000001000011100000,010000100101000001011000000100001000,000000000000100010100010111000000101,157,61ms
010100111100010000000000001000000010,000001000000000100100000110010110001,000000000010101011001100000100000100,101010000001000000010011000001001000,70,24649ms
100101000000000010000101010001000001,010000101000010100000010000110100000,001000010011100000100000001000010010,000010000100001001011000100000001100,95,3374ms
000110001100100000000000100001010010,000000000010000101111100001000001000,100000000001011000000010010100100001,011001110000000010000001000010000100,110,39146ms
000110011001000001000001100000000001,010001000000010100001100000001100010,000000100100001000110000001100010100,101000000010100010000010010010001000,95,1465ms
101000110010000000010000101001000000,010001000100100110000010000000010010,000110001000001000000101010000100100,000000000001010001101000000110001001,107,27490ms
010110100000000101010000000000000110,001001001100100010000100001000001000,100000000011000000001001000011010001,000000010000011000100010110100100000,125,21075ms
001110111000000010000100000100000000,000001000101000000001010110000001001,010000000010010000000001001010110010,100000000000101101110000000001000100,93,11213ms
101011111000000000100000000000000010,000000000100001011000100110011000000,010100000001010000011010000000100100,000000000010100100000001001100011001,157,84ms
110100101000000000010010010000010000,000001000100100010101000101000000100,000010010001011001000100000010000001,001000000010000100000001000101101010,129,19866ms
001100100010001000000000010000011010,010001000000010100100001100001000100,000000000101100001010100000110100000,100010011000000010001010001000000001,60,16362ms
010010010010010100000001000000001100,001101001000000000010100011100000000,100000100100001010100010000010100000,000000000001100001001000100001010011,105,63110ms
011110000000101001000000000001001000,100000001010010010000111001000000000,000000110101000000101000010010000001,000001000000000100010000100100110110,130,66659ms
111001010000010100000001000000000010,000110000000100001111000000000100100,000000000110000000000110110010001001,000000101001001010000000001101010000,142,1377ms
101110001000000000000101000000000110,000000110000001101100010010010000000,000000000101110000011000100000110000,010001000010000010000000001101001001,136,26436ms
110010110000001000001000100000001000,001100000000000010010000000001110011,000001001000010101100101010000000000,000000000111100000000010001110000100,157,56987ms
101010001001000010101000000000010000,000000010000001100000011001011001000,010001100100000001000100000100100100,000100000010110000010000110000000011,157,166ms
000010100111000000000101010001000000,111001000000000000001000000010011001,000100001000100101100010100000000100,000000010000011010010000001100100010,14,9927ms
100101100000010000000000010010001010,000000000000101000001001000101010101,000010000010000100110110101000000000,011000011101000011000000000000100000,90,184984ms
111000110001001100001000000000000000,000000000000000010010100010101011100,000000001010110001000001001000100010,000111000100000000100010100010000001,128,18869ms
111110110000000000000001000010000000,000000001000101100100000011000110000,000000000001000001001110100000001101,000001000110010010010000000101000010,145,11031ms
100110110000000010000100000001010000,000001001000110000100001000010001001,001000000101001101000000100000100010,010000000010000000011010011100000100,177,3937ms
111001110000000000000100001000010000,000010000010110010011000000001001000,000100000101000100100000110000000011,000000001000001001000011000110100100,157,326ms
000100110001000000011010010000000010,010010000010010000100000001001000101,100001000100001010000101100000010000,001000001000100101000000000110101000,91,42896ms
111111010000001000000000000000000001,000000001100000000000110111001010000,000000000000110011100000000100101100,000000100011000100011001000010000010,177,438ms
100011010000100010000100001000001000,010000100010010100111010000000000000,000100000001000001000001010110010010,001000001100001000000000100001100101,84,55324ms
010011011000100000000100000011000000,001100000110000100101000000100000100,000000100001010011000011010000001000,100000000000001000010000101000110011,52,8981ms
011011000001000011010010000000000000,000100010100010000100001000100000110,000000000000001100001000101001101001,100000101010100000000100010010010000,61,13518ms
100011001011000000000101000100000000,000100000100110000000000010000001111,011000010000001001110010000010000000,000000100000000110001000101001110000,153,955ms
011001100001000001001001000000010000,000000001110000100110000100100001000,000100010000010010000010011001100000,100010000000101000000100000010000111,45,5111ms
101111111000000000000000000000010000,010000000000111000001011010000000100,000000000000000100110100100111001000,000000000111000011000000001000100011,177,628ms
100101011001000000001100000100000000,010000100010000000000001010001110001,001010000100001000100000101010001000,000000000000110111010010000000000110,130,755ms
010011010100000001000001000010100000,001000001010100100000110000000001100,000000000001011000101000011000000011,100100100000000010010000100101010000,73,15483ms
000001101101101000000000000000001001,000110000000000011010000001001010100,001000010000010000001100110000100010,110000000010000100100011000110000000,49,2880ms
101010011101010000000000000010000000,010000100010000000001101010100000100,000101000000001011100000100000101000,000000000000100100010010001001010011,129,7016ms
001000011000001001001000001100100000,000100100000010010100000100000000111,110011000100100100000000000010001000,000000000011000000010111010001010000,157,367ms
100001110000000000111000000110000000,001010001101110000000000101000000000,010100000000000110000010010001010100,000000000010001001000101000000101011,157,3109ms
111110111000000001000000000000000000,000001000001000000011000100010100011,000000000100100000000101011101010000,000000000010011110100010000000001100,177,424ms
010001101001100010000000010000000010,101100000000000000000100101100001100,000000010010000100011001000001110000,000010000100011001100010000010000001,41,13784ms
001000110100001000000001010010001000,100001000001000110000010100100010000,000010000010100001000000000001100111,010100001000010000111100001000000000,26,51397ms
101100010000010000000100010000110000,000010000000101001001001100010000100,010000001110000010110010000000000010,000001100001000100000000001101001001,157,841ms
010100100110010000100000000011000000,000010000001001000010010001100000101,000001010000100010001101100000010000,101000001000000101000000010000101010,76,4352ms
110110110000000000100010000000010000,000001000101110010000000100000100001,001000000010000101010101010000001000,000000001000001000001000001111000110,177,879ms
011011001000100100100000000100000000,000100000101000001010111000000001000,100000000010011000001000110000010100,000000110000000010000000001011100011,157,444ms
000000101000011000001000010000001110,000010000000000011010110000010110000,100001000111000100100001000000000001,011100010000100000000000101101000000,72,4109ms
110001011000100000100001000000000100,001000100110000010010010000000010010,000110000000011001000000010010101000,000000000001000100001100101101000001,147,5636ms
110111110000000000000000000001000001,001000000010110100110000100000010000,000000001100000011000100010010001010,000000000001001000001011001100100100,153,3095ms
000101100010101000010010000000100000,001000000100000001000000110110000011,100000001001000000001001001001011000,010010010000010110100100000000000100,81,18253ms
101000100101100011000000000000001000,010000010000010000010100010001000011,000001001000000100001001100100110000,000110000010001000100010001010000100,139,12236ms
110101110010000000000000000000100010,000000001000110000010011011010000000,000000000101000110001000000101001001,001010000000001001100100100000010100,157,1056ms
000100000100000011000011010100100000,000001100001000000010000000001011101,011000010000101000101000000010000010,100010001010010100000100101000000000,91,34003ms
111111101000000000000000000000000100,000000010010010000100000100101101000,000000000100100110010001010010000010,000000000001001001001110001000010001,156,3497ms
011101010000000000100000000010011000,000010001111100000000000100101000000,100000000000001010010110001000000101,000000100000010101001001010000100010,152,1564ms
000101011001000000010010000010000100,001010000010110000000100010100000001,010000100100001010000001000000011010,100000000000000101101000101001100000,63,6511ms
010110110000000010001000000001000100,001001001010001100000010000000000011,000000000000100001100100110100011000,100000000101010000010001001010100000,89,94687ms
100000111100000000010000101010000000,000110000000000101000110010001000010,010000000001011000001000000000110101,001001000010100010100001000100001000,116,2158ms
101010111000000000000110000000000010,000001000000011001100000000001011100,010100000101100010000000100010000001,000000000010000100011001011100100000,157,1962ms
100100010000010110100001000000000010,010000000100100000000010010111001000,001000101010000000011000001000100100,000011000001001001000100100000010001,128,2420ms
011001101001000000100001000100000000,000000000110011011000100001000010000,000010000000000000000000110010101111,100100010000100100011010000001000000,95,14087ms
001011100000001000000001000100000011,000100001110110001000000110000000000,010000010000000010100010000000111100,100000000001000100011100001011000000,91,59876ms
110001101110000000000001000000010000,000110000001011001010000100000000001,000000010000100000100100000010101110,001000000000000110001010011101000000,136,4326ms
000011100001100000001001100000001000,101000000110000000000010011010010000,010100010000000101010100000001000001,000000001000011010100000000100100110,53,3377ms
111101000000000001000100000100100000,000000100010000100101010000010001010,000000011100011000000001011000000001,000010000001100010010000100001010100,152,591ms
010110001000000010000000011001000100,100000100100010000010010000100000011,000001000001001100101100000010001000,001000010010100001000001100000110000,88,2674ms
010101010000001100000000000001000110,000000000000110010010000101100011000,001000101011000000001100010010000000,100010000100000001100011000000100001,82,27433ms
111011010000110001000000000000000000,000000100010000010100010010110000001,000000000001000000011001000001111100,000100001100001100000100101000000010,126,26729ms
000101010000000000010001100100010100,110000101000000001100000000001101000,000000000001101010001110001000000001,001010000110010100000000010010000010,13,10275ms
101101001000000000011001010000000000,000000000101100010100100000110000001,010010100010010000000000000000101110,000000010000001101000010101001010000,157,1881ms
100101001000000101000010011000000000,001000100110100000000100000001010100,010010010000001000000000100110000011,000000000001010010111001000000101000,145,16676ms
001111100000000010000001000011000000,000000000010010000011010011000001001,000000010000001101100100000000110100,110000001101100000000000100100000010,78,11622ms
010011001000100001000100000010000010,100000110000011000000001000100101000,000000000111000000100010010001010001,001100000000000110011000101000000100,82,14455ms
010000100000001010010000010100011000,000100000100000100101110000000000110,100000010011110000000001000000100001,001011001000000001000000101011000000,84,4181ms
000110101000000010000100001010000100,000000010110000100010010000000011001,010000000001001001101000000100100010,101001000000110000000001110001000000,94,3053ms
000100100100100001000000010001010001,100001000001001010000000100000101100,001010001010010000001001001010000000,010000010000000100110110000100000010,49,16987ms
101111101000000000000000000000110000,000000000100110000010111010100000000,010000000001000010100000101001000011,000000010010001101001000000010001100,164,1924ms
011011010001000010000100100000000000,100000000000011100110001000010000100,000100001000100000001010010101000001,000000100110000001000000001000111010,80,35163ms
010010101010000010000100100000000010,001000000000011100001001000101000100,000000010101000000000000001010111001,100101000000100001110010010000000000,62,55967ms
111000111000000000100000000000100001,000100000001000010001100001111000000,000000000010011101000001110000000100,000011000100100000010010000000011010,130,1092ms
011110010000100001000000010000010000,000000101101001000100100000100000010,000000000000000110001011000011001100,100001000010010000010000101000100001,77,18244ms
000011110010010000000100010000000100,100000000000100100000010100100111000,011000001000000011100001000010000010,000100000101001000011000001001000001,85,8274ms
110000001010100001010000100000000001,000000110000000010100011010010001000,001100000001010000001000000100110010,000011000100001100000100001001000100,157,2593ms
111011011000000000010000000000000100,000000100000001010100000010001110001,000100000101100000000110001010000010,000000000010010101001001100100001000,151,3938ms
001011010000010001000100000000001001,010100001000000010010001010000100100,000000000001101000100010001001010010,100000100110000100001000100110000000,27,5302ms
111001101000000000000000000010010001,000000000000111001100000011001100000,000010010001000110010101100000000000,000100000110000000001010000100001110,143,3392ms
100000101000010000110100000001010000,000000000010001001001000101010100010,011110010001000000000000000100001001,000001000100100110000011010000000100,177,536ms
001101100000000001000000111001000000,000000000110101010010001000000001001,100000001000000100001010000010010110,010010010001010000100100000100100000,93,12489ms
000001000000001101000001100010100010,000110001001010000100100000100000100,001000110110100010001010000000000000,110000000000000000010000011001011001,34,23450ms
001110010000100000000100000100001001,100000100100000010010000000000110110,000000001001010100100011110000000000,010001000010001001001000001011000000,94,17890ms
100001000000000011011000000010000110,001000110101100000000000010000101000,000000001000001100100100100001010001,010110000010010000000011001100000000,56,1235ms
010100000001100000000001000110101000,100010001000010010110010100000000000,000001010000000101000100010000010110,001000100110001000001000001001000001,14,5621ms
011000000010000010001000000011001001,000010100000100001000000111000010100,100100011100001000000000000100100010,000001000001010100110111000000000000,157,6747ms
100000011000001000001110000000001010,001000000010110010000000001000110001,000011100000000100000001010101000100,010100000101000001110000100010000000,91,8359ms
001010000110100000101000010010000000,000100000001000001010001001001010010,100000100000011110000100100000000100,010001011000000000000010000100101001,82,38118ms
001011000100001011000000100000001000,100000010000100100000111000000000101,000100101000000000100000000111110000,010000000011010000011000011000000010,102,9708ms
001101110000000010001000000100001000,000010000011001000100101101000000000,000000001100100001000010000011000110,110000000000010100010000010000110001,77,34069ms
010100001001000000100010110000000010,000000000010000100010001000100110101,001001100100010010001100001000000000,100010010000101001000000000011001000,101,204838ms
111110011000000000001000000000000001,000000000000011001010100100001000110,000001100001100010100000001000101000,000000000110000100000011010110010000,167,3439ms
001011111000000000000000000001001100,110000000100001010001000011010000000,000100000001110001010011100000000000,000000000010000100100100000100110011,71,91568ms
000110110010100000000000000010001100,000000000000010100010111100001100000,000001000101000001001000001100010010,111000001000001010100000010000000001,81,21969ms
111001100000000000110000101000000000,000110000000101011000100000001000010,000000001100000000001010010010110001,000000010011010100000001000100001100,157,320ms
100110101000000100010100000010000000,001000010001010010100000010000000110,000000000110100001001001000001110000,010001000000001000000010101100001001,117,17581ms
100001100101100001100000001000000000,000000010000011000011110000000100100,011110001010000000000000000010011000,000000000000000110000001110101000011,177,951ms
111110100000000000000000000010001010,000000001101000100000101100100000100,000000000010101011010000010000110000,000001010000010000101010001001000001,163,3929ms
100010100011000000010000000001010010,000000010100010010100100100100000100,001001001000000000001011010000001001,010100000000101101000000001010100000,111,6571ms
001100010000001110100000100001000000,000011001100010000000001000010110000,010000100000100001010010000100001010,100000000011000000001100011000000101,70,6442ms
011110100000000000000000001000100110,000001000000000011100001110001001000,000000010110001100010100000010010000,100000001001110000001010000100000001,100,18054ms
011110011000000000001001000000100000,000001100000000001110000100110000001,000000000010010000000110011000011100,100000000101101110000000000001000010,94,158532ms
110101101000001000000110000000000000,001000010001000000111001000001000001,000000000010010110000000110010010010,000010000100100001000000001100101100,105,40438ms
110011001010000100000000000010000010,000000100000000000110001001001101001,001000010101001010000010000000010100,000100000000110001001100110100000000,157,7601ms
000110111000000000001000000101100000,001000000001100000000011000010011010,100001000110001100100000001000000100,010000000000010011010100110000000001,177,1756ms
110010111001000000100000000001000000,000101000010101000001000010000000110,001000000000010110000000001100111000,000000000100000001010111100010000001,157,634ms
101001100000100000000100000011001000,000100000101000101010010001000000010,010000000010001010100000100000010101,000010011000010000001001010100100000,128,6010ms
010110011000011010000000000000001000,000000100010000100000110011000000110,100000000001100000100001000110110000,001001000100000001011000100001000001,177,2011ms
011000001010000000010100001100000010,100001000101001100001000000010000100,000010010000110010000010100001010000,000100100000000001100001010000101001,70,9784ms
110111001000000000010000001001000000,001000000100000100001000110010100010,000000100001101010100100000100000001,000000010010010001000011000000011100,177,82ms
000001011000101001100010000000000100,010100000100010100000000000111010000,000000000010000010010001111000001010,101010100001000000001100000000100001,0,5018ms
000011111000000000000010010100010000,111000000000000001100000000000101011,000100000000111100010100000011000000,000000000111000010001001101000000100,63,10816ms
001100000000001100001000010100100100,000011001000000011100001000001010000,010000010011100000000010100000001010,100000100100010000010100001010000001,50,627ms
101011000000000000110000000010001100,000000110001001000001000001000110001,010100000010010110000100100000000010,000000001100100001000011010101000000,157,338ms
000100001010000100001001101000000010,010001000000000010100010000010100101,100000010000100001010100010100010000,001010100101011000000000000001001000,65,32359ms
101101100001000000000100100100000000,010010000100100010010000001000101000,000000001000000100101011000000010011,000000010010011001000000010011000100,139,903ms
011000111000000000000010011000010000,000100000010000010100001000101100001,100000000000110001001100000010001100,000011000101001100010000100000000010,140,18393ms
010000111001010010000000100100000000,001000000010101000010000010000101001,100100000100000001001101001001000000,000011000000000100100010000010010110,143,2186ms
101000010000001000101000101000000100,000000100011000010000110000100100010,010011000100000001000001000001001001,000100001000110100010000010010010000,157,1528ms
111011000000100000000000001000001100,000000010100000000110011000101000010,000100000001001011001100100000010000,000000101010010100000000010010100001,110,11354ms
101101000000000001100001000000010001,000000101000011010000010010001100000,010010000011000100010000100100000010,000000010100100000001100001010001100,154,204ms
101110011000000000000100000010010000,000000100000001100001001110000000011,010000000010100010110000001100100000,000001000101010001000010000001001100,177,87ms
111101100000000001000000000000001010,000000000000010010110010010101000001,000010000011000000001001000010110100,000000011100101100000100101000000000,144,16383ms
001001111010000000000100000001010000,010010000100000010000001101000001001,100100000001110000001000000100100010,000000000000001101110010010010000100,124,3945ms
101001010110001000000001001000000000,000000100000100000110110100000000011,000100001001010010000000010100101000,010010000000000101001000000011010100,143,5937ms
011011111000000000000000000000001001,100000000010100000101010000010100010,000100000101000001010000011000010100,000000000000011110000101100101000000,93,109676ms
111111011000010000000000000000000000,000000000000101010011101000010000010,000000000001000100100010001100110001,000000100110000001000000110001001100,157,2019ms
110110001000000000001010000001010000,000000100101100011010000000000100010,001000010010000000000101011100000001,000001000000011100100000100010001100,170,430ms
000111101001000000001000010001000000,110000000110001100000000100100100000,001000010000000011100011001010000000,000000000000110000010100000000011111,74,10838ms
000000110000110000001110001100000000,100100000010001000010000100001000011,011001001001000000000001000010010100,000010000100000111100000010000101000,89,7003ms
010011100000100000010000011000000100,100000001101000000000101000100010010,000000010000001011101000000011001000,001100000010010100000010100000100001,71,4042ms
011110111000000000000010001000000000,000000000100001010000100100101100100,000001000011110100101001000000000000,100000000000000001010000010010011011,130,32869ms
111011100000001010000000000010000000,000100000100100100001000000001011010,000000011000000001100100100100000101,000000000011010000010011011000100000,157,1823ms
001000101100000000000001000001111000,100000000011000001001000000110000101,010101000000100110100100100000000000,000010010000011000010010011000000010,111,26087ms
000001100000101010000111000010000000,110100011000000000001000001000010100,001000000010000101010000000001001011,000010000101010000100000110100100000,0,2004ms
100110010000000000000010001101010000,001001001100110001000000000000000110,010000000000000100100101000010101001,000000100011001010011000110000000000,162,123290ms
111100111000000000000000000100100000,000000000000010110100000110000001110,000011000110000000001100000010010001,000000000001101001010011001001000000,157,32ms
