001110111110001000000000000000000000,000001000000110000001000111001000001,100000000001000010100001000100100110,010000000000000101010110000010011000,177,1124ms
101010100001000100010010000001000000,000001001010101000000000110000001100,000000010000000011000001000110110001,010100000100010000101100001000000010,99,11041ms
011111011000000000000000000000101000,000000000100001100010010001101010000,100000100000100011001000100000000101,000000000011010000100101010010000010,165,2875ms
100100000101000000110110100000000000,000000010010010100000000010000001111,001001100000100001001001001100000000,010010001000001010000000000011110000,132,29741ms
111000111000000100000000000000110000,000011000000000000110000000110001110,000000000000011000001110110001000001,000100000111100011000001001000000000,112,239688ms
011101010000110000000000000010100000,100000000100000100100000001100010101,000010000000001010011011100000000010,000000101011000001000100010001001000,74,18990ms
110000110000000000000000011010000101,000011000001001000010110100000010000,001100001010000001100000000001100010,000000000100110110001001000100001000,157,2047ms
110100110000000000000101000000010010,000001000001011010010000100000100100,000010000010100001101000000101001000,001000001100000100000010011010000001,157,259ms
010011010000000000100010001001100000,000100001011000000000001000010010011,100000000100001111000100010000001000,001000100000110000011000100100000100,132,14128ms
100000101000000000000100100101101000,010000010100101010000000001010010000,000111000001000100010001010000000010,001000000010010001101010000000000101,131,10382ms
001011011100000100000000000011000000,000100000001100000010000101000100101,010000100000011000001011000100001000,100000000010000011100100010000010010,114,4889ms
010010001000100010000101000010000010,001100000101000000000010111000000100,000001100000011101001000000000001001,100000010010000000110000000101110000,38,3473ms
010101000000000000000100001011010100,000000010000000000011011010100100001,101000001110000101000000100000001000,000010100001111010100000000000000010,152,34359ms
101111111000000000000100000000000000,000000000001011001000000101011100000,010000000000100110010000010000001011,000000000110000000101011000100010100,172,2046ms
010101111000000000000000000010001001,001000000000100000100111100001100000,000000000111001001010000001000010100,100010000000010110001000010100000010,90,22961ms
000010010000001100101010000100100000,000001101000010000010001100001000001,110100000111100000000000010000001000,001000000000000011000100001010010110,157,427ms
111111001000000000000000000100010000,000000010000000101110000100011000010,000000100111011000001001000000000001,000000000000100010000110011000101100,177,84ms
000100001000000110001110000100010000,001001000000101001000000100010000101,100000100001010000100000011000001010,010010010110000000010001000001100000,71,957ms
101011001000000100000001010000000001,010000110110000000101000000100000010,000100000000010001000000101011011000,000000000001101010010110000000100100,84,14135ms
011011101000100010001000000000000000,100100010010010000000011000000100001,000000000001000101010000101010010100,000000000100001000100100010101001010,58,107375ms
000000001001000010011010101000001000,001001100000110000000101000010000100,000110000010000101000000010100000011,110000010100001000100000000001110000,20,1457ms
110010110000100001000000010100000000,000001001100010000100100100000101000,001100000001001010000001001001000010,000000000010000100011010000010010101,133,559ms
011001001000010000000001000000011100,000010000110000110000000010011100000,000000010000101001110100001000000010,100100100001000000001010100100000001,64,10932ms
110010011010000000000000010000011000,001001100000000100011000000001100010,000100000100001011100100001000000100,000000000001110000000011100110000001,128,18204ms
001010001000000101000110011000000000,110000000000001000110001000110010000,000101010101010010000000100000000100,000000100010100000001000000001101011,89,65884ms
001101001000010100101000000000000010,000000000011000000010000110100110001,110010010100000001000001000001001000,000000100000101010000110001010000100,151,1494ms
001101000010000100000000011100001000,000000100101110001110000000010000000,010000011000000000000100100001000111,100010000000001010001011000000110000,93,18451ms
000111000010010000110000000000001001,001000110001000100001010010100000000,010000000100101001000101100000000010,100000001000000010000000001011110100,76,7664ms
111100100100000001000000000000100001,000001000001001010010001000001001010,000000001000110000000110101100010000,000010010010000100101000010010000100,144,1852ms
010100000000001000000111100110000000,101010100010000100001000000000100001,000001011000100011010000000000001010,000000000101010000100000011001010100,44,3141ms
101111000100100000010000000000001000,010000010000010101000100011000000100,000000101001001010101000000000010001,000000000010000000000011100111100010,150,5443ms
110110111000000001000000000000000100,001000000000001100110001110000100000,000001000110010000000010001010011000,000000000001100010001100000101000011,177,992ms
100111100000001000001000000100010000,010000000101110010110000000000100000,000000011010000001000010101000001001,001000000000000100000101010011000110,136,3628ms
000010111010000000000100010011000000,010100000001001010011000100000100000,101000000100100100000000000100000111,000001000000010001100011001000011000,157,974ms
100111010000010100100000000000010000,000000101100000010000000001001101100,001000000010001000001101100010000001,010000000001100001010010010100000010,139,1553ms
001001010000110000100000000100100001,000100000110001000000101010001000100,010000000001000100010010100010011000,100010101000000011001000001000000010,78,5758ms
110111101000000000100000010000000000,000000000111010101000000000000110001,000000010000101000000100000111001010,001000000000000010011011101000000100,177,2461ms
100010011100011000000000010000001000,000100100000100000011000001011000001,001000000010000001100001000100110010,010001000001000110000110100000000100,143,4034ms
111010000100000010010000000000100001,000000001000000000101100110011000100,000000100000110100000011000100010010,000101010011001001000000001000001000,136,21180ms
000110000011000010000010011000000001,000000001000100101000100000110100100,110001000000000000011001100001000010,001000110100011000100000000000011000,120,30245ms
111111111000000000000000000000000000,000000000110001100000001001100010010,000000000000000010110110000010101001,000000000001110001001000110001000100,177,75ms
100010111100000000000001000010000100,000000000000001000011100110101010000,010000000011010101000010001000001000,001101000000100010100000000000100011,123,7998ms
011100010010011000000000001000001000,000010000000000010001011110101000000,100000100100100100010100000000000101,000001001001000001100000000010110010,157,1415ms
000111110010100000100000000100000000,000000000001000001001110100010000110,010000001100000000010000010001111000,101000000000011110000001001000000001,118,2455ms
001010100011010000100001000001000000,100000001000100010011010010000000100,010101000100000001000000101100000010,000000010000001100000100000010111001,116,5379ms
011111001000000001000000110000000000,000000000011011100001100000001010000,000000110100000010000001000010001101,100000000000100000110010001100100010,122,6773ms
110010001101100000010000000000010000,001000110010011000001100000000100000,000000000000000001100001110101001001,000101000000000110000010001010000110,142,6592ms
001111010001001000010000000000100000,000000100110110001000001000101000000,110000000000000010000010100010001101,000000001000000100101100011000010010,177,418ms
111010010001100001000000000000010000,000001000100010000011011001000000001,000000001010000100000100000101100110,000100100000001010100000110010001000,146,4257ms
110010100000001100000000000110000010,001100011001010000001000000001000100,000001000110000010100000101000110000,000000000000100001010111010000001001,137,2851ms
100111110000000010000010000010000000,000000000001000000100001101101010001,011000000110001000000100010000101000,000000001000110101011000000000000110,164,287ms
001001111000000000000100000100100001,010000000011000000100000100001011100,000110000000010001011001000010000010,100000000100101110000010011000000000,94,35059ms
101110011001000000010000000000000010,000000100000101001000000011001100100,010001000110000000000111000010000001,000000000000010110101000100100011000,177,201ms
011111111000000000000000010000000000,000000000000100100100001100010000111,000000000000001011011100000001110000,100000000111010000000010001100001000,120,92794ms
011100001100000000001000000000100011,000000000011000100010001101010000100,000001000000101001100010000101010000,100010110000010010000100010000001000,111,9869ms
000100101010000001000001000100000011,010001010000010010000100010000001100,001010000000101100111010000000000000,100000000101000000000000101011110000,63,19399ms
101101000100100001000110000000000000,000000100011010110001000000100000010,000010001000000000110001100011100000,010000010000001000000000011000011101,157,8717ms
101001101000001000001100000000001000,000010000001000101100000010010000110,010100000100100010010000100000010001,000000010010010000000011001101100000,130,1845ms
001000011001000000000010011100010000,110000100110000101000000000001001000,000010000000011000010101100010000100,000101000000100010101000000000100011,37,1989ms
001000000001010010001010101000010000,010100100000101000100100000100100000,100001000110000000010001010001001000,000010011000000101000000000010000111,87,11578ms
011111010100000000000110000000000000,000000100001000000011000000110111000,000000001010101001000001010000000110,100000000000010110100000101001000001,106,4635ms
001011101000001000010000001000010000,000000010010010000000010000111100010,010100000001100110000000110000000001,100000000100000001101101000000001100,60,15128ms
001001011000001000000000001000010110,000110000000110110010000000100100000,010000000100000000000110110011001000,100000100011000001101001000000000001,76,7298ms
111011000000010000000101000000000100,000000010100101010100000000100000011,000100000001000101011000000010110000,000000101010000000000010111001001000,125,1515ms
110101111000001000000000000001000000,001000000000010100100000001100011010,000010000011100001000010010010000001,000000000100000010011101100000100100,126,4633ms
010111100010001000000001000000001000,101000000000000101001100010100100000,000000011000010010110000001001000001,000000000101100000000010100010010110,99,13861ms
111001010010000000000000000001010100,000000100001101011100001010000000000,000010001100010100001000000000101010,000100000000000000010110101110000001,139,15407ms
101111110010000000000010000000000000,000000000001010010101100000101000100,000000001100000000010001011010000011,010000000000101101000000100000111000,156,590ms
100001110000000000000001011000100100,010110000110000100000000100100001000,001000000001001000111100000011000000,000000001000110011000010000000010011,93,15287ms
101011110000000000000001000000000101,000100000110010010000000000110101000,010000000001100100000100111000010000,000000001000001001111010000001000010,119,10345ms
101101101000000000100001100000000000,010000010001000000001010000011011000,000010000100010101010100010000000001,000000000010101010000000001100100110,136,8172ms
000110111000100000000100001000100000,100001000001000101101010100000000000,001000000110000000010001010000010110,010000000000011010000000000111001001,68,52046ms
111110000001010000000000010000010000,000000011100000110101001000001000000,000000100010000001000000001110001101,000001000000101000010110100000100010,177,2489ms
101101111010000000000000000001000000,000000000000000010001101111010000010,000010000001101100100000000100010100,010000000100010001010010000000101001,157,82ms
100100110001000010001001000000010000,011000000000000001000010001100000111,000010001100101000100000010000101000,000001000010010100010100100011000000,100,3849ms
101111101000001000000001000000000000,000000010100100001000000001001111000,000000000010010110011100010010000000,010000000001000000100010100100000111,152,3842ms
110000100110000000010000100000010010,000000001000101010100101000000101000,000100000000010001001010010010000101,001011010001000100000000001101000000,97,1145ms
010010010001010000000001010001000100,000001101000100000000010000110010001,100100000100000011110000000000001010,001000000010001100001100101000100000,129,10562ms
101000011000000000000000111110000000,000100000101001000111100000000100000,010011100000100000000000000000001111,000000000010010111000011000001010000,157,633ms
100100111000001000000100000000001010,011001000010000001001000100100100000,000000000101110000000001000001010101,000010000000000110110010011010000000,100,8130ms
110101001010001000010000000000000100,000000100100100000000001011110001000,000000000000010101100100000001010011,001010010001000010001010100000100000,121,23722ms
101111011000000110000000000000000000,000000000100010000000111101001000010,010000100001001000100000000010010101,000000000010100001011000010100101000,172,687ms
111011011000000000001000010000000000,000000000110000100110000100101100000,000000000000101001000101001010001010,000100100001010010000010000000010101,119,10255ms
011100110000000100010010000001000000,100001000010000000101100100010001000,000010000100101011000000000100010100,000000001001010000000001011000100011,109,7485ms
110001101000000000010000011000000001,000000010010010101100001000000100010,001110000001001000000100000101001000,000000000100100010001010100010010100,177,442ms
001010011001110000000010100000000000,000001000000000000101100000110000111,000100100010000011000001001000101000,110000000100001100010000010001010000,43,13298ms
110111011000000000000000001000000001,000000000110001100001001010011000000,000000100000010011110000000000111000,001000000001100000000110100100000110,177,183ms
101001100010001000000000001000000110,000100010001000011101000010001000000,010010001100010000000010100100100000,000000000000100100010101000010011001,142,3974ms
000001011000011010001000000100000010,110000100110000000000000011000110000,001000000001100001110001100001000000,000110000000000100000110000010001101,51,4864ms
000101111010000000100000000001001000,001000000101100000010101010100000000,100000000000011010000000100010000111,010010000000000101001010001000110000,110,2141ms
010010110000000110001000110000000000,000001000000001000100101000000111001,000100001110010001010000000001000100,101000000001100000000010001110000010,91,16178ms
111001101000000100000000001000100000,000100000001010001111010010000000000,000000010110000000000000100101011010,000010000000101010000101000010000101,157,4462ms
001000010100000101000001100001000100,100000000000100000010010010000101011,000000101000010010001100001100010000,010111000011001000100000000010000000,32,2815ms
110111110000100000010000000000000000,001000000000010100000101100101001000,000000001111001010000000001010000001,000000000000000001101010010000110110,177,409ms
011110000011000001000000010000000010,000001100000111100000101000001000000,000000001100000000011000100000110101,100000010000000010100010001110001000,109,12321ms
101001000010000100010000011000001000,000110000001010000001000000001000111,000000000000100011100100100100110000,010000111100001000000011000010000000,105,28837ms
010000100000010001010101000000000011,000110000000001010001000010000011100,001000000100100100100000100101100000,100001011011000000000010001010000000,93,521ms
000110001000101001000100000001000100,011000100000010000000010100010001001,100001000010000110011000001000100000,000000010101000000100001010100010010,75,11152ms
000010100000111000000100000000010011,100000000010000011000001000110001100,011101000101000000010000011000000000,000000011000000100101010100001100000,95,33962ms
001100110000000000100001001001100000,000000001010111000000110000010010000,010000000101000010011000100000000101,100011000000000101000000010100001010,90,11073ms
001101111000000001000000000000100010,000000000000011000100011100000011100,110010000000000000010000011110000001,000000000111100110001100000001000000,157,487ms
010000010000001100000000000110101100,001110101100000000000001100000000010,000001000001000001100100011001010000,100000000010110010011010000000000001,45,19361ms
100110001001000000000110100010000000,000000010000001101101001010001000000,000000100000110010000000001000110101,011001000110000000010000000100001010,91,14668ms
110111001000000100100000000000000100,000000000010100000001110010001101000,000000110001000010010000100000010011,001000000100011001000001001110000000,163,730ms
110101100000000000000010100100100000,001000000001000011100000001010000011,000000001100101000000100010001010100,000010010010010100011001000000001000,129,5906ms
000101000011001000100000000000101100,000010000100000000010101011000010010,100000100000100101000010100010000001,011000011000010010001000000101000000,77,4330ms
101001010001000000000010110010000000,000110100000000010000100000001011100,000000001010101100000001000000100011,010000000100010001111000001100000000,69,14226ms
111000000001000000001000010110000001,000001000110000001010000100000101100,000110110000000010000101001000010000,000000001000111100100010000001000010,163,843ms
101001110001010100000001000000000000,000000001000100001001100110000100010,010110000000001000000010001111000000,000000000110000010110000000000011101,177,757ms
001100100000010001000110010000100000,100010000111100100000000001000001000,000001001000000000010000100110010110,010000010000001010101001000001000001,59,81715ms
111010101000000010001000000010000000,000000010111001000000101010000000010,000101000000000101010000001000011001,000000000000110000100010100101100100,130,1714ms
100101010001000000010001100100000000,010010101000001010100000000010000010,000000000000110101000110001000001100,001000000110000000001000010001110001,82,4463ms
001111101000000001001000001000000000,100000000001010000010100110101000000,010000010000001100000001000010010110,000000000110100010100010000000101001,108,26543ms
000111010000000000010001001000000110,101000000110001100000010000100100000,010000000001110001000100010001000001,000000101000000010101000100010011000,57,10300ms
011000000100000001000001101001000100,100000101000100010011000000100100000,000111000010000100100000010000001010,000000010001011000000110000010010001,90,433ms
111100111000000000100000000000000100,000010000101000010010000000011000011,000001000000110001001101110000000000,000000000010001100000010001100111000,157,896ms
111111101100000000000000000000000000,000000000011110001111000000000000100,000000000000001010000010011110011000,000000010000000100000101100001100011,177,82ms
011011011000000000000100000000010001,000000000000001101011010001011000000,000100100000100010000000100000101110,100000000111010000100001010100000000,74,42507ms
001110011000000000100001100000000010,000000000000010001011100010110010000,100001000101100110000000000001001000,010000100010001000000010001000100101,153,22711ms
001001001010001000101010000100000000,000000000100000100010000111010100001,100110000001010001000100000001000100,010000110000100010000001000000011010,146,9755ms
000010001001100100010010001000000010,100100010010000000000000100011010001,001001100000000010001000010100101000,010000000100011001100101000000000100,53,19353ms
100101111100000000000100000000100000,000010000010010011000001010010010000,010000000000000100001010100101001001,001000000001101000110000001000000110,157,61ms
010100100000101110000010010000000000,100010001001000000010000000101000011,000000000010000001101001001000011100,001001010100010000000100100010100000,55,14599ms
011001111000000100000010000000000100,100000000111100000100000100100100000,000100000000001010000001001010010011,000010000000010001011100010001001000,64,11571ms
111000101000000000001010100000001000,000000000011010000000001001101100100,000011000100101010100000010000010000,000100010000000101010100000010000011,157,2311ms
110001111000000110000000000000000100,001000000000000000111010000110100001,000100000110001000000100110001010000,000010000001110001000001001000001010,146,2205ms
001000110000000010000001110000001001,010100000000001001010100000000010110,000011001101110000001000000100000000,100000000010000100100010001011100000,59,9699ms
010001100000000010100010000001001001,000000001000110000000001111000100010,100100010110001101000000000010000000,001010000001000000011100000100010100,157,1192ms
000011110000100000000010101000000001,001000000000001000000100010101101100,100100000101000100010001000010000010,010000001010010011101000000000010000,105,23435ms
000110110000010000110101000000000000,100000000001100000001000000101010011,000001000110001010000000101000100100,011000001000000101000010010010001000,82,18131ms
011101100100000001000001000001000000,100000001000011000010100010000010010,000000010000000100100010100010001101,000010000011100010001000001100100000,98,8973ms
101000010000000100010000010000011001,010010100111000000000001100010000000,000000001000010001000010001001100110,000101000000101010101100000100000000,67,3845ms
111011101010000000010000000000000000,000000000101001000001010000000101101,000100010000000111100100000011000000,000000000000110000000001111100010010,157,70ms
010000011001100100000001010001000000,000000100100010001100000001010001001,001011000010001000010100100000000100,100100000000000010001010000100110010,56,11698ms
101011000101000000010010000010000000,000000101000010100100000001001010001,010000000010000011000100000100001110,000100010000101000001001110000100000,157,565ms
100100101000010000011000000100100000,010011000010000000000100100011000001,000000000101001010100011010000000100,001000010000100101000000001000011010,117,10202ms
011000011000001000000000001001001001,000000000001000100010111000010010010,000100000010000001101000110100000100,100011100100110010000000000000100000,67,53181ms
011010100010010000100010100000000000,000100001001001000000001010010110000,100001010000100000001000000000001111,000000000100000111010100001101000000,150,3528ms
100001011100000100010000000000001010,010010000001001010000100000010010001,000100000000110001101000100101000000,001000100010000000000011011000100100,139,752ms
100111001000000010000000010001001000,011000100001111000001000001000000000,000000000010000001110101000000100110,000000010100000100000010100110010001,125,39914ms
101100101000010000101000000000010000,010000010000001000000100001110001010,000000000001000101000010100001100101,000011000110100010010001010000000000,86,124384ms
011010010100001000000100100000000001,000000000000110010101010000001110000,000100000011000101010001000010000100,100001101000000000000000011100001010,64,24155ms
011100100000100000000100100010000010,100010011000000100000010001000101000,000001000000010010010001000101000101,000000000111001001101000010000010000,74,15225ms
001110001000001000000100001000110000,000000000011000011000010110001001000,010001000100010100001001000010000010,100000110000100000110000000100000101,87,4695ms
100010100010111000100010000000000000,010000011000000000001000000010100111,000000000001000101000101101101000000,001101000100000010010000010000011000,88,22499ms
000110100010010100000000000001000011,001000001100001001000001000010101000,110000000001100000010100010100010000,000001010000000010101010101000000100,139,39854ms
110111100000100001000000000000000001,000000010010011010100000100100010000,001000000100000000011010010010001010,000000001001000100000101001001100100,164,1938ms
111001100000011000100000000000010000,000010000000000000010100100101101010,000100001001100001001000011000000100,000000010110000110000011000010000001,123,11272ms
010110101000000010000001010000000100,000000010111000001000100001010001000,000001000000010100000010100101000011,101000000000101000111000000000110000,102,4203ms
110011010000100010000001001000000000,000000101001010001010100100000000001,000100000100001000000000000110110110,001000000010000100101010010001001000,157,5933ms
010001000000000100110000110010000010,101000001011100010000000000000011000,000100100000011000000110001100000001,000010010100000001001001000001100100,41,8800ms
110110001001000000110000100000000000,000000100000101100000100000011001010,000001000010000011000010001100000101,001000010100010000001001010000110000,170,1567ms
100111111100000000000000000000100000,001000000010000011100100000010000110,010000000000110100000001010100011000,000000000001001000011010101001000001,177,57ms
000000101000001000000101000100001011,011001010010000001100000100000100000,100110000000110100001000011000000000,000000000101000010010010000011010100,90,47966ms
000101011001000000000010010010000010,000010000110011110000100000000001000,010000000000100001110000000001110100,101000100000000000001001101100000001,67,20765ms
111011111000000001000000000000000000,000000000001000100100000111001100010,000000000000010010011101000010010001,000100000110101000000010000100001100,143,1743ms
001101100100100010010000000000001000,000000001000011000100001100011000010,010010000000000000001010001100010101,100000010011000101000100010000100000,105,20625ms
111010110001000001000000000000000001,000100001100001010000010000100001100,000001000000010000001101101000100010,000000000010100100110000010011010000,114,29390ms
111010001000100000100000000001010000,000100000000011010001000010000101001,000001110010000000000000101110000010,000000000101000101010111000000000100,157,48ms
011010011000000100000000000010100100,100100000111001001001000000000001000,000001000000110000110001110100000000,000000100000000010000110001001010011,98,42795ms
110010000010010010000000000100001100,000100000101000000011010000001110000,000000101000100101000101010010000000,001001010000001000100000101000000011,102,5129ms
100000111110100000010000000100000000,000101000000000100000110100010000110,010010000001001011001000010000100000,001000000000010000100001001001011001,157,1501ms
011011010000101000000010000010000000,000100001100000100011000011000000001,100000000000010001100100100000101100,000000100011000010000001000101010010,143,23754ms
011011001001000100000000000100100000,000000110000101010000000100010001100,000100000110000000111010000001000001,100000000000010001000101011000010010,124,10295ms
111101100001010000000000000000000001,000000010000001001010001000101011000,000010000000000100100100110010100100,000000001110100010001010001000000010,146,1771ms
111110101000000000100001000000000000,000000000001010100000000001100001111,000000000100100001001110100010100000,000001010010001010010000010001010000,173,582ms
000110010000001000010001001000110000,000000000011000100101100000011000001,001001100000100010000000100000001110,110000001100010001000010010100000000,35,3264ms
011111000010001000000000100001000000,000000101100000000110011010000000100,100000010000100001001000000100110001,000000000001010110000100001010001010,177,2487ms
100111101000001010000010000000000000,001000000000100001000001010110000101,000000000110000100101100101001000000,010000010001010000010000000000111010,152,6918ms
101010010000111000000010000000010000,010000000111000100011000000000001010,000100101000000010100001000110000100,000001000000000001000100111001100001,146,1546ms
000111111000000010100000000000001000,100000000000010100000110110000100010,001000000101100000010000000111010000,010000000010001001001001001000000101,109,2768ms
110011101000000000000010000001000100,000100000101000000000100000110101010,000000000000101100111000010000010001,001000010010010011000001101000000000,157,39453ms
011001110010000000010000100000010000,000010000100000101100010011000000001,100100000000011000001001000000101100,000000001001100010000100000111000010,139,7429ms
010000001011001010010000000000010100,000010100000000000101001101100000010,100100000100100101000000010001001000,001001010000010000000110000010100001,80,78282ms
111110100000000000000001000000010001,000000000001010100010000011110100000,000001001110000010001110000000000100,000000010000101001100000100001001010,177,947ms
110010101000001000000001001000000100,000100000000000100100000000010111011,001000010101000011001000010100000000,000001000010110000010110100001000000,150,2800ms
110000010000110100101000000000000001,001111000010000000000000100011100000,000000001001001000010001011000001100,000000100100000011000110000100010010,71,5264ms
010110000000001001000000001001010001,001000010100010110000001100010000000,100001000001100000111000000000100100,000000101010000000000110010100001010,141,1844ms
100101101100000100010000000000001000,001000000011110010100010100000000000,000010010000001001000101000001000011,010000000000000000001000011110110100,115,37931ms
101011010001000100001000000010000000,000100000100001001100000100101010000,000000001010100010010010000000001011,010000100000010000000101011000100100,94,5163ms
000100110110000000000101000001001000,100000000000001000110000011010100100,011010001001000000000010000100010010,000001000000110111001000100000000001,94,20472ms
110011100010000010000100000000001000,001000000001101000101000000100110000,000000010100000100010000111000000011,000100001000010001000011000011000100,123,779ms
111001000000000000000010001000101100,000110000000010110110000010000000001,000000110010000000001101000101010000,000000001101101001000000100010000010,129,11030ms
100011100000000011000000000001000011,000000000101100000000100110000101100,011100010000001100000001000110000000,000000001010010000111010001000010000,157,502ms
110100100000110000000100100000000010,001001000001000010100001000001100001,000010010100000000010010011000010100,000000001010001101001000000110001000,127,2148ms
001011001010001000100000000001000001,000100000001100101001010000000011000,010000000100000010000000111010100010,100000110000010000010101000100000100,94,2691ms
000000011001010000011000001100000010,000110100010001010000000110000010000,111001000000000000000011000011100000,000000000100100101100100000000001101,146,3194ms
110010010000001001000001101000000000,000001001001000010000010000101001001,001100000110010000100100000010000010,000000100000100100011000010000110100,157,1145ms
011110111000000000000001000001000000,000001000001001010010000001000100101,100000000010100100000010100010001010,000000000100010001101100010100010000,166,9083ms
010110100100000001000001000000101000,000000000001101100010100100000010001,100000010000010010001000001001000110,001001001010000000100010010110000000,133,10759ms
010100111000000000000001010000001100,000000000001001110100000001100010010,000010000000110000011010100001000001,101001000110000001000100000010100000,54,11249ms
011110110000000010000010100000000000,000000000000111100000101010010000010,000001000111000000011000001100010000,100000001000000001100000000001101101,129,6412ms
010100011001000000010100000010000001,101000000100000110001000011001000000,000000100000100000100010100100101100,000011000010011001000001000000010010,76,13238ms
111100010100010001000000000000000100,000000000000000010101000011100010011,000001000001100100010110000010001000,000010101010001000000001100001100000,140,4664ms
001111000000000100010000010100010000,110000000000000001100111100000100000,000000010000101010000000001010001011,000000101111010000001000000001000100,77,11751ms
010100010000100001000000000011000110,001010001001001000000100110000000001,000001100110000000010011001000010000,100000000000010110101000000100101000,74,36900ms
000000000000000011000111011001010000,000000101110000000010000000100001110,001010010000111000000000100010100000,110101000001000100101000000000000001,0,415ms
101001011000000010001000000000001010,000000000011010000000101101001000100,010110000100000100100010000010000001,000000100000101001010000010100110000,164,1320ms
010110110011000000000000010000000100,001000001000100000010011001010001000,000000000100001110100000000001110010,100001000000010001001100100100000001,100,28371ms
011000100000100000000101000000001011,000100011100001000011000000010010000,000011000011010010000000000101000100,100000000000000101100010111000100000,94,7000ms
011010101000000000100000001001010000,000001010001000100010000110100100000,000100000110001011000101000000001000,100000000000110000001010000010000111,79,33831ms
101100010000010100010000001000000100,010010000000001001000000110001100010,000001000101000010000010000100011001,000000101010100000101101000010000000,125,7764ms
100111000100001000010000000000000011,000000101000010100001000110010100000,001000000001000010100110000100011000,010000010010100001000001001001000100,172,307ms
100101000100100010000110010000000000,010010010011000100000000000000011010,001000101000010000010000001001000101,000000000000001001101001100110100000,101,80893ms
000000100001011000000001010001000110,000110001010000000001000000100101001,001000010000000110010110100000010000,110001000100100001100000001010000000,0,337ms
011000110000010000010000010010000001,100000000100101001000010001100001000,000010001010000000001101000001010010,000101000001000110100000100000100100,52,7967ms
101010011010000000010000000010000010,010001000000000010100010001001100001,000100100001100101000001000000001100,000000000100011000001100110100010000,102,15248ms
010011101000100000000001000000000110,000100000100001100000010101000010001,100000000011000001110100010100000000,001000010000010010001000000011101000,157,1022ms
100110000001000001000010001001000010,000001011110000010100100000100000000,010000100000111000001000100010100000,001000000000000100010001010000011101,99,4350ms
001100111100000000100000000010100000,000011000001000101000000010001011000,010000000000010000011110100100000100,100000000010101010000001001000000011,113,10651ms
000011001010000001000100000001100100,000100110101000100000010000000011000,001000000000100000010000111110000010,110000000000011010101001000000000001,21,10990ms
011000010000001000001000010111000000,000000000110110110000001000000110000,000101100001000000100000000000001111,100010001000000001010110101000000000,91,96488ms
100000100000100000010000010110011000,011001001110000000000001000001000010,000110000000010101001100100000000100,000000010001001010100010001000100001,98,8010ms
010001001000010000000000011010010100,000000100110001000000010100100000011,000010000001100010100101000001001000,101100010000000101011000000000100000,36,4744ms
101101011010100000100000000000000000,010010000000000011010000010001010001,000000100000010000001100101010101000,000000000101001100000011000100000110,112,15701ms
010001101001001000000000001100000100,001010000000100001000000000001111001,000100000110010000110110010000000000,100000010000000110001001100010000010,101,135290ms
011100111000000000000010001000100000,100001000111010000001000100010000000,000010000000101000100000010001011010,000000000000000111010101000100000101,105,11616ms
101000111000001000100000000100000001,010000000001100001010001001001000100,000000000000000110001000110010101010,000111000110010000000110000000010000,129,8305ms
011000111010010000000000100000000010,000010000101100000000110010100000100,000001000000000000011001000011101001,100100000000001111100000001000010000,57,25782ms
000011111100010000000000001000001000,010100000000000000001100000100110110,001000000001000001100011010011000000,100000000010101110010000100000000001,61,58790ms
011001010010001000000101001000000000,100000000100000000100000010000111101,000010100001010001001010000101000000,000100001000100110010000100010000010,78,5019ms
110101010000101000000000000100000001,001000000010010010001010000000011010,000010001100000100110000100010000100,000000100001000001000101011001100000,157,62ms
000011101100011000000010000000000010,001100010000000110110000001000010000,100000000010000001001000100111000001,010000000001100000000101010000101100,125,9042ms
010000101010000010101000000001000010,000010000000011000010011000100011000,101101000000100101000000010000000100,000000010101000000000100101010100001,136,2117ms
100100010001000010000000101000001001,000001000100100001100101010000000100,001010100010000100011000000001000010,010000001000011000000010000110110000,72,9746ms
100110100100000000000010010000100001,000000001000001001100001101010010000,010001010010000010011000000100000100,001000000001110100000100000001001010,161,461ms
101110001100000000000110000000000010,010000000000010100001001000101011000,000000100011001000000000111000000101,000001010000100011110000000010100000,132,539ms
000100000000110000100001010001001010,001001000110000100010000001000010100,000010000001001010001110000010100000,110000111000000001000000100100000001,0,404ms
111111010000000001000000000000000001,000000101000001010000001000010011010,000000000110010100000010110001100000,000000000001100000111100001100000100,177,2053ms
011101111000000010000000000000000001,000010000010010000011001001011000000,000000000100001001100100000000011110,100000000001100100000010110100100000,101,49420ms
000101001010010010000000100101000000,101010100000000100000000000010110100,000000010100100001010101010000000001,010000000001001000101010001000001010,40,27649ms
011011111010000000001000000000000000,100000000000001001100000101001001001,000000000100010100010101000000100110,000100000001100010000010010110010000,106,30670ms
000111100000000001000000000011001001,000000010101000000000111011000100000,110000001010001100010000100000010000,001000000000110010101000000100000110,155,11102ms
011001100000010000000100100100000010,100000010100000000010001010010010100,000000001001001011100000001001000001,000110000010100100001010000000101000,85,2623ms
001101101010000100000000100010000000,010000010101010001100101000000000000,000000000000101010000010001001010110,100010000000000000011000010100101001,44,132857ms
111100110000010010010000000000000000,000000001000101001001001000100101000,000000000101000000100100000010010111,000011000010000100000010111001000000,157,562ms
011000001010001000100011000010000000,100100010101100000000000000001010001,000000000000010111000100101100000100,000011100000000000011000010000101010,52,86129ms
010111110000000100000100000000000100,000000001101000000100000101010000011,100000000000100001000001010101110000,001000000010011010011010000000001000,177,1089ms
100011010100000000001000011000001000,001000001001011000000100000000000111,000000100000000100110001000111100000,010100000010100011000010100000010000,142,1467ms
011010111100000000100000001000000000,100000000000011011010000000100010001,000001000010100100001000110001100000,000100000001000000000111000010001110,110,3820ms
100110110100001001000000000000000010,000000001000000100110101000010001100,011000000010100000000010001001010001,000001000001010010001000110100100000,170,1212ms
100011110100000000100000000100010000,000000001001100000011000101000100001,011100000000001000000000010001001110,000000000010010111000111000010000000,157,32ms
100001100000000001010111000000010000,011000001100000000101000010000101000,000000000010010010000000100110000111,000110010001101100000000001001000000,76,25477ms
001010101101000000000010000000100100,000000010010101000001001101001000000,110100000000010101010000010100000000,000001000000000010100100000010011011,157,1150ms
011000101000001000000010001000101000,000111000010100000001000000001010010,000000010101000001100100100010000100,100000000000010110010001010100000001,76,16583ms
011111100010000000000000100000010000,000000000100011011100000010101000000,000000011000100000001111001010000000,100000000001000100010000000000101111,75,10022ms
000100111000000100100010010000100000,100010000111010010000100000000000100,010000000000100000010000101101010010,001001000000001001001001000010001001,86,17928ms
010111111000001100000000000000000000,100000000001000010100010001000110001,001000000000000000011000100101001110,000000000110110001000101010010000000,136,47895ms
000100011100100000000001010000110000,001001000000000101010100001110000000,010010100001000010001010000001000100,100000000010011000100000100000001011,42,725ms
000001111000010000000000101010000100,000110000000000010001101000001100001,000000000011100100110010000000010010,111000000100001001000000010100001000,36,6304ms
010010111000000101000000000010100000,000100000011000000100000010001010110,100001000000010010010001100100001000,001000000100101000001110001000000001,143,2671ms
100110101000100000100000010000000100,010000010010000100001000000010011010,001001000001001001010100001001000000,000000000100010010000011100100100001,127,38770ms
010101001000010010000001000001001000,000000000001001001101100000010000011,000000010000100100000000111100010100,101010100110000000010010000000100000,52,4816ms
001010110000010000010000100010000010,010100000001000011000011000001100000,000000001100001000000100010100011100,100001000010100100101000001000000001,58,5359ms
011110101000000010000000000001000100,000001000100001001100011001000000010,000000000010010100001100100000110001,100000010001100000010000010110001000,91,70837ms
000011000001000000110000010011010000,001000000000100110000110100000000011,010000101010001000000000001100100100,100100010100010001001001000000001000,85,4064ms
000110101000010000111000000000001000,001000000000001010000110000001110010,110000010111000100000000010000000100,000001000000100001000001101110000001,177,355ms
110100101000010100000010000010000000,000001000011100010000100000000010101,001000000100000001101001001001100000,000010010000001000010000110100001010,157,536ms
001111011000000001000000000101000000,000000000000011100101010001000000011,010000100011000000010001100000010100,100000000100100010000100010010101000,116,21730ms
010010101010010000100000001000000010,000100000001000100010110100000001100,001000010100001010000001000101010000,100001000000100001001000010010100001,113,2211ms
101000110010000000011000001001000000,000001000000100000000111100000011100,010010001001001001000000000100100010,000100000100010110100000010010000001,157,1089ms
010001011100000000100001100000100000,101000000000010011000000000101001001,000110000010000000011100001000000110,000000100001101100000010010010010000,106,14843ms
110000111001000000000000010000101000,001010000100010000100001000100000011,000000000010101011010010000001010000,000101000000000100001100101010000100,108,14830ms
001000111001001000000010100000100000,110000000000010011010100000110000000,000100000110000000101001000001001010,000011000000100100000000011000010101,74,408ms
111101111000000000000000000010000000,000000000100101100000100001000111000,000000000011000000101010000101000110,000010000000010011010001110000000001,157,93ms
001110000000000000101100001100100000,000001010101110100010000000010000000,010000000010001011000011000000001100,100000101000000000000000110001010011,109,84967ms
110110010010000000000010000000000011,000001000100101110000000000000110100,001000000001010000011101000011000000,000000101000000001100000111100001000,153,5007ms
100010101100000100000010001000010000,010100000001100011100001100000000000,000001000000011000010000000010101110,001000010010000000001100010101000001,79,51022ms
100110010001001000001000000000100010,000000101000000010000011001101000100,010000000010110001100000010000011000,001001000100000100010100100010000001,136,2279ms
101011011000000001001000000000001000,000000000100000010000010101001010011,010000000011010000110001000110000000,000100100000101100000100010000100100,157,53ms
101011100000001101000001000000000000,000100000010000000110000001000111001,000000001101000000001000100111000100,010000010000110010000110010000000010,157,2403ms
111110001000000000001011000000000000,000001000010100101100100000000010010,000000000001011000010000110000101001,000000110100000010000000001111000100,166,2756ms
111001011000011000000000000000000010,000010000000000100100100101001000101,000000100011000001000011010100001000,000100000100100010011000000010110000,146,2194ms
101110000010100001000101000000000000,000000010000010000001010000111110000,000001101000001000110000001000001100,010000000101000110000000110000000011,160,2088ms
100110111000001000010000010000000000,000000000100000000000110101101000110,011000000010010001001000000000101001,000001000001100110100001000010010000,163,1172ms
100100011000000000100010000000110001,001010000000101111000000001010000000,000001000001000000010101100001000110,010000100110010000001000010100001000,117,5711ms
110111111100000000000000000000000000,000000000001000101010010110000100100,001000000010001010001000001100011000,000000000000110000100101000011000011,177,58ms
011011110000000100000000000000110000,000000001000000011001000100100001101,100000000110100000110011001000000000,000100000001011000000100010011000010,157,1670ms
101000100000001000000010101010100000,010011000010100100000000000001000110,000000000101000001100100000100011001,000100011000010010011001010000000000,105,139846ms
110110110000000100001000000000001000,000000000001110001000010010010100010,000000000010000000000101001101010101,001001001100001010110000100000000000,139,168990ms
101111001010101000000000000000000000,000000000001010101001010100000010001,010000000100000000110000011010001010,000000110000000010000101000101100100,177,434ms
111011010000000100000010100000000000,000000101000001001100101010000001000,000100000011110010001000000001010000,000000000100000000010000001110100111,157,3273ms
111110110000100000000000000010000000,000000000010000100001001001100110001,000001001101001010000010000001001000,000000000000010001110100110000000110,177,476ms
010001110001000000000010000100100010,100000000010001010000001100000011001,000110001100000001110000010010000000,001000000000110100001100001001000100,132,1796ms
100110011010000001000100000010000000,000000000001100000011010101000011000,011000100100000110100000000100100000,000001000000011000000001010001000111,177,25ms
011110100000100000010001100000000000,000001000111000001001000001100000001,100000000000011000100000010011010010,000000011000000110000110000000101100,177,1206ms
101010000000000000010001111000010000,000100001010001011000000000001000011,010000000001100000001110000100101000,000001110100010100100000000010000100,110,42179ms
110011001000000110100000000010000000,001100010000000000000111000100110000,000000100100100000011000101000000110,000000000011011001000000010001001001,126,34073ms
101110101000100000000000010000000100,010001000000000011010010100000010001,000000000011010000000001000111101000,000000010100001100101100001000000010,160,19273ms
111101011100000000000000000010000000,000000000010010011110010000000001001,000000100000100100000000011000110110,000010000001001000001101100101000000,142,352ms
011110001100000000000010000010000010,000000000001100000100101011000100100,100001100000011110000000000101000000,000000010010000001011000100000011001,177,48ms
001001101000010111000000010000000000,100000010100001000101000000000010011,000010000000100000010110100001101000,010100000011000000000001001110000100,47,14484ms
101010111000000000000010001010000000,000100000100100000010101000100010001,000001000000000011001000110001001100,010000000011011100100000000000100010,103,1521ms
001111110000100000000000000001000010,010000000001010011011000000000101000,100000000010001100100001000010000101,000000001100000000000110111100010000,164,1223ms
111101010000000000000100100000010000,000000001011001000101010001000000001,000010100000110100010000000101001000,000000000100000011000001010010100110,157,453ms
000001010011010100000010000011000000,011000000100000000111000000000100011,100110000000001000000001100000011100,000000101000100011000100011100000000,97,1872ms
010011110000000000001000100100000010,000100001101000100000000000001110001,001000000010001001110001001010000000,100000000000110010000110010000001100,112,73744ms
010101011000001000000000100000110000,000000000000110110010010000010000101,000010100100000000001100011100001000,101000000011000001100001000001000010,90,5539ms
011111101010000000000000000100000000,000000000000000000000111011010110001,100000000001000110010000100001001100,000000010100111001101000000000000010,177,710ms
110010111000100000000001000000000001,000101000000001000000100000000111110,000000000011000010001010110011000000,001000000100010101110000001100000000,114,37546ms
001011111000000010001000100000000000,100100000000100100100101001100000000,010000000001001000000000010000111110,000000000110010001010010000011000001,70,38447ms
001001100000000110000010000000100011,110000000100110000001001010000010000,000110010001001001000000001101000000,000000001010000000110100100010001100,68,3778ms
110001001000010000010100101000000000,000010100000000100101000000100011001,001000010010100000000000010011100010,000100000101001011000011000000000100,136,33878ms
000000010111011000000000101001000000,011110000000100000001001000000000101,100001001000000001100100000010110000,000000100000000110010010010100001010,85,3577ms
011001011000000000101000000000110000,100010000000100000010101000110000010,000100000010011011000010010000001000,000000100101000100000000101001000101,85,5989ms
110100011000010000000001000000010100,001000000000001101010110101000000000,000011100100100010001000010100000000,000000000011000000100000000011101011,157,29078ms
111101000100000000000100000101000000,000010111000000100000000100010100010,000000000010011001001001000000011001,000000000001100010110010011000000100,133,4666ms
111100101000000100000000100000100000,000000010101010000000110000010001100,000011000000100000111001001000010000,000000000010001011000000010101000011,157,856ms
101111010000000000000100100010000000,000000001100011000000010011001010000,010000000011000101110000000000100100,000000100000100010001001000100001011,177,103ms
011111110000001000000000000100000000,000000001010010100000110001010000100,100000000001000011000001100001010001,000000000100100000111000010000101010,177,186ms
100011001001000000000001000001000101,010000110000111000010010000100000000,000100000010000010001100011000001010,001000000100000101100000100010110000,59,3922ms
000101010100011100100000000000000100,010000101000000000001000010001100011,001000000010000010010101100010010000,100010000001100001000010001100001000,54,28973ms
010110010001010010010000001000000000,001000000110100100000001000001010010,100001100000000000100100010000100101,000000001000001001001010100110001000,177,3254ms
111000011000000100010000000000110000,000011100000000000001100101100001000,000100000111100010000001000001000010,000000000000011001100010010010000101,157,35267ms
001001110000001001000000000001001100,010010001000000010110000000110000001,000000000011100100001101010000000010,100100000100010000000010101000110000,18,5011ms
001000100000010000000000111100101000,010100010100101100000000000001000100,100010001000000001110101000000000001,000001000011000010001010000010010010,107,25432ms
100101110000000001000000000100010001,001010000001011000000110000000001010,000000000100000010101001010010100100,010000001010100100010000101001000000,132,9449ms
111100000000000110000001100000000100,000010001000010000001000001101001010,000000000010101000110010000000110001,000001110101000001000100010010000000,136,4899ms
101101100000000010000000000001011000,010010000101000100001100001000000100,000000001000100001000000100110100011,000000010010011000110011010000000000,139,187727ms
110000001010011000000000100100010000,001110110000100000100010000000001000,000001000001000001000000011011000011,000000000100000110011101000000100100,84,13458ms
010000000011000001010010001000000101,000001011000100100000001000001010010,101000000100010010000100110000100000,000110100000001000101000000110001000,78,5149ms
011011100100000000010000000010010000,000000000011000010001110100000100100,100100000000011101100000000101000000,000000011000100000000001011000001011,157,50ms
110110100001101000000000000000000001,001000010000010011000000001000011010,000001001100000100000001100100100100,000000000010000000111110010011000000,177,1821ms
100010000010101000000100110000000010,010000011000010010000000000001101100,001100000100000000010011001010010000,000001100001000101101000000100000001,93,10083ms
010011001100001000000000000000111000,100100100000100000010100010001000100,000000010000010011101011000100000000,001000000011000100000000101010000011,92,9153ms
001110010110000000000000001001000010,010000000000100010000111000010101000,000000100000011001110000100100000001,100001001001000100001000010000010100,117,1969ms
101101001000000000000101100000000010,000010100101000000101010000001100000,000000010010101101000000010000000101,010000000000010010010000001110011000,103,3056ms
000101100010000001000101000000001100,011010010000110000100000010000100000,100000001001001010001000100100010000,000000000100000100010010001011000011,66,5382ms
111000100101000000100000000001000100,000000000010100011000001100110001000,000000001000011100001100010000100010,000111010000000000010010001000010001,104,14392ms
010100001000100100000011000001000001,000000000110010010100100100100100000,101010010001000000000000011000010100,000001100000001001011000000010001010,108,4981ms
010011011100001000000000000001001000,000000000001100010000001101110000010,100000100010000001010100010000010100,001100000000010100101010000000100001,143,2841ms
100101001010000100000000000000100110,010010000100100001000100000110001000,000000100001001010101011100000000000,001000010000010000010000011001010001,90,77396ms
101010110000000000001001001000010000,000000001000111000000100100001100010,010000000111000110010000000100000100,000101000000000001100010010010001001,157,1195ms
100000011100100000100100010000000010,000011100000001000000010000011100100,001000000010010110001001000100000001,010100000001000001010000101000011000,125,3218ms
001010010001100000100000000001000110,100001000010000000001001000100101001,000100101100011000000010100010000000,010000000000000111010100011000010000,73,10794ms
001111001100000001001000100000000000,100000100001000010010110010000100000,000000010000001100000001000101010101,010000000010110000100000001010001010,87,12060ms
110100010011001000000100000000000010,000000001000010001010010000111000001,001011000100000010100001100000000100,000000100000100100001000011000111000,157,1212ms
010001111000010000000101000000000100,000100000000001101101000001110000000,001010000101000010010000000000100011,100000000010100000000010110001011000,70,8436ms
001111111010000000000000000100000000,100000000000101010000001100000100101,000000000000000001011110001010010010,010000000101010100100000010001001000,103,10734ms
010011111100001000000000000000000100,100000000000010110001001100000000011,001000000000100000000010011101011000,000100000011000001110100000010100000,119,3920ms
111001111000000000001000000000010000,000110000000000100000100111000000011,000000000101001000000010000111101000,000000000010110011110001000000000100,157,2376ms
101010101100000001000001100000000000,000100000000100000011100011001000001,010001010001000000000000000100101110,000000000010011110100010000010010000,157,2224ms
110011110000000000000010010010000000,000000000000110001101100001000001001,001000000001000110000001000101110000,000100001110001000010000100000000110,157,301ms
111000010000000000000000101010000101,000010101100011100000000000100000010,000001000010000010111011000000001000,000100000001100001000100010001110000,157,23903ms
000001001001010001000001000010001010,000000000000001010100000111001000101,100110000110000000001100000100010000,011000110000100100010010000000100000,119,4652ms
100000000001010110000000000110010010,000010011010000001001000100001000100,010101000000101000000010010000100001,001000100100000000110101001000001000,104,12977ms
000001101000100000000010101000000101,000000000101010000011001000000011010,010000000000001101100000010101100000,101110010010000010000100000010000000,38,2864ms
111000110001001000011000000000000000,000110000000000111000110000000100010,000001001010000000100000010111001000,000000000100110000000001101000010101,157,90ms
110000011001010000100000001000100000,000100000110100001001100100010000000,001000100000000000010010010001010101,000011000000001110000001000100001010,151,3608ms
001011110000100000010100000100000000,000100000000010110000000000011110010,100000001011000001000011100000000001,010000000100001000101000011000001100,116,6555ms
001100010010000000001000001000110100,100010100101000000010101000000001000,000001000000101001100000110110000000,010000001000010110000010000001000011,58,5399ms
101110010000001100110000000000000000,000001001001100000001000001010101000,010000000110010000000010010001000110,000000100000000011000101100100010001,177,66ms
100100001001000100100000100100000010,001000110000000001000010000001110001,010001000010100010010101001000000000,000010000100011000001000010010001100,143,14705ms
001101110000001100000001000000000100,010000000010100011010000101000100000,100010001101000000000010010000001010,000000000000010000101100000111010001,129,3267ms
111001110000000001000000000010001000,000000000001001000110111001000010000,000010000100110000000000110101000010,000100001010000110001000000000100101,157,395ms
111010011000000001010000000001000000,000101000000101000100001010100010000,000000100100000010000110001010001100,000000000011010100001000100000100011,141,2409ms
011011000000000001000000011100010000,000100011100000000100011100001000000,100000000000000110000100000000101111,000000100011111000011000000010000000,157,4235ms
101100011000000000000000000000111100,000001000100011110000001000100000010,010010100001000000100100010001000001,000000000010100001011010101010000000,142,4868ms
000010101000000000110100001101000000,100000000100101001000011000010000001,000100000010010100001000100000011010,011001010001000010000000010000100100,40,19530ms
011101011000010010000000000001000000,100010000000000001111000001100001000,000000100111000000000001010000110010,000000000000101100000110100010000101,104,25533ms
011010000001011000000100000110000000,000100100100000000001001100001010010,100001010010000010000000001000100101,000000001000100101110010010000001000,144,1072ms
001011100010001000000010001000001000,000100001000110000101100000010000100,100000000100000000000001110100010011,010000010001000111010000000001100000,136,3677ms
101110110000100000100001000000000000,000000000101001000001100101001000100,000000001000010011000010010100110000,010001000010000100010000000010001011,140,11898ms
111011001000010000001100000000000000,000100000001000001110000010100000110,000000000000100110000010101000110001,000000110110001000000001000011001000,112,21517ms
011001101100000100000010000000000001,000000000000001001110000011010010010,100100010000000010001001100001001000,000010000011110000000100000100100100,142,3892ms
010101100000001001010000010000000100,001000000001000010001011100000100001,100010001100010000100000001010001000,000000010010100100000100000101010010,157,871ms
100111011100000000000000010000000010,010000100001000000000010101010001001,000000000000111010111100000001000000,001000000010000101000001000100110100,152,4592ms
010100110000100000000000001001100100,000001000010010000111001100010000000,101000001001000010000100000000011010,000010000100001101000010010100000001,125,10429ms
000110011000000001001010000010000010,000001000000010010000000101001001101,001000100110100100000001010000010000,110000000001001000110100000100100000,67,1726ms
011101101000000000010010000010000000,000000010001001000000001000100111001,100000000010010011100000100001000010,000010000100100100001100011000000100,157,713ms
111111011000000000010000000000000000,000000100100001011000100100000010001,000000000000100100101010000110001100,000000000011010000000001011001100010,177,189ms
010111101100010000100000000000000000,001000000001001101001010000010000010,100000010010000010010000011100100000,000000000000100000000101100001011101,177,198ms
101001001100000110010000000000100000,000000110001000000000101000010000111,010110000000010000100000011001010000,000000000010101001001010100100001000,177,2352ms
000001000000000100100001100001011010,100000010111011000000000000000100001,010100001000000010011100000110000000,001010100000100001000010011000000100,73,34794ms
001001000001000000110000001110010000,010010010000001011000000000001001100,000100000000010100001011010000100001,100000101110100000000100100000000010,27,14844ms
101000000000001100010110100000000001,000001010011110010000000010000100000,000010101100000000101000001011000000,010100000000000001000001000100011110,141,9796ms
111111100000000000000000010000000001,000000001000011110101000000100000010,000000000111000001000000101001100100,000000010000100000010111000010011000,149,4103ms
101100110001100000000100000000010000,010001000000011010000001001000000011,000010000000000000111010010011100000,000000001110000101000000100100001100,136,8541ms
101110100000000110000000000010001000,000000000000010000011001001001010011,010001001011000001000010000000100100,000000010100101000100100110100000000,153,14624ms
000000110001101000001010000000001010,110001001000000110010001000000010000,000000000110010001000000101011000001,001110000000000000100100010100100100,0,1367ms
101011101001000000000000100010000000,000000000010001010111000010000101000,000100000100110000000010001001000011,010000010000000101000101000100010100,127,4246ms
001100101000011000000000001010000010,010010000100100000011100000000001001,000001010010000000100010110001010000,100000000001000111000001000100100100,58,9596ms
011010110100000000100000001100000000,000100001010000000000001100001110010,100000000001001010010100010000001001,000001000000110101001010000010000100,157,253ms
110110000000011000000100001000000010,000000110100000010000000100110010100,000000001000100100001001010001001001,001001000011000001110010000000100000,109,14147ms
100011000000001000101000000010101000,000000010000100001010011011001000000,000100001111000110000000000000000101,011000100000010000000100100100010010,116,12458ms
010101010010010000000100101000000000,000000101000100001101001010001000000,001010000000001100000000000100011101,100000000101000010010010000010100010,91,92858ms
111110010000010000000000000000000110,000001000001001010000101000100100001,000000101100000001001010010010010000,000000000010100100110000101001001000,159,1993ms
111101110001000000000000100000000000,000010000110010100110100010000000000,000000001000000011001000001010100110,000000000000101000000011000101011001,120,3331ms
101110111000000000000000001000001000,000001000000001000000101000111010001,000000000001110101010010110000000000,010000000110000010101000000000100110,151,3537ms
111110111001000000000000000000000000,000000000000101000000111010110000010,000001000000000011100000101000101100,000000000110010100011000000001010001,177,6491ms
100010110100111000000000000000100000,010000001001000011000010010000000101,000101000010000100000100000011001010,001000000000000000111001101100010000,128,17573ms
010110001000011100000000010001000000,000001100110000010101000001000001000,000000010000100000000110100110010010,101000000001000001010001000000100101,89,19198ms
101100100010000001000000000001010100,000010010000010000011110001000000010,000001000101000000100001110100100000,010000001000101110000000000010001001,151,12631ms
000111011000000010100000010000100000,000000000010010100001010101100000001,011000000000100000010000000011011100,100000100101001001000101000000000010,100,12932ms
101101010100000100000010100000000000,000000001001010000001000011101000001,000000000010100011010100000000011100,010010100000001000100001000010100010,125,21024ms
110111010000010010000000000000000100,001000001100000000010111011000000000,000000100001000101000000000001111010,000000000010101000101000100110000001,127,137923ms
001000001010110000000000010100000011,000000000001001010000011101000110000,000100110000000000011000000011001100,110011000100000101100100000000000000,41,53010ms
010111010000000001000010000001010000,100000000010111000000000001110001000,001000000100000110000001110000000011,000000101001000000111100000000100100,92,7334ms
010110111010000000000000100000010000,000001000001010101000001000000001101,101000000000001000001100011110000000,000000000100100010110010000001100010,177,51ms
110001100010000010000100000001010000,000010000000001000101001110000000101,000100001001010000010010001000100010,001000010100100101000000000110001000,106,16258ms
100011101000000000000000100000001101,001000000101001000110001001010000000,010100010000110101001000010000000000,000000000010000010000110000101110010,135,36123ms
001100001010000101001000000001000100,110000010001001000000100001100010000,000001000000010010010001010010000011,000010100100100000100010100000101000,32,1191ms
100000010010010100000100000100000101,001000000000001001100010001011010000,000110001101000010010001000000100000,010001100000100000001000110000001010,131,4785ms
010111000110000000010000100000001000,000000110001010000001010000100100100,101000001000000011100000001001000010,000000000000101100000101010010010001,177,131ms
101001111000100000010010000000000000,010000000001010001001000001010110000,000000000100000000100100110001001110,000110000010001110000001000100000001,157,434ms
100100100000000000100110000001001010,011010000101001100000000000010000001,000000001010000011011000011100000000,000001010000110000000001100000110100,106,6751ms
110100000010000000101010000100100000,001000001000000011010001001000010001,000000010000011000000100010011000110,000011100101100100000000100000001000,142,3269ms
011101110000010000000000000000001100,000000001010100100010011010010000000,100000000100001010101000000001100010,000010000001000001000100101100010001,157,1104ms
010110011000000000110000100000000100,100000100010000100001011000010001000,001000000000000001000100011000110011,000001000101111010000000000101000000,107,38287ms
100011111001000000100000100000000000,001100000000011000000101010010000100,010000000000100011010010001000010010,000000000110000100001000000101101001,157,682ms
011101001000000000000001100100000100,000010000101110011000000000000011000,000000100000000100010010011001000011,100000010010001000101100000010100000,79,21606ms
101011111000110000000000000000000000,010000000010000011000100010001001010,000100000001001100000010000000110101,000000000100000000111001101110000000,120,2718ms
101000101100100000000000010000001001,000100000010000000001000101011100010,000001000000000011100110000100010100,010010010001011100010001000000000000,124,34712ms
000100100010010100010000000000011001,000011010000001000001100011100000000,101000000101000001100000000000100110,010000001000100010000011100011000000,92,4770ms
010111011000000000100000000000100001,000000100100110000001000000010010110,001000000010000010010011001001001000,100000000001001101000100110100000000,116,35897ms
000111001001100000000000000110010000,000000000100010100010110010001001000,100000100010001000100000001000100101,011000010000000011001001100000000010,128,30059ms
100001010011010010100000000010000000,000000000100001100000100100101010010,011110000000100001000000011000100000,000000101000000000011011000000001101,156,21350ms
111001001000010100000000100000000010,000010000101000011000000000100100101,000100000010101000100001000011001000,000000110000000000011110011000010000,136,76860ms
100001101000110001000000001000001000,010100010001000010000001110000000001,001010000010000100101010000000010010,000000000100001000010100000111100100,104,24291ms
111100001010000001000001000010000000,000000110100000100100000000101101000,000011000000111000010100010000000100,000000000001000010001010101000010011,122,7155ms
110101011000000100100000000100000000,001000100100111000000000100000000110,000000000000000000010111001011110000,000010000011000011001000010000001001,142,4878ms
110101000100111000000000010000000000,000000000000000100011101000111010000,001000110011000011000000000000000110,000010001000000000100010101000101001,157,24612ms
000011011101100000000001001000000000,010000000000001001001100000011000011,000000000010010100110000110000011000,101100100000000010000010000100100100,72,14008ms
110011000000100000000000010010100001,000000010010010011100000100101000000,000100100000001000000101000000011110,001000001101000100011010001000000000,99,32326ms
101100001001000000000010110000000100,000010000000001000010100000010111010,000000010110010110001001000001000000,010001100000100001100000001100000001,99,16397ms
110011111000001000000100000000000000,001000000010100100000011110000000100,000000000001010001010000000110011010,000100000100000010101000001001100001,130,12725ms
111011110000000000000000000000100001,000100001101000000011100000000011000,000000000010000111100011000110000000,000000000000111000000000111001000110,157,149ms
111000001001000100001000000011000000,000000100000100010100110110100000000,000101010110000001000000000000011100,000010000000011000010001001000100011,157,2240ms
000001110000100001100000000000101010,010000001000011010000001010010000001,100110000001000100010010000101000000,001000000110000000001100101000010100,142,126ms
110111000000010000000101000001000000,001000000000101010110000101000100000,000000100100000101001000000000011101,000000011011000000000010010110000010,146,8069ms
110000101000000010000010000000011100,000000010010010000011100010001000001,001110000001001100100000000010100000,000001000100100001000001101100000010,153,1791ms
110000000101010000000100000000100110,001010111000100000000000101001000000,000101000010000101011000010100000000,000000000000001010100011000010011001,123,2362ms
111111000100000010000000000000010000,000000000010111001010000100000101000,000000100000000100101010001100000101,000000011001000000000101010011000010,177,240ms
001110110000000001000010010000000001,110000000010011000001000000010001010,000001000000100110010001001000100100,000000001101000000100100100101010000,51,2071ms
001010111100000000000010000010001000,110000000011001000000101010000100000,000100000000100100000000101001010011,000001000000010011111000000100000100,52,2166ms
111010111100000000000000000000010000,000100000010000100000101100000001011,000000000000001001001010010101100100,000001000001110010110000001010000000,157,236ms
100000001001001000001100100000011000,000100010000110101100000000000100001,011001000000000010000010001001000110,000010100110000000010001010110000000,110,1190ms
000011010000110000001011000001000000,001000101100000100110000000000110000,000000000011001000000000111010000011,110100000000000011000100000100001100,0,1109ms
111011100001000000010000000000001000,000000010110001000000010010001010010,000100000000100110001101100000000001,000000001000010001100000001110100100,129,1257ms
110110011000000000000000011000000010,001000000110000010000011000101010000,000001000000011100010100000010000101,000000100001100001101000100000101000,144,3493ms
100101011000000000101000000100000001,000000000001110000010001100010001010,001000100010001010000000011001010000,010010000100000101000110000000100100,119,3950ms
111100011000000000010000000101000000,000000000110100000000011100000011100,000001000001010010100100001010000010,000010100000001101001000010000100001,157,56ms
000101110000100100110000010000000000,011000000101000010000000100010101000,000000000000001000000111001001010011,100010001010010001001000000100000100,55,27328ms
001011010000000000001101011000000000,100000000011000010100000000010011010,010000100100101000000010100001000001,000100001000010101010000000100100100,100,15128ms
001010000110010000010000100000100001,000000100000101001101000010000000110,010000011001000000000001001110010000,100101000000000110000110000001001000,97,786ms
111101001000000000001000100000010000,000000000100100100010000010001100101,000010100000000011100001000010001010,000000010011011000000110001100000000,157,431ms
110011011000000001000000010000001000,001000000100000000011101001001100000,000000100011100100100000100100000010,000100000000011010000010000010010101,157,283ms
010011000100001100000000000100010010,100100100010010000010000001010000001,001000011001100001000010000000001100,000000000000000010101101110001100000,98,14714ms
100001000010011100000110000000000010,000110011000100000110000000000011000,010000100001000011000001011010000000,001000000100000000001000100101100101,75,7728ms
100001111000000001100100000000010000,000000000110000010010011001100001000,011110000000100100000000010001000010,000000000001011000001000100010100101,147,10301ms
001000101000100100000001000110010000,100000010001000001110000010000001001,000111000010010000000000100000100110,010000000100001010001110001001000000,80,9339ms
001100000000110000010100100010001000,110001000000000010000011000000010101,000000101001001000001000011101000000,000010010110000101100000000000100010,20,1211ms
011010001000010100000100001000010000,000101000101000001010001100000100000,000000000000001010101010010110000001,100000110010100000000000000001001110,69,87687ms
011110011100000000001000000100000000,100001100010000000000100101001001000,000000000000100110000010010010110100,000000000001011001110001000000000011,120,13637ms
111111110000000000000000001000000000,000000001100000110101000110000010000,000000000000001000000011000110100111,000000000011110001010100000001001000,162,742ms
010000111000000000000101000000001110,100010000001000010000010100110000001,001001000100011001101000000000100000,000100000010100100010000011001010000,91,8421ms
100101100000100001000010000000000101,000010001111010000000000000011001000,010000010000000000010101110100100000,001000000000001110101000001000010010,125,38283ms
010011100000011010000000000000000011,100000001010000100000111000000010100,000000000101000000111000011011000000,001100010000100001000000100100101000,79,25381ms
011101000001000110000000000100010000,000000000110010001000101011000100000,100000110000101000000000000011000101,000010001000000000111010100000001010,157,16419ms
011110010000000000000000000111000010,000000000111000000010110010000001001,000000101000111001101000000000100000,100001000000000110000001101000010100,139,1909ms
100001001010010000100010001000001000,010100010000100010000001110010000000,000000100001000100001100000000110110,001010000100001001010000000101000001,77,6730ms
101100111010000010000000000000000001,000000000100000001010000010001101110,000000000001001000101111000110000000,010011000000110100000000101000010000,124,22334ms
000100010000011100000010001001001000,001010000100000001010000110000000011,110000100010000010100100000110000000,000001001001100000001001000000110100,134,76ms
110110101000100000000100001000000000,001000000101000000010010000001100110,000000000010001100000001000110011001,000001010000010011101000110000000000,135,81200ms
100000110000100100000110010000010000,010000000000010000110001100010100001,001011000110000000001000000100001100,000100001001001011000000001001000010,138,2821ms
001111100000001000000110000000000001,110000000101000100100000010001001000,000000001000000010001000101000110110,000000010010110001010001000110000000,66,1867ms
011001000100000100001000100001000010,000100100010001010000010000010000101,000010010000010001110100001100000000,100000001001100000000001010000111000,119,1616ms
110101101000010000000000000001000010,001000000001100001110010000100010000,000010000010001100001000100000001101,000000010100000010000101011010100000,106,9689ms
011100011000100010000000001010000000,000011000000001000100000100001011001,000000000100000001011111000100100000,100000100011010100000000010000000110,103,15535ms
110001110100001010001000000000000000,000000000010000000000011010011011001,001110001001010100010000000000100000,000000000000100001100100101100000110,177,1291ms
111010100010000000000000000010001100,000101010000000001011101100000000000,000000000100010110000010011000100001,000000001001101000100000000101010010,136,70004ms
101000001000010000000000010000011101,000111100000000000000000101101000010,010000010110001110100000000000100000,000000000001100001011111000010000000,114,63071ms
010111001000000010010100000010000000,000000010100000100100011010001000010,100000100010100001000000001000010101,001000000001011000001000100100101000,159,3116ms
010010000110011100000010100000000000,000000010001100010001000001010101000,000000001000000001110100010001000011,101101100000000000000001000100010100,32,55079ms
000001100010010000100011010000000100,011000000100100101001000000000101000,000010001001000010000100100111000000,100100010000001000010000001000010011,38,3588ms
010100101000000000010100000001010100,000000010010000010101001101000001000,001001000001000101000000010000100011,100010000100111000000010000110000000,67,17471ms
010001010011000110010000100000000000,100100001000110000000101000001000010,001000100100000000001010000000111001,000010000000001001100000011110000100,87,13468ms
001101010000000010001001010100000000,100010101000001000000000000000010111,000000000001100000110100001011001000,010000000110010101000010100000100000,69,37308ms
001110100000000000001111000000000001,000000001011000000000000101100010110,000001010100101011000000000010100000,110000000000010100110000010001001000,83,48176ms
000010000100010100100100001100000100,110100010000001010000000010000100001,001001100001100000010000000011001000,000000001010000001001011100000010010,81,1718ms
010010011001010100001000000000001000,100000000110100000000001100011000001,001001100000001001010000001000100010,000100000000000010100110010100010100,62,8356ms
110100111000010000000000011000000000,000000000011000100000100100001011001,001000000100100000111011000000000010,000011000000001011000000000110100100,157,7109ms
101010001100000000001000100001010000,000000100001000010000001010010001011,010101000000001100110100000100000000,000000010010110001000010001000100100,157,26ms
101111100000000000000000000000100011,000000000011111001000000100110000000,010000000000000010100111000001011000,000000011100000100011000011000000100,166,1241ms
100011011001000000000010000000010010,011000000000100100100100101100000000,000000100100010001000000000010101101,000100000010001010011001010001000000,125,29038ms
110101110000001000000001000000000010,000010000010110011100100000000001000,000000000100000000010000110110110001,001000001001000100001010001001000100,157,2600ms
001101011110000000000000000000101000,000000000000010010010101001011000100,010010100000001100001000010100010000,100000000001100001100010100000000011,107,8732ms
011100000000000011100100000000001010,000000001110001000001000010001010100,100011010000010000000011000010000001,000000100001100100010000101100100000,114,2463ms
000010110000100000110100010000100000,000000000010010010000001101100000110,000101001001001000001000000011000001,111000000100000101000010000000011000,44,7680ms
000010011000100011000110001000000000,100101000101000100001000000001000001,011000100000000000010000110100001010,000000000010011000100001000010110100,78,103394ms
011100101000001000010010001000000000,000000000001010001100101100000000110,000011000000000010000000010011011001,100000010110100100001000000100100000,76,38123ms
000000111000001100000101010000010000,011100000001000000010010100001000001,000011000000010011100000001100001000,100000000110100000001000000010100110,14,1634ms
101101110000010000000001000000000100,000000000001000110011000100000100011,010000000000001001100100011110000000,000010001110100000000010000001011000,157,85ms
000101101001000000100000100001000100,100000010000100000000100011010010010,011010000100000001011001000100000000,000000000010011110000010000000101001,116,1751ms
000111101000000010000000000000010110,100000010010000100001001010000001001,010000000100110001000010100100100000,001000000001001000110100001011000000,128,4313ms
100010001000010000000010110000110000,001000010010000001110100001000001000,010000000101100010000001000110000100,000101100000001100001000000001000011,118,5781ms
010000110010100000000011000100000001,000001001001000001001000100000010110,100110000100010000010100000010001000,001000000000001110100000011001100000,161,145ms
010010100101110000000001000100000000,001000011000001000010000100010010010,000101000000000101001110000000001001,100000000010000010100000011001100100,68,13879ms
100010010010000001010000001001001000,010001000101100000001010000010000100,001100001000000010100001100100100000,000000100000011100000100010000010011,136,544ms
010101110000100000001000001010000000,000010000101001110000001010100000000,100000001010000001000110000001000101,001000000000010000110000100000111010,136,10452ms
001110101000000000001100010000000001,000000000000000111010010100100010010,100000000010101000000001000010101100,010001010101010000100000001001000000,116,76664ms
000011100100000000100001000000010101,001000000000000011010000011011000010,100100010001000000000110100000101000,010000001010111100001000000100000000,117,1571ms
110001010010000000001000001100000010,001000000000100101010100000010101000,000100100001001010000001000000010101,000010001100010000100010110001000000,127,3452ms
111110011000000000000000000100000010,000000000000100100000100010011101001,000000000110011000110001101000000000,000001100001000011001010000000010100,163,2411ms
110001000010010100000010010000001000,000110010000100000001100000100010001,000000100000001000010000101011000110,001000001101000011100001000000100000,82,29977ms
101100000000010100001110000000000010,000000001000000000100000011111001001,010000000010101011010001000000010000,000011110101000000000000100000100100,75,20053ms
110001011100000000000000110000001000,000100000010100100001000001110010000,001000100001000001100101000000100010,000010000000011010010010000001000101,151,167ms
001011000001100000000000110000101000,110100001100000001000100000000000101,000000010000000110001010000111010000,000000100010011000110001001000000010,11,1905ms
010101101000000000010000011010000000,101000000101000010000110000000001100,000010000000101000001001100000110001,000000010010010101100000000101000010,70,5851ms
110100001100000001000100010000010000,000000000010000010010010101010001100,001011010001001100000000000101000000,000000100000110000101001000000100011,157,1428ms
111101101000000000000000000000001001,000000000010001111000000100010100010,000010010000000000001111010101000000,000000000101110000110000001000010100,157,46ms
001100011000000000001100001000010100,100000000000111001100001000001001000,000000100011000010000010110000000011,010011000100000100010000000110100000,23,3529ms
