101111001000001001000000000000000001,000000010110100000101001000000101000,010000000000010110000010010001010010,000000100001000000010100101110000100,143,4352ms
011001111100000000010000000000000001,000000000011000011000100101000110000,100110000000010000000010010011000100,000000000000101100101001000100001010,177,67ms
001011111001001000000000100000000000,100100000000010100010000000101000110,000000000010100010001111010000000001,010000000100000001100000001010111000,63,68989ms
001110011000100000100000001000000001,110000100010010000010001100100000000,000000000000001100001110010011000100,000001000101000011000000000000111010,67,30289ms
011001011000000000000001000000111000,000100100101000011010000010000000010,000000000000110000101100000111000100,100010000010001100000010101000000001,119,22119ms
011100000001000000010010100000010001,000000000010011000001101000010101000,000000110000100001000000011100000110,100011001100000110100000000001000000,43,2691ms
111101100000100000000000000011000000,000010000000001111000000100000110001,000000011100000000100010011000001010,000000000011010000011101000100000100,157,630ms
011000001011100010010000000000100000,000000000000001000100100001000011111,000011000100000101001010100010000000,100100110000010000000001010101000000,76,16632ms
110111001000000000000100000000000011,000000110000010010001010010100010000,000000000110001001110000100011000000,001000000001100100000001001000101100,177,1308ms
111110000000000001110000000010000000,000000000010001100001100000001010110,000001101000100000000001010100100001,000000010101010010000010101000001000,177,1147ms
010101011010100010000000100000000000,000000100000000000100110011100000101,000000000100010100001001000001011010,101010000001001001010000000010100000,77,102727ms
001000010000000010010000100001010110,010001000100100101001001000000001000,100000101000011000000100011010000000,000110000011000000100010000100100001,85,9735ms
011111001000000010000000100000001000,000000100010101100000110000010000100,100000010000000000110000011101000010,000000000101010001001001000000110001,177,1110ms
111010111001000000000000010000000000,000000000100100100100011000001010001,000100000010001011000000000100101100,000001000000010000011100101010000010,157,2334ms
111100001001000010000000000001000010,000001000000010100110000100100100001,000000010010100000001011000000011100,000010100100001001000100011010000000,116,9742ms
101101011000100000100000000000001000,010000000000000100010010101110000010,000010000100011011001000010000100000,000000100011000000000101000001010101,148,886ms
101010101000001000100000000010100000,000100010010000001001100010001010000,000000000100100110000011100100001000,010001000001010000010000001000000111,139,899ms
010000001110000000001110000100001000,001010000000000100000000011011000011,100101100000011000000000100000010100,000000010001100011110001000000100000,138,2835ms
000000111101011000101000000000000000,101001000010000001000000001001001001,000110000000000100010100010100110000,010000000000100010000011100010000110,90,6795ms
000000011001001000100000011000100010,010010100000110000000001000001001100,101000000000000101001100000100010001,000101000110000010010010100010000000,83,3918ms
010111000100010010010001000000000000,100000001010000100000010000101001010,000000000001001001100100010000100101,001000110000100000001000101010010000,100,46871ms
011000111100100001001000000000000000,000000000010001100010110011001000000,100010000000000010100001000100100110,000101000001010000000000100010011001,157,1987ms
101000101000000100001000001010001000,000110000000100011110000100100000000,010000010001000000000111010000000011,000001000110011000000000000001110100,104,42916ms
110111000100000000000001010001000000,001000000000010000100100100010100101,000000101001000101000010001100001000,000000010010101010011000000000010010,162,638ms
100000010000001010000000010011000011,010101001000000101010010000000100000,000010000110000000000001101100011000,001000100001110000101100000000000100,74,7875ms
111111111000000000000000000000000000,000000000001001000000100111001010010,000000000100100110010001000010000101,000000000010010001101010000100101000,177,81ms
010010010011001001000000001000100000,101000001100000000011000100100001000,000101000000110000000001010010000110,000000100000000110100110000001010001,32,3315ms
011010011010001100000000100000000000,100001000100000010000010001001101000,000100100001100000101000010100000010,000000000000010001010101000010010101,98,26831ms
100011110000010000000001000100100000,010100001000000010010000011000000110,001000000111000101000010100001000000,000000000000101000101100000010011001,118,17238ms
010111110000100000100000000100000000,001000000001010000001101100000010001,100000001000000101000000001010101010,000000000110001010010010010001000100,177,105ms
001010111000000000000010100001000001,000001000101011010110000000000010000,100100000010100100001000010010000100,010000000000000001000101001100101010,106,12528ms
011110011000001000000001000000001000,000000000101000010010110000000000111,100000000000010100000000111110010000,000001100010100001101000000001100000,177,2693ms
001011100010000000000100000000100011,100000000100110000010000011000010100,000100001000001101001000100110000000,010000010001000010100011000001001000,60,3313ms
111011100000000000011001000000000000,000000000001011000000000100011001011,000000001100100100000110011000010000,000100010010000011100000000100100100,146,1893ms
011100010001110000001000100000000000,000001100100001010000001001010100000,000000001010000101000010010001000110,100010000000000000110100000100011001,63,27808ms
111000011001000010100000000001000000,000100000010110000010000011010100000,000010000000000001001001100100001011,000001100100001100000110000000010100,143,1431ms
100011000001000100011010000010000000,000000000110010001000101001000011000,001100001000000010000000000101100101,010000110000101000100000110000000010,157,11635ms
010111101001000000000000000001000001,000000000100000100001110001100010010,000000010010100010110000010010001000,101000000000011001000001100000100100,100,13574ms
011111000000110000000000000000100100,000000011000001000100110100100010000,100000100000000101010001010010000001,000000000111000010001000001001001010,150,10428ms
111000110000001100000100000010000000,000001001101000000110000000100001010,000100000010000011000010101000100100,000010000000110000001001010001010001,120,2113ms
010111001011000000000000000001000100,100000000000001001010000010100100011,000000110000110000001101000010010000,001000000100000110100010101000001000,93,17424ms
011001101000100000000110100000000000,100000000010010000001000001000011011,000110000100000100100001010001100000,000000010001001011010000000110000100,136,11178ms
111011111000000000000100000000000000,000000000100001010010010000010001110,000000000000100001000001010101110001,000100000011010100101000101000000000,134,1390ms
000001110001001000000010000000110001,000000000010000101001100001101000100,001110001000000010000001010010001000,110000000100110000110000100000000010,68,7609ms
011110010000000000101000001000100000,000000000011000000010010100011010100,000000101100001001000001010000000011,100001000000110110000100000100001000,98,10542ms
010100100100010001000010000000110000,001010001010000010000100000100000101,000000010000101100011001101000000000,100001000001000000100000010011001010,44,49964ms
011011101000000000000010001000000010,000100010000000011100100000100010100,000000000010011100000000110001001001,100000000101100000011001000010100000,69,20672ms
110011101000001000000000010000100000,001000000110000000010000001110010001,000000010000010110100001100001000100,000100000001100001001110000000001010,137,964ms
111111011000000010000000000000000000,000000000001001100000000000111001011,000000000010000001110101011000000100,000000100100110000001010100000110000,163,1809ms
100001100000001000100110100000010000,001100001000100100001000000000000111,010000000111000011010001010000000000,000010010000010000000000001111101000,130,65629ms
000010001010011010000000011000000001,000001000101100000100100000010011000,101000110000000000010011000001000100,010100000000000101001000100100100010,98,10628ms
110011010000000001000101000000000100,000000100100011000000010000001101001,000100000010000100001000101010010010,001000001001100010110000010100000000,100,13506ms
001011101000000010100100100000000000,000100000101011000000000000111000010,000000010000100000011010001000010101,110000000010000101000001010000101000,82,50747ms
010001000010000000101000011011000000,000100001001011000000000000100010011,001000010000000100010111100000001000,100010100100100011000000000000100100,29,26440ms
011000011000100000001001000010001000,000101100000010000100100100100000100,000000000110001000010010011001000001,100010000001000111000000000000110010,65,55768ms
011011000000110000000000000101010000,000000100011001010010000000000100110,000000000000000101100110100010001001,100100011100000000001001011000000000,88,146527ms
100001110010001001000010000000000001,011000001100000000010000100100100100,000100000001100000001000011010001010,000010000000010110100101000001010000,65,6582ms
011101011000100000000001000000000100,100000100001010000010100001010100000,000010000010001010101010000000010001,000000000100000101000000110101001010,96,9286ms
000101001101000001010000000000000011,001000100000010100000101000100110000,000000010000101000001010110001000100,110010000010000010100000001010001000,26,996ms
010010111000000011000000100000001000,000100000010011000010100010001000100,000000000001100100101011000100000010,101001000100000000000000001010110001,79,22416ms
100110101100000000000010001000000010,011000000010101011000000100000100000,000001000000010100001000000110010101,000000010001000000110101010001001000,135,15777ms
010101010100000001010000000001000001,001010100000000000001110010100000010,100000000001110100100000001010100000,000000001010001010000001100000011100,131,17627ms
011001010010100000000001000001000001,100110100000000000000010011110000000,000000001001010001001100100000001100,000000000100001110110000000000110010,38,7522ms
110100110000000000000001011000001000,000001000001110001000100100001100000,000010000000001100011010000100000101,001000001110000010100000000010010010,141,1376ms
001110100000000000110000100000110000,000000000000110010000100010001000111,110000000011001001000010001100000000,000001011100000100001001000010001000,177,261ms
110010011000000001000000000101000001,000000100110100010000000010000101100,001000000001011100101010000000010000,000101000000000000010101101010000010,157,3106ms
101110110100000101000000000000000000,010001001001100000010000000001010100,000000000010001010001101010100000001,000000000000010000100010101010101010,149,28491ms
000110010001000101010000000100000010,000001100000000010100101010000001001,100000000110010000001000101010100000,011000001000101000000010000001010100,134,10099ms
110010101010000100000000000000010100,001001010001101010010000001000000000,000100000100000000100001100110000011,000000000000010001001110010001101000,143,32919ms
110000100000000000010010010011010000,000011010001000010000101000000100001,001000000010011100000000101000001010,000100001100100001101000000100000100,104,920ms
111000111000000000000100100000100000,000000000011000000100000010110001011,000011000100001111000010001000000000,000100000000110000011001000001010100,143,11125ms
000110000101010000010000000000101010,001000100000001001000101000001010001,010000010010000100100000101010000100,100001001000100010001010010100000000,82,985ms
111100000101000100000000000011000000,000001000010100001000001001100001100,000010010000011000001000110000110000,000000101000000010110110000000000011,126,1765ms
111010011000000000101000001000000000,000001100010001110000010000100001000,000100000000110001010101000000010100,000000000101000000000000110011100011,157,334ms
000001101001100001000010001000000100,010100010010000000000000100100101010,101010000000000010101000010010010000,000000000100011100010101000001000001,103,27866ms
010001100010010000100000010100010000,100000001100000101000010000001100100,000110010001101010001000000010000000,001000000000000000010101101000001011,109,15088ms
010010110010000100100000000001000100,000000000100100010010010100010110000,100100000000010000001100010000001011,001001001001001001000001001100000000,112,11186ms
111001000010001000100000000000100001,000000010001000110000010000100011010,000100000100110001000001111000000000,000010101000000000011100000011000100,157,4929ms
101011000000110000000000000001100010,000000101001000101010000010010001000,000000000010001000001011100100010100,010100010100000010100100001000000001,104,33146ms
001111110001001000000001000000000000,000000000100000100011000010001100101,100000000010010001100100000110001000,010000001000100010000010101000010010,159,16919ms
001111010000000100001000100000000100,000000100100011010100100000000110000,000000000001100000010000011111000010,110000001010000001000011000000001001,82,9088ms
010000011000010000001001100010100000,000010000000000000100110001101000101,000100100010000101010000010000001010,101001000101101010000000000000010000,23,40310ms
001011010000000100100010100000000100,010100001000010010000001010000010001,000000100010101000000000000011101010,100000000101000001011100001100000000,38,50892ms
010111011000000010000000000100100000,100000100001000000000011100010000110,000000000010010101010000011001001000,001000000100101000101100000000010001,102,24773ms
111011011010000000000000000010000000,000000100000001001000000100000101111,000100000100000000011011001101000000,000000000001110110100100010000010000,157,52ms
010011010010010000010000000010000100,001100000000000001001110000001101000,000000001000001110000001011000010001,100000100101100000100000100100000010,33,2355ms
000000001010110100001010000000100100,010001010000001011000100000010000001,100010000001000000010001110000001010,001100100100000000100000001101010000,41,1278ms
010011110000000000000010000000101001,101000001110000101000000001001000000,000100000001000010000101000110010100,000000000000111000111000110000000010,76,108910ms
101111100100101000000000000000000000,000000011001000000100100001001011000,010000000010010100000000110010100001,000000000000000011011011000100000110,177,272ms
000110011000001010010000000000100010,101001100011100100000000000001000000,000000000000010001100101011110000000,010000000100000000001010100000011101,51,9834ms
110010000001010001000100000010100000,000100010000100100001000000100000111,001001000100000000100010110000011000,000000101010001010010001001001000000,137,6726ms
000100110001000000000100100000001011,010000000100100100010000000101010100,100001001010010000001000010010100000,001010000000001011100011001000000000,74,9081ms
011110000101000000000100001001000000,000001100000001100011000010000100010,100000011000110000100000100010010000,000000000010000011000011000100001101,177,179ms
001101011000000000000101000000001100,100010000001010110011010000000000000,010000000010101000000000000011110010,000000100100000001100000111100000001,77,111034ms
001000110100011000010000000000100100,100010000000100100101100100000000001,010101001011000011000000000001000000,000000000000000000000011011110011010,102,75208ms
000011000100110000010001000100000010,000000100001001010001010010010100000,000000000010000101000000101001010101,111100011000000000100100000000001000,21,13617ms
011110111000000001000100000000000000,000000000000101000011000000001011101,000000000000010100100001001110100010,100001000111000010000010110000000000,127,85461ms
111001110000000000001000010010000000,000000000000001110000011100100100100,000010001001110001010000000000001001,000100000110000000100100001001010010,127,2291ms
001110111000000001000000001100000000,010000000000010110000011100000000110,100001000001100000111000000010001000,000000000110001000000100010001110001,177,31ms
101100101000100000001001000000100000,010010000000010100010000100010001001,000000010010001010100110001000000010,000001000101000001000000010101010100,129,16333ms
100000101100000100100100100100000000,000001000000000000001001011011101000,011010010010000011000010000000000100,000100000001111000010000000000010011,157,6634ms
101011011000000010000000000000000101,000100000001010000110101011000000000,000000000100001001000010100110011000,010000100010100100001000000001100010,139,41030ms
011001001010001000010100001000000000,100010100000100100001010100010000000,000000000000010011100000010100000111,000100010101000000000001000001111000,93,39823ms
010101000110000101010000001000000000,000000010000100000000010000010111110,100000100001000000101100100101000000,001010001000011010000001010000000001,157,987ms
110111110000100000000000000100000000,001000001011000001100100100000010000,000000000000010000001001010011001110,000000000100001110010010001000100001,160,3432ms
110110001010100101000000000000000000,000001100100000000001010000010011100,000000010001011000100001000101000010,001000000000000010010100111000100001,166,404ms
011111110000000000000000010000100000,000000001000000000101000101011010001,000000000000010100010110000100001110,100000000111101011000001000000000000,125,219245ms
110101110000000000000011000000000010,000000000011000001100000001011110000,001010001100110110000000000000001000,000000000000001000011100110100000101,157,1930ms
011110110010000010001000000000000000,000000000001000000100101001010001110,100001001000011001010000100000010000,000000000100100100000010010101100001,163,2086ms
100010010010000000100000001111000000,000001101000010100000000000000011011,001000000101100010010101100000000000,010100000000001001001010010000100100,132,5046ms
101111101000000010000000001000000000,000000000110011000010010100000001010,010000000000100000100101000101100100,000000010001000101001000010010010001,177,282ms
010100010001010010001100000100000000,000000100100001000100001011000011000,100001001010000100010000000000100101,001010000000100001000010100011000010,141,441ms
001111100001000000000000001001010000,100000010100001001000011010000000001,000000000000010100111000000000101110,010000001010100010000100100110000000,79,2129ms
010100110001100000000001000100100000,001000001000011100000010010001000100,100001000000000011100100100000001001,000010000110000000011000001010010010,122,2237ms
111001100000010001000001000000001000,000010001010001100000000110011000000,000100000001100010010110001000000010,000000010100000000101000000100110101,117,5148ms
010010001000100100010001010000010000,000101000001000010101000100000000101,101000010100001000000100000011000010,000000100010010001000010001100101000,127,5343ms
100110100000000101000100001010000000,000001000001000010111010100000100000,011000001010011000000000010001010000,000000010100100000000001000100001111,146,14109ms
110100001100000010000001000001000100,000000000011001001001110010010000000,000010010000000100100000101100001010,001001100000110000010000000000110001,157,485ms
110110101001001000010000000000000000,001001000000000000001100000100110101,000000010010100110000010001010001000,000000000100010001100001110001000010,135,104764ms
001011110000000000010000100100010000,000100000010000010000001001011001100,010000000100101101100000000000100001,100000001001010000001110010000000010,112,4427ms
101111000000000000010100000000000110,000000100110100000001001001000101000,010000001001010001000010110010000000,000000010000001110100000000101010001,153,1911ms
101000001000100010000000010010000011,000010000111000100000010101000010000,000100110000001000000101000100100100,010001000000010001111000000001001000,115,8279ms
100010000100101001000110010000000000,010000000011010010001000100001000010,000100110000000000000000001010110101,001001001000000100110001000100001000,96,73349ms
000111010101000000000110010000000000,100000001010000000011001000000101010,011000100000011010000000100011000000,000000000000100101100000001100010101,122,14240ms
010101101010010000000000100000001000,000000000000001111000111000010010000,101000010001100000011000010001000000,000010000100000000100000001100100111,157,3476ms
010110111001000000000000000000001010,101000000000001110001010000100000100,000001000010010001000001011011000000,000000000100100000110100100000110001,78,7711ms
110101101000001100000000000010000000,001000010000000000110111000000101000,000000000110110000000000010001000111,000010000001000011001000101100010000,157,25979ms
010110010000000000010000000101000110,001000001000101001100010000000110000,100001100101000100001001000010000000,000000000010010010000100111000001001,177,614ms
010010101000110000000000100001010000,000100000110000001001011000000100100,101001000000001000010000001100000011,000000010001000110100100010010001000,143,1419ms
010010011010110010000100000000000000,000000100101000000101000011001010000,100000000000000101010001000010101010,001101000000001000000010100100000101,113,45738ms
010111010000100100000000001000010000,100000000010000010011010000000001101,001000000001011001000100000110100000,000000101100000000100001110001000010,104,3023ms
010011100001011000100000000000000001,001000000100100000010000000101001110,000000010010000110001100011000100000,100100001000000001000011100010010000,66,39603ms
111001011000010000000000010000001000,000000100100001010100100000101000001,000010000001100000001001101000100010,000100000010000101010010000010010100,102,6567ms
011011010000000100000001100000010000,000000000110010001110000000011000001,000100001001101000001000000100001010,100000100000000010000110011000100100,77,9097ms
101001110000000000010110000000000010,000100001000101111000000100010000000,000010000101000000000001001100101100,010000000010010000101000010001010001,143,6964ms
110101010000000000010001000011000000,000010000011011000000110000100000010,000000101000000010101000100000100101,001000000100100101000000011000011000,147,826ms
010000110100000110000011000010000000,001001000010110000010000000001001100,100100000001000000001000100100100011,000010001000001001100100011000010000,136,10773ms
010011101010010000000100100000000000,000000010000100000100010010010111000,000100000100000111001000000100000101,101000000001001000010001001001000010,84,17019ms
000110110000100000100000010110000000,101000000000010000010000001000001111,010000001001000110001001100000010000,000001000110001001000110000001100000,109,4469ms
011111101000000000000001000000100000,100000000000000101001010001000010011,000000010100011000110000010000001100,000000000011100010000100100111000000,132,24142ms
001000011100011000110000000001000000,000000100010100011000001000010001100,110000000000000100001110011100000000,000111000001000000000000100000110011,157,3797ms
110101011000001100010000000000000000,000000000001100011000000110110010000,001000000100010000100000000001101110,000010100010000000001111001000000001,157,429ms
110010010000101000001000000101000000,000101100000010000110000000010010100,000000001100000011000111001000100000,001000000011000100000000110000001011,131,2078ms
000100111010001000000000100000010010,010011000001010001000000000100100100,000000000100000110010011010001000001,101000000000100000101100001010001000,20,14816ms
001100011010000000010010000010000010,100000000100000010100001010000011100,010010000001101100001000000001000001,000001100000010001000100101100100000,58,5998ms
011101010001000000101000001000000000,100000001000010000000011110000011000,000010000010000101010100000110100000,000000100100101010000000000001000111,110,42010ms
001101100001000000000110000000010010,010000000000000011010001111001000000,000010000100100100101000000110000100,100000011010011000000000000000101001,89,13322ms
011100111000000100000000110000000000,000010000101010000100100000010000101,000001000000100010001010001000101010,100000000010001001010001000101010000,81,21660ms
010100111000010000000100001000001000,000001000110100001000000010001110000,001010000001001010010000100100000010,100000000000000100101011000010000101,71,16601ms
111010001000010001100000100000000000,000101010000000110000110000010100000,000000100001100000000001011100000011,000000000110001000011000000001011100,123,12095ms
000101100000010000001110001000000010,000000001111000010100000010110000000,110000000000001101010000100001010000,001010010000100000000001000000101101,91,7389ms
110110111000000000010000001000000000,001001000000100101001110000001000000,000000000100011010000000000110101100,000000000011000000100001110000010011,149,30473ms
100101010000000100000000100001100010,010010000111010000110000000010000000,000000000000000011000011010100011001,001000101000101000001100001000000100,95,7714ms
010010000000100010110000000001010100,000000000011001001001000001100001010,101101110000000000000001010000100000,000000001100010100000110100010000001,148,501ms
011010111100000110000000000000000000,000000000010000000011010110000101001,100101000001001000100000001010000100,000000000000110001000101000101010010,157,324ms
010011001000100001100100000010000000,001000000000010100011001010001001000,100100100110001000000000000100100100,000000010001000010000010101000010011,157,322ms
001001011100000100000001010000000100,010000000010001001001110000010000001,000100100001100010010000000000111000,100010000000010000100000101101000010,58,5144ms
100100110000000100010001000000010010,001000001001000000000100110101001000,000010000110010010101010000000000001,010001000000101001000000001010100100,109,9804ms
100101011010000000001000100000000010,001000000101100010010100000100000001,010000100000001000100001010010100100,000010000000010101000010001001011000,145,1019ms
100100011000000000100000010011001000,001010000001110000001001000100000001,000001100010001001010010001000000010,010000000100000110000100100000110100,123,1864ms
100110000000001000110000010000110000,000001110000000110001010000000000110,011000001010000001000000001111000000,000000000101110000000101100000001001,177,67ms
111111000001000001000000000000010000,000000100000010110101100000000001100,000000010010101000000001011010000001,000000001100000000010010100101100010,156,741ms
101110001000010000000000000010000110,000001110001000010000100000001010001,010000000110000100101001100000100000,000000000000101001010010011100001000,177,4725ms
000000000100000000101001010011000110,101101000001000001000110000000000001,000000001000001110000000001100111000,010010110010110000010000100000000000,18,8785ms
011001110100010000000000001000000100,000000001010000000011000100101101000,100010000001001101000100000000010010,000100000000100010100011010010000001,157,933ms
000101010000000110000000010001001100,110000001010100000000101100000000010,001000100001011001000000000100110000,000010000100000000111010001010000001,45,22400ms
000100000000011000100110010010000100,011010010010000000011000000000010010,100001000001000100000000100100101001,000000101100100011000001001001000000,92,3253ms
101000000001000011000110001100000000,000000010110000000011000000000011101,000011100000001100100000110010000000,010100001000110000000001000001100010,102,2910ms
011000010010000001100000101000100000,100110000000000010001001000000011001,000001101101100100000010000010000000,000000000000011000010100010101000110,85,38664ms
110110011100000000000000000100000100,000000000011100101101000100000001000,000000000000010010010101010011000001,001001100000001000000010001000110010,155,10636ms
010100011000001000001010000100000100,000001000100100000000001001000111001,100000100001010101010100000010000000,001010000010000010100000110001000010,143,701ms
100100000000010000100001001001010010,010010011001001000011000100000000000,000001100000100000000010010110001100,001000000110000111000100000000100001,73,28333ms
110010001000000010010001110000000000,000000110000101000101000000000101010,000000000100010001000010001101010100,001101000011000100000100000010000001,124,17312ms
110001111000000100001000000000001000,001000000010010010000100101001010000,000000000000101000110001000100100101,000110000101000001000010010010000010,157,1768ms
010110101000100000000000000000001110,000000000101001000100100001111000000,100000010010000010010001100000100001,001001000000010101001010010000010000,142,9748ms
000111011001000001000000000110000000,000000100000000000010111110000001100,010000000110110010000000000001110000,101000000000001100101000001000000011,122,2644ms
000111101000100000000100100010000000,000000000110011000100010001001001000,001000000000000110010001000000110110,110000010001000001001000010100000001,58,9141ms
001111001000000101000010000000000001,000000000100001000001100100101001100,010000110010110010000001000000000010,100000000001000000110000011010110000,81,19247ms
011011011000000000100000000000010100,000100000011001001001100000001100000,000000000100010110000010011100000001,100000100000100000010001100010001010,107,20212ms
100011010001000000001000010000100100,000100000010001001000010100011000001,010000100100100010100000000100011000,001000001000010100010101001000000010,157,686ms
000001100000001010000101000001000011,000100000001100001010010010100001000,000010001010010100000000100010010100,111000010100000000101000001000100000,0,151ms
011001100000010000000110000100100000,100010000000001000011001110000000100,000000001010100111000000001000010001,000100010101000000100000000011001010,62,7200ms
100100111001100000000000100100000000,010011000000001101000000000011100000,000000000100010010000110010000010110,001000000010000000111001001000001001,114,11662ms
001110101000000000000110000000100010,000001000010000000100000011011011000,100000000100111000011001100000000000,010000010001000111000000000100000101,136,89545ms
111001001000000000000000101000001010,000100000010010001100010000100000101,000010110000100010001000010001010000,000000000101001100010101000010100000,114,8424ms
111100110000100000000000010000010000,000000000010010000011001101100000100,000000001100001000100010000011101000,000011000001000111000100000000000011,157,1152ms
001101001000100000010000000000110001,000000010101010100101000001010000000,000010100010000011000000010101001000,110000000000001000000111100000000110,68,23184ms
101100111000100000100000001000000000,000010000110000011011000100000000001,010000000000010100000001000010111100,000001000001001000000110010101000010,144,2278ms
101011111000000000000000000010001000,010100000000100011101000001001000000,000000000110010100000001110000010010,000000000001001000010110000100100101,111,27994ms
100111100010101000010000000000000000,011000010001000001000000011000100010,000000000100010010001010100110010000,000000001000000100100101000001001101,141,13758ms
001101010101001000000000000000011000,000000000010100000010000001111100010,100010001000000011001001100000000001,010000100000010100100110010000000100,120,51024ms
110000001000000000000111011000010000,001011100000000101010000000101000000,000000010100000000001000100010100111,000100000011111010100000000000001000,83,23076ms
110100011000000000000000000100110010,000011000001110100101000001000000000,000000100110000010000010110000001001,001000000000001001010101000011000100,127,18546ms
100010111001001100000100000000000000,000001000010000001000001010101010100,010000000100010010111010000010000000,001100000000100000000000101000101011,157,292ms
000110001000100000100010100010000010,100000000000000010010101010000011100,010000100001001000001000000101100001,001001010110010101000000001000000000,79,90165ms
011111011001000000000000001000000000,000000100000000110000010010000011101,000000000100111001100000100000100010,100000000010000000011101000111000000,137,16586ms
100010001011000000101000000101000000,000001100000110000000001100000011010,011100000000000111000010000000100100,000000010100001000010100011010000001,157,46ms
101010000000010000100000111100000000,010000011010100011000000000000010010,000101100001001000000001000000101100,000000000100000100011110000011000001,98,31180ms
111010110100000000000000000100001000,000000000011000010011100010001000010,000101000000101101000001001000000001,000000001000010000100010100010110100,157,295ms
011101001000000000010010000000000101,000000000000110010001001000001111000,000000010110000100000100101110000000,100010100001001001100000010000000010,99,12711ms
111110101000000010000000000000100000,000001000001011001011000000011000000,000000010010100000100110010000000011,000000000100000100000001101100011100,147,1995ms
100111010000000001000000100000000101,001000100000110000010101000010100000,000000001100000100001010010101001000,010000000011001010100000001000010010,155,625ms
010001101000100000000001001000001001,100000010000000000011110100001100000,000000000111000110100000010100000010,001110000000011001000000000010010100,65,76433ms
100110110100000000000000110000100000,010001000000010000010010001100010010,001000001000000111101100000000001000,000000000011101000000001000011000101,159,5857ms
001101000001001110000000010000010000,000000010010010000001000100100001101,100000001000000000110011001000100010,010010100100100001000100000011000000,108,27735ms
111000010000100000000010000001010001,000010000110000010101000011000100000,000001001000000101010100000010001100,000100100001011000000001100100000010,108,7111ms
000011101111000000000000100001000000,110000010000001001000110000000010010,001000000000000100101000011010100100,000100000000110010010001000100001001,70,7646ms
110000000000101000110000010100100000,001001100111000000001000001000000001,000000010000000001000101100001001110,000110001000010110000010000010010000,93,1817ms
110100101000000100000000010000010010,001000010010011000000000000101001001,000010000100100010011010001010000000,000001000001000001100101100000100100,124,49201ms
000000010000101110000110000000001100,001000001000000001001000110000110010,110011000101000000110000000010000000,000100100010010000000001001101000001,127,478ms
000010000011000100100010001001000001,000001110000000000000001110000101100,111000001000101000000000000110010000,000100000100010011011100000000000010,153,6583ms
101100100000001000010001001001000000,000010011100010100100000000010000010,010000000000000001000110010100101001,000001000011100010001000100000010100,157,2675ms
110111011000000101000000000000000000,000000000010000000000100110110111000,000000100100000010110010001000000101,001000000001111000001001000001000010,177,276ms
010001001010101010010000000000000001,100000010001010000001111000010000000,000000100100000001000000110101100010,001110000000000100100000001000011100,62,10958ms
001001010001000000010010010000011000,100000000010101100000101001100000000,000110001100000000001000100001100010,010000100000010011100000000010000101,66,7682ms
110101100000000000001010100100000000,001010000001101010000000000000011100,000000001000000101010001001011100000,000000010110010000100100010000000011,124,5958ms
111101011000000000000010001000000000,000000100000001001000001110110010000,000000000111000000110000000001001110,000010000000110110001100000000100001,157,173ms
010001110100000011000010000000001000,000100001010010100010000011000000001,000010000001100000101100000010100010,101000000000001000000001100101010100,72,29638ms
011010000000001100101000000100001000,100001100000110000000000000001100110,000000001101000000000101101010000001,000100010010000011010010010000010000,102,24524ms
000010100001010100001000000001001001,000000001100000010000010001010100110,111100000000001000100000100100010000,000001010010100001010101010000000000,137,11871ms
011100110100000010000000000000011000,100001001000000101000010001010100000,000000000011110000100100110100000000,000010000000001000011001000001000111,120,17331ms
111111110000000000000000000000010000,000000000100001010010100010010001001,000000000001100001100001100001000110,000000001010010100001010001100100000,152,2431ms
100011101000000110000000000001100000,011000000110000000001000000100011010,000100010001001000000011001010000100,000000000000110001110100110000000001,92,12561ms
100001001000010000100110000000010010,000010000011000101010001100000001000,001000010100101010000000010001000001,010100100000000000001000001110100100,93,42177ms
101000111000010010000000000010000100,000010000000101101100101001000000000,010001000100000000010000100101010010,000100000011000000001010010000101001,157,1544ms
011001000001000000101100100000000010,100100001000011000000001001000100100,000000010100100011010000000101010000,000010100010000100000010010010001001,105,2528ms
001100111000110000010000001000000000,000010000100001011000001010000001001,010001000000000100000010000111010010,100000000011000000101100100000100100,82,17036ms
001001101100000000001100101000000000,100000000000010011010010010110000000,010100000001100000100000000001100110,000010010010001100000001000000011001,112,6850ms
101001100010010100000000100000000010,000100000000000001100110000001011100,010000001000100010000001010110100000,000010010101001000011000001000000001,157,2106ms
010110110000000001010001001000000000,000001001001000110100100010001000000,100000000010100000001000100110000101,001000000100011000000010000000111010,177,5465ms
100100001010010001010000010000000010,011000010001001000000000100001010100,000000000000100110000000001110101001,000011100100000000101111000000000000,55,43763ms
101101111000000000000000000000000011,000010000110000101000011000001000100,010000000001111010001000001000001000,000000000000000000110100110110110000,133,2368ms
100111000000011000000100010000001000,000000000110100010001000000000110110,010000110001000100000001101100000000,001000001000000001110010000011000001,120,9714ms
011100100110100000000100000000000001,000001010001010010010000010010000010,100000000000001100101000000100011100,000010001000000001000011101001100000,157,687ms
101111110000010000100000000000000000,000000001000000101000000000110101011,000000000001001000001010101001010100,010000000110100010010101010000000000,156,4096ms
011011110000010000000000000100100000,100100001000100110001000010010000000,000000000100001000010111001000001100,000000000011000001100000100001010011,103,61856ms
111000000100010000010000010110000000,000000010011101100001000001000100000,000111000000000000100101000001010001,000000101000000011000010100000001110,177,96ms
100010110000000000010000001010010100,001100000110101000000100010000000010,000000001001000100000001100101001001,010001000000010011101010000000100000,123,8142ms
110001001000100000000001001010000010,000010010001010100010000000001010001,001000000110000011001110000000000100,000100100000001000100000110100101000,139,7404ms
110101111000000001000000000000000100,001010000011001100000000010001000001,000000000100010000100101100010010010,000000000000100010011010001100101000,157,4673ms
110110110000000000000001000001000001,000000000000001010001000111110000100,000001001101100001100010000000001000,001000000010010100010100000000110010,177,913ms
111101111000000000000000000000001000,000000000000000001001011000111000011,000000000111100000100100101000000100,000010000000011110010000010000110000,136,1107ms
101110000000110000000000000010010100,000001001100000011000010000101000010,010000110011000000001001010000000001,000000000000001100110100101000101000,159,5549ms
110110100010100000000000000100001000,000000000100000101100100010000010110,000000001000001010011001101001000000,001001010001010000000010000010100001,132,11329ms
101111111000000000000000000100000000,010000000001001000011100011010000000,000000000010010101100000100000011001,000000000100100010000011000001100110,177,179ms
101001001001000010000010000010000001,000010000010010001011100001000100000,000100010100001100000001100000001010,010000100000100000100000010101010100,100,11826ms
111011101000000000000000000010100000,000000000010101010011100110000000000,000000000100000001100001000000011111,000100010001010100000010001101000000,140,10397ms
001110001000100010000000101000010000,010000010100000100000011000101100000,100000000011011001100000010010000000,000001100000000000011100000000001111,132,28052ms
100100101001010101000000000001000000,000000000100001000000000000110111011,011001000010100000100000101000000100,000010010000000010011111010000000000,144,79783ms
000000101000000000011001100010000101,010101010000010011000010000000001000,100000000100101100100100000000010010,001010000011000000000000011101100000,85,14045ms
101110100000010000001011000000000000,010000000010000010010100100001010010,000000011000100100100000001110000001,000001000101001001000000010000101100,170,1559ms
001010101000110010000000000100001000,000000000011000101000101000010000011,110001000100000000000010000001110100,000100010000001000111000111000000000,157,15608ms
100101000101000110000000100010000000,010000001000110001010001000100100000,000010100010001000000100001000011100,001000010000000000101010010001000011,95,29280ms
111100011000101010000000000000000000,000000000100010000100110100000000111,000011000011000000011000011000100000,000000100000000101000001000111011000,143,733ms
101100010010100000011000100000000000,000001000000001000100000001011100101,000010000001010011000001010000001010,010000101100000100000110000100010000,89,4967ms
001011000010010000100000100100000010,000000000000101000011001010001101000,110000011001000000000010001000010100,000100100100000111000100000010000001,137,1914ms
100011011000000000010010000001000001,010100000001001100000000101000101000,001000100000100001001001010010010000,000000000110010010100100000100000110,115,6854ms
111011110000000000010000000000000001,000100000000010010100100010010100010,000000000101001101001001000100010000,000000001010100000000010101001001100,157,1694ms
001101101000000000000000100010000110,000010000011101000000101000001000001,010000000100010011100000011000001000,100000010000000100011010000100110000,106,11365ms
111110110000010000000000000000100000,000000001000000100110101000001000101,000001000100101010000010010100010000,000000000011000001001000101010001010,177,102ms
110000011100101000010000000000000001,000001000011000100101000100000010010,000110100000010010000110011000000000,001000000000000001000001000111101100,162,13350ms
110100000100001000000001000000111000,000010010000010000010110001101000000,000001101010100100101000010000000000,001000000001000011000000100010000111,157,1566ms
010011111000010000000000100010000000,100000000011000100001010000100010001,001100000100101011000000000001001000,000000000000000000110101011000100110,104,57141ms
001001111001000001010100000000000000,000010000100000010000011110010001000,110100000010011000000000000000010110,000000000000100100101000001101100001,157,6757ms
010110011000100000000001000100001000,100000000011011100000000010000000110,000000000100000011110110101000000000,001001100000000000001000000011110001,102,254567ms
101010010001001000001100000000000010,000100000100110001100000100000000101,000001101000000110010000001000011000,010000000010000000000011010111100000,92,4484ms
100110011000000000001000000000110001,011001000000100100000000000110000110,000000000001000011100101110001000000,000000100110011000010010001000001000,102,206728ms
101110010000010000000100001000000100,000001001000001010000011100001000001,000000100001000100011000010000111000,010000000110100001100000000110000010,121,2361ms
110010110100000000001000100010000000,000000000000100111000100010100100100,001100001001001000000010000000001011,000001000010010000110001001001010000,144,2105ms
001001001100010010010001000000001000,100000010010001000001010001000010010,000110000001000001000000110100100001,010000100000100100100100000011000100,80,2769ms
100100100001000001100000001000011000,010000000010010100000011000101100000,001011011000101010000000010000000000,000000000100000000011100100010000111,136,4691ms
010101001001011100000000000000000001,000000000000100000010010100111010010,001000100010000010000101010000100100,100010010100000001101000001000001000,73,57589ms
111110010000000010000000000101000000,000000001000100101000000000000101111,000000100001011000001110100000010000,000001000110000000110001011010000000,164,2366ms
101010110000000010000000100000100100,000001000001010001100010010001010000,000100001100001100010000000100001001,010000000010100000001101001010000010,139,1666ms
101110111000100000100000000000000000,000000000101000001001000000001110110,010000000000000000010110010110001001,000001000010011110000001101000000000,177,171ms
010110000011000001000000100010100000,001000100000000100100100000100010110,000001001000010010001010001001000001,100000010100101000010001010000001000,56,11247ms
100010011100000110010000000100000000,001001100000010001000011000010010000,010000000000101000101100100001001000,000100000011000000000000011000100111,142,293ms
111011001000100000100000100000000000,000000000000001011011110000000100100,000100010110010100000000000011010000,000000100001000000000001011100001011,157,680ms
101001101000010000000000000000101100,000000000001000001100000111100010010,000100000010001100011101000001000000,010010010100100010000010000010000001,83,51799ms
101110011000100000000001001000000000,000001000111000010000010010001001000,000000000000011100111000100000010010,010000100000000001000100000110100101,153,7351ms
110110010000000011000100000000000010,000001000010100000010001000010101100,001000001100011100000000110000000001,000000100001000000101010001101010000,170,2625ms
011010101100000000000000000000010110,100001000001000101101001001000000000,000100010000010010010000100000101001,000000000010101000000110010111000000,75,26473ms
101000011000000001001000001001100000,010001000000011110000011000100000000,000000100011000000110000100000010110,000110000100100000000100010010001001,109,1562ms
110001101000100000010000000000001100,000000000110000001001001011011000000,000000000001011100000110000100110000,001110010000000010100000100000000011,112,26842ms
101011101001000000000001000010000000,000100010010100000010000100001101000,010000000100001010000100011100000100,000000000000010101101010000000010011,157,107ms
110111111000000000000000000000000010,000000000101010001001110010100000000,001000000010000100010000100011001001,000000000000101010100001001000110100,177,177ms
001010110000010000100000000010001010,010100000101001010010000001000000001,000000001000100001000101000100110100,100001000010000100001010110001000000,54,15625ms
101000010000001000110010000110000000,010011001000010010000001010000000001,000100100110000000000100000001110100,000000000001100101001000101000001010,132,2684ms
000100101000000100011000101000100000,000000010000100010100101000111000000,000010000101011000000010000000011010,111001000010000001000000010000000101,17,13907ms
111100101000010000000000000001000001,000010000011101100001010000100000000,000001010000000010010101000010010100,000000000100000001100000111000101010,144,1135ms
110011001001000000000100010100000000,001100010000111000000010000000010001,000000000000000011001001001010001110,000000100110000100110000100001100000,90,26922ms
010011011000001000001000000001000010,000000100001000101000100100100100100,100100000100010010110000000010001000,001000000010100000000011011000010001,157,84ms
011010001011100000100000100000000000,000000010000000000000010001011100111,000001100100001011010000010000010000,100100000000010100001101000100001000,120,43913ms
100010100000000000011000000000111001,011000011100010100000000001000000100,000000000001001010000111100101000000,000101000010100001100000010010000010,67,26716ms
110001010000010011100000000000000100,000100100000000100001000000110101010,000000000101101000010100111000000000,001010001010000000000011000001010001,135,23572ms
010001010000001010000001001000000101,100100000111000000100000000100110000,001000101000000000001100110001000010,000010000000110101010010000010001000,50,1410ms
100000111100100000000000000110000100,001000000010001000010010001000011001,010100000000010010101101100000000000,000011000001000101000000010001100010,157,2236ms
101000100101000000001000001001100000,010110001000100000010011000000000001,000001010010011000100000110100000000,000000000000000111000100000010011110,119,11513ms
100111101000000000010001000001000000,000000000100011000101010010100001000,001000000011100100000000101010000100,010000010000000011000100000000110011,113,7952ms
001010100001011000000000000000001011,000101000110000000010000011110000000,100000010000000000001111100001100000,010000001000100111100000000000010100,90,9616ms
001011001011000000001000000000001010,110000000000100100000110100010000001,000000110000010011110000001001000000,000100000100001000000001010100110100,65,3154ms
011011111000000000010000100000000000,000000000000010011100000000100010111,100000000110001100001000001001001000,000100000001100000000111010010100000,157,907ms
011000100101000001000000000100010010,000011011000010100000010001000000100,100100000010001010110000010000100000,000000000000100000001101100011001001,157,2627ms
101011001101000000000000101000000000,000100100010101000011100000000000001,010000000000000101100001000011001100,000000010000010010000010010100110010,150,2519ms
100000110010001000001000000001001010,010110000000000110000010011000100000,001001000101000000110001100000000100,000000001000110001000100000110010001,120,4714ms
100001000101101000000100000001001000,001110000010000000000000101010100001,000000010000010001110010010100010000,010000101000000110001001000000000110,120,603ms
100110001001100000010001000000000010,000000110100011000100000100000101000,010001000010000001001100010000010100,001000000000000110000010001111000001,138,3101ms
111100010100000000010000010000100000,000001001001100000000010001010001001,000000000000000001100100100101010110,000010100010011110001001000000000000,157,2741ms
000101101010010100001010000000000000,010010000000000010010000010000011110,001000010001101000000001100100100000,100000000100000001100100001011000001,46,18268ms
110010111000000110100000000000000000,001101000010010000011000100000001000,000000000000100000000001001111010110,000000000101001001000110010000100001,108,86980ms
000010111000000100000000000001101010,100000000101101011100000100000000000,011101000000000000001000001010010001,000000000010010000010111010100000100,96,91643ms
010110100100001001000000000001000010,001000000010000100111100000100000001,100001010001010000000000001000011100,000000001000100010000011110010100000,170,1551ms
011010110000001000000100001010000000,100000000100010000001011000100010010,000101000010000001100000010001100001,000000001001100110010000100000001100,92,6160ms
110101001100100000100100000000000000,000010000011011010001000000000001100,001000000000000101000001101010100001,000000110000000000010010010101010010,140,7258ms
101110101010001100000000000000000000,000001010100000010010100010100001000,000000000000000001101000100010110011,010000000001110000000011001001000100,153,6408ms
000000110000100100001101100000010000,011010001000010010000010000000001001,100000000101000000000000001111000110,000101000010001001110000010000100000,85,37349ms
100111110000000001000001000100000000,001000001000000110110000100001001000,000000000011001000001100001010000110,010000000100110000000010010000110001,130,4152ms
010001111101001000000000000000001000,001000000000000000001100111011010000,000000000000110010100010000100100110,100110000010000101010001000000000001,93,70059ms
111111100110000000000000000000000000,000000011000100000001100000001101100,000000000000011100010010111000000010,000000000001000011100001000110010001,177,38ms
010101111000001000000000010000001000,000000000001000011101010000001010100,101000000010100000010100100000000011,000010000100010100000001001110100000,157,586ms
000111001001000000100001101000000000,110000000000000001000110010110000001,000000110010100010010000000001000110,001000000100011100001000000000111000,85,45756ms
111000100100000100000001100010000000,000000000010110000100100000000110101,000100000000001001011010001001000010,000011011001000010000000010100001000,118,2072ms
110001000000000100000000011001001100,000100000110000001010000000000110011,001010001001100010000011000100000000,000000110000011000101100100010000000,127,13002ms
111000001000000100001010100000000100,000001000000001000110001000110011000,000110100010110011000000000000000001,000000010101000000000100011001100010,174,14039ms
111100100001100000010000000000100000,000010001000010010000110110000000100,000001000010000101001000000110011000,000000010100001000100001001001000011,157,3497ms
001000101000000100000100001100001001,000110000101000000011000000011000100,110000000010001010000001110000100000,000001010000110001100010000000010010,121,2297ms
100001101001000000100000010000000110,011000000000100010010001100100010000,000110010000000101001100001010000000,000000000110011000000010000001101001,115,11403ms
101101110100000000000000000100000001,010000001011001000010000100011000000,000000000000110110000110000000110100,000010000000000001101001011000001010,136,1430ms
111101010010000000000000000001000010,000000101000000100011111010000000000,000000000101000001100000001010110001,000010000000111010000000100100001100,157,5938ms
110010100100100100000010000000000100,000100011001001000010100110000000000,001001000010010010100001000101000000,000000000000000001001000001010111011,157,18727ms
111101001000001000001001000000000000,000000010100000100000000101101011000,000010000000110000000110000010100011,000000100011000011110000010000000100,127,11769ms
001101110000000100100000010000000100,000010001000100001010000000100001011,000000000110011000000001100001110000,110000000001000010001110001010000000,80,9406ms
011110001000000010000000010000100100,000000100110110000001000100000001001,100001000000001100010100000101010000,000000010001000001100011001010000010,177,176ms
101010100000100000001010001000001000,010100010000010100000001010000010001,000001001001001000000100100101000010,000000000110000011110000000010100100,92,5392ms
000011111000010000001000010001000000,000100000110000000100001001000001011,010000000000101001000010000010110100,101000000001000110010100100100000000,34,1887ms
111010000000000010100000010100000100,000000000100000000010100101010100011,000001101000010000000011000001011000,000100010011101101001000000000000000,149,41823ms
011011001110000000000101000000000000,100100000000101110000010100000100000,000000100000010001111000000110010000,000000010001000000000000011001001111,123,949ms
000011010000100100100000000010000011,010000000110000011001101100000000000,101100000001000000010010000000011100,000000101000011000000000011101100000,118,5507ms
001000111100010000000000011000000100,010100000001001100000100000110100000,100001000000100010010001000000011001,000010000010000001101010100001000010,90,5023ms
001110010011000000000001000000100100,000000000100010010110000110000011000,100000101000100001000100000110000010,010001000000001100001010001001000001,151,3348ms
001111101000000000000000000000010101,010000000001000100000010011000101010,100000000000100001101100000111000000,000000010110011010010001100000000000,177,1870ms
101000110001000100100000000000000011,010000000010000001011111000010000000,000110001100010000000000001001010100,000001000000101010000000110100101000,147,1806ms
111111010000000100000000000010000000,000000001100000010000010000101100011,000000100000111001101000101000000000,000000000011000000010101010000011100,177,1089ms
101011100000010001100000000000001000,000100000000100110000000100001010011,000000001110001000001000011110000000,010000010001000000010111000000100100,157,125ms
000111110000000000010010100000001000,010000000100100000001100010100100100,100000001010010000000000001001010011,001000000001001111100001000010000000,148,7188ms
101111010000101000000000100000000000,010000100011000110010000010000000100,000000001000010001101000001000010011,000000000100000000000111000111101000,139,32060ms
011111111000000000000000000000001000,000000000000010000101011001101010000,100000000101001000010000110010100000,000000000010100111000100000000000111,177,152ms
100110111000000010000000010100000000,000000000100000100101001000011001010,010001000000011000010100101000100000,001000000011100001000010000000010101,156,1986ms
011101111000000000000010000000000100,000010000001100100000000100001110001,100000000010010001101000001010001000,000000000100001010010101010100000010,157,955ms
000100011001000001000001000101000010,100001000000110110100000000000010100,001000000000000000001110111000101000,010010100110001000010000000010000001,33,16445ms
110111010000000000001011000000000000,001000101001000000100000000010110100,000000000100101010010000101001000010,000000000010010101000100010100001001,142,23768ms
100100010000100000000000010100001101,001011100100010000000001000011000000,010000000000001111000110000000010010,000000001011000000111000101000100000,90,6443ms
000000100110000001100010110000000001,000111000000110100010000001100000000,011000001000000000000101000011001010,100000010001001010001000000000110100,76,15025ms
101100000000110110000000000000001100,010000001011001000000001000011000010,000011000000000001100110011000100000,000000110100000000011000100100010001,83,40170ms
010000100000000101000101010011000000,000001000010100010100000001000110001,001110010101010000000000000000001010,100000001000001000011010100100000100,118,5803ms
001100001110000000000100100010000001,010011000000000001010011011000000000,000000110000011010001000000001101000,100000000001100100100000000100010110,32,30074ms
000111000001000100100100100000010000,011000001110000000001010001000000001,100000000000101010010000000011000110,000000110000010001000001010100101000,100,25792ms
101101100000010100110000000000000000,010000000101100010000010000100001100,000010001000000001001001011010100000,000000010010001000000100100001010011,157,195ms
001111111000001000000000100000000000,000000000000100101010100010001001010,010000000001010010001001000000110001,100000000110000000100010001110000100,112,43546ms
101010001011000101000001000000000000,000100100100000010100010100000010010,000000010000010000010000001110001101,010001000000101000001100010001100000,123,8488ms
001100000000000010110100001000000011,110001110000100100000000100001000000,000010000010000000001011000110110000,000000001101011001000000010000001100,28,2198ms
111011010000001100000000000000000010,000000000100000011010000101110100000,000000100000010000100101010001000101,000100001011100000001010000000011000,127,13110ms
011000110000000001010100100000001000,000000000000001000101000000111110001,100010000010010100000010010000000110,000101001101100010000001001000000000,115,76394ms
010000101001000011001000000100000010,001101000000001100110110000000000000,000000010110000000000000111000011100,100010000000110000000001000011100001,49,24714ms
000010011000100100000001010010000010,001001000001010001000000100001011000,100100000010001000101100000000100001,010000100100000010010010001100000100,79,3760ms
000011100001010010000000001110000000,010100011000000001001100000000101000,000000000110001100010001100001000010,101000000000100000100010010000010101,31,6399ms
111001010000000000000000000010100101,000100000100110100000011000101000000,000000001010001000101000010000011010,000010100001000011010100101000000000,137,12663ms
001001110000010010000000010100000100,010000001100000001111100000001000000,000000000000000000000011101010111010,100110000011101100000000000000000001,40,47761ms
000011110000000000000110000000110010,000000001000010100100000111110000000,000100000111101001000000000000001100,111000000000000010011001000001000001,49,5456ms
110100010011000001000010000000000100,000000001100010000101101001001000000,000011000000001010000000100010101010,001000100000100100010000010100010001,114,17414ms
100001010010000000100000100011100000,000010000000000110010110010000000110,001000000101111000000001001000010000,010100101000000001001000000100001001,111,2790ms
110001110000000001001000000000011000,000000001111001000100000100000100010,000100000000000100000110010101000101,001010000000110010010001001010000000,157,2802ms
101100001100000000110000010000001000,000000010010011001000000001011010000,000010000001000010001100100100000101,010001100000100100000011000000100010,144,669ms
010000111010000100000100000000010100,000100000000000010011001110010000010,100000000001010001100010001000001001,001011000100101000000000000101100000,102,69442ms
100010101000010000000001000001001100,011101010101000000000000000100000001,000000000010100010100110010010100000,000000000000001101011000101000010010,67,93133ms
011101000001110010000000010000000000,000000110000000100010001100110000001,000010000100001001100100001001000100,100000001010000000001010000000111010,112,15315ms
111100111000001000100000000000000000,000000000111000001001000100000101100,000010000000010100000100010111010000,000001000000100010010011001000000011,157,249ms
110000111000000101000000101000000000,000010000000101010110000000010100001,001100000011000000001101010100000000,000001000100010000000010000001011110,136,979ms
100001011100000001001000000000100100,000010000011000100100010010110000000,010100100000101000000100100001001000,001000000000010010010001001000010011,125,1909ms
000001010000010100000100100011100000,110100100000001010100000001000000010,000010001011100000010001000000000101,001000000100000001001010010100011000,4,329ms
110101000000001001001000010001000000,001000000000000010110100001000101001,000010100000100100000011000010000110,000000011111010000000000100100010000,110,9471ms
011111010000001000000100010000000000,000000001100100010100000100000110010,100000000010000100001011001010000001,000000100001010001010000000101001100,173,1756ms
010000000100100000100000011101100000,000010001001000101011000100000001000,001100010000000010000111000010010000,100001100010011000000000000000000111,100,17177ms
100101100100000000001000010000110000,001010010011000000100000100000001010,000000000000010011010100001101000001,010000001000101100000011000010000100,104,4231ms
000110100100001100000000000101001000,001000001000000000111100000010000110,010001010000110010000000001000010001,100000000011000001000011110000100000,97,136504ms
011010100000000000000000101010000011,000100001001101000010100000100000100,000001000110000011101010000000100000,100000010000010100000001010001011000,99,9573ms
101011010000000010000100000100100000,000100001010001101001000000000010100,010000100001100000100011010000000010,000000000100010000010000101011001001,153,1916ms
000010101000010000001110000000000011,100000000001000011010001000101010000,000100010010100100000000011010100000,011001000100001000100000100000001100,10,1670ms
010100101100000010000000101010000000,000010000000101100100010000100000011,001001010010010000000101000001001000,100000000001000001011000010000110100,70,4601ms
100000000001000011001011000000101000,010000000110000100010100010010000010,001011111000010000000000101000000000,000100000000101000100000000101010101,115,9674ms
000100010100011000100000010000100010,011010000000000000000101000001001101,000001000001100011001010000100010000,100000101010000100010000101010000000,26,8481ms
101011110000000000000010000000001100,000000001100000010001101010000100001,010000000011011000110000000001010000,000100000000100101000000101110000010,144,528ms
000011001000110000111000010000000000,001100010000001000000101000000011010,110000100001000111000000000001100000,000000000110000000000010101110000101,131,27582ms
000101000000010000001010101000000101,000000110011001100000000010010100000,110000001000100000010100000101010000,001010000100000011100001000000001010,122,2161ms
011110101000000000100000001100000000,000000000001000101010010100010001010,100000000110100010000101000000110000,000001010000011000001000010001000101,177,757ms
110001100000000101100010100000000000,001000001101100000000100001000100001,000110000010000000001001010001001010,000000010000011010010000000110010100,152,9934ms
000010110000000010100000000110011000,110000000000000101001001001000100001,000101001000110000000000110001000100,001000000111001000010110000000000010,78,7955ms
011010010001010000000011000000100000,000001101000101000001100001000000001,000000000000000100110000010110010110,100100000110000011000000100001001000,83,69416ms
111010100010010001000000000000000100,000000010100001110010001001000010000,000000001001100000001010100101001000,000101000000000000100100010010100011,133,27410ms
100101001101000101000000100000000000,011000010010100010001000001000000010,000000000000010000000110000101011101,000010100000001000110001010010100000,94,98148ms
010100000101000000001000001010100010,001001010000000110010001000001001000,000000100010100000000010110100010100,100010001000011001100100000000000001,55,963ms
111010010000000010000001001000010000,000000000100001101000000100011001010,000101001010110000100100010000000000,000000100001000000011010000100100101,141,25282ms
101100011100000000010000000000011000,000011100011000001100000100000100000,010000000000000110001011000110000001,000000000000111000000100011001000110,152,4816ms
111111101000000000000000000100000000,000000010000011000011000000001011001,000000000100000011100111000000100100,000000000011100100000000111010000010,177,81ms
100101101000000001100000010000000100,010000000100100000011100001001010000,000010010001000100000011100010100000,001000000010011010000000000100001011,113,9623ms
010111100000100000010000010010000000,100000000100001011100010000000010100,000000011011010100000100001000000010,001000000000000000001001100101101001,73,32604ms
000110111010000001000000000000001010,110000000000101010000001001001000001,001001000101000100100100000000100100,000000000000010000011010110110010000,87,1416ms
110000010000001000110000000001001010,001000101010010100000000000000110001,000011000100100001000110001000000100,000100000001000010001001110110000000,126,15687ms
010111111000000001000000001000000000,100000000001111000100101000000000100,001000000010000010001000100101001010,000000000100000100010010010010110001,94,69919ms
101001010100001110000000000000000100,010100001001000000000011100000001001,000000100000010001010100010011100000,000010000010100000101000001100010010,93,7144ms
000100100001001000000011000000100011,000010011000000000000100100110011000,101001000010010110100000010000000000,010000000100100001011000001001000100,111,24018ms
000111111000001000001000000000001000,101000000001100101000000100001100000,000000000000000000110110001100010101,010000000110010010000001010010000010,109,5853ms
010110001000000100100001000000100010,000000000011000010000100001110010100,101001110000011000000000000001000001,000000000100100001011010110000001000,166,9374ms
010010100001000010001100000110000000,000101001000010000000001101000001001,001000000010101100000010000000010110,100000010100000001110000010001100000,52,2066ms
011111100000000000000010000000010010,100000000001001001100100000010100100,000000010000010000011001100001001001,000000001110100110000000011100000000,86,47911ms
001100010100001000010100000011000000,010000100000100010001010010100001000,100010001010010100000001100000000010,000001000001000001100000001000110101,110,1803ms
010101100100010100000001100000000000,001010000010101000010000000101010000,000000011000000010101000010010001100,100000000001000001000110001000100011,101,34612ms
011100001000100000110000100000010000,100001000010000001000110010000001100,000000110100000010000000001111000010,000010000001011100001001000000100001,122,1512ms
001000000110010010100001000100001000,100001100000001000010000000010000111,010010000000100100000000111001100000,000100011001000001001110000000010000,73,7245ms
000001111010100000000000001000100001,101000000101010000100010000110000000,010000000000001100000101000001011100,000110000000000011011000110000000010,31,632ms
101101010000100100000000000000100100,010000000000010000100110110011000000,000000101001001001001001000100001000,000010000110000010010000001000010011,115,3721ms
010101110101000000001001000000000000,000010000000101000100000000001100111,100000001000000100000110011010001000,001000000010010011010000100100010000,150,490ms
011101110000000000100000000000100100,100010000000010110010011000001000000,000000000001100000001100101100001010,000000001110001001000000010010010001,107,28699ms
110100100000000000000110001000011000,000010011100010001000001000001100000,001000000010100100110000100100000100,000001000001001010001000010010000011,154,1141ms
100000011000001010010001001000100000,000100000001010101101100010000000000,010000100100000000000010000110001011,001011000010100000000000100001010100,117,96103ms
011100101100001000000000000001000001,000011000000000000110100010000101100,100000000001100110001010000100000010,000000010010010001000001101010010000,157,2270ms
000110101000000000000100001000001101,101000000100000100010000010100010010,010001000001100011000001000010100000,000000010010011000101010100001000000,80,14515ms
001110110000000100000000000000110010,100000000000011011000001001101000000,010001001000000000111010010010000000,000000000111100000000100100000001101,128,28034ms
110100111000000000000100000000101000,000010000100100000001001000110000011,001000000000011011110000001001000000,000001000011000100000010110000010100,157,590ms
111101000000010000000000110010000000,000010010000100011000100000100100010,000000100000000100110011000000011100,000000001111001000001000001001000001,157,649ms
110000110000000000000111001000000001,000110000000011000111000000101000000,000001000100100010000000110010000110,001000001011000101000000000000111000,107,22055ms
101111011001000000000000000000000001,010000000100111010010000100000010000,000000100010000000001100010110100100,000000000000000101100011001001001010,177,4830ms
000101111110000000000000000010010000,110010000001100010001000101000000000,001000000000010100010011000100100010,000000000000001001100100010001001101,88,94506ms
111000101000010000010000100100000000,000010010100101000001000001001010000,000101000010000011000001000000101100,000000000001000100100110010010000011,133,2313ms
000101110100000000110000010000000100,011000001010000010000000101100100000,000010000001110001000001000000011010,100000000000001100001110000011000001,62,7878ms
101101000011000000000000000000101100,010000010000000000000111111000010000,000000000000001110011000000011000011,000010101100110001100000000100000000,100,62235ms
010000010000100001010110000100000010,000001101001000010101000000000101000,000100000110001000000001001011000001,101010000000010100000000110000010100,65,667ms
000010010010000000100100100000100101,100000101001010001010010000010000000,010001000100000000000001011100010010,001100000000101110001000000001001000,66,2297ms
011110100000000011011000000000000000,000000010001011000000100110100000100,100000000100000100100010000001101001,000001001010100000000001001010010010,177,333ms
001000100100000101001000000001110000,010100011000010010000001100100000000,100011000010100000110000010000000100,000000000001001000000110001010001011,128,5265ms
001010011000001001101000000100000000,110000000000100000000100000011110001,000001100011010010000010001000000010,000100000100000100010001110000001100,83,10030ms
100011001000100010000000000101000100,000000000110001000000101000010110001,010000110000010000111010000000000010,001100000001000101000000111000001000,157,14716ms
100101110001001000001001000000000000,010000001000010000010100000001001101,000010000110100001000000000010110010,001000000000000110100010111100000000,132,13389ms
111110100010000000000000000100000100,000001000000000001001010000011011010,000000011001000010110001001000000001,000000000100111100000100110000100000,177,2923ms
110001011010000000010100000000001000,001000000001001001101001100100000000,000110100000100010000000001001000101,000000000100010100000010010010110010,133,6864ms
001100110010000000010001000001001000,100000001001011001000100000000000110,000000000100100010001010101100010000,010011000000000100100000010010100001,62,25054ms
000100001100010001000010100101000000,011000100000000000100000010000101110,100001000010100100010000001010010000,000010010001001010001101000000000001,94,16481ms
100000100000010001100000001000111000,000001001000000110010001010001000010,011100000110000000000010000100000101,000010010001101000001100100010000000,157,235ms
000001001000000101010000000011010100,001010100001101000101000100000000000,100000010110000010000101001000100000,010100000000010000000010010100001011,78,43365ms
011011100011000000000100100000000000,000100000100001001000000011100101000,100000001000100000000011000010000111,000000010000010110111000000001010000,130,5534ms
110011100000000100010000100000001000,001000000001000000100100001100110100,000100001100001000000010010001000011,000000010010110011001001000010000000,130,5162ms
100101111000001000100000000000001000,000010000010000000000100101110100001,010000000000010001001010010001010010,001000000101100110010001000000000100,140,1610ms
111110011000000000000000001000000100,000001000000010001010001000001101001,000000100000101010101100010100000000,000000000111000100000010100010010010,177,152ms
000111100100000010000100001000001000,100000000001010100010000010000010101,001000010000001001001000100111000000,010000001010100000100011000000100010,79,922ms
000011011000010010100000000011000000,011100100000000000001000000100110001,100000000001001100000011011000001000,000000000110100001010100100000000110,76,23064ms
111110111000000000000000000010000000,000000000110010001100000101000100100,000000000000101110000101010001000010,000001000001000000011010000100011001,160,908ms
000001011000010000010110000000000101,110010000010000001001000000001001010,001100100000100010100001001010000000,000000000101001100000000110100110000,50,11973ms
110011011000000010000100000100000000,001000000110001001000001001001001000,000000100001010000010010100000110010,000100000000100100101000010010000101,133,2736ms
101001111010000001000000000001000000,000100000000001010101100001000010100,010010000001100000000001010000101001,000000000100010100010010100110000010,133,2449ms
000101011001010001000000100100000000,000000000000000010011100000010010111,100010100000100100100011010000000000,011000000110001000000000001001101000,122,72134ms
001111011000000000000000110000001000,100000000010011000000100001111000000,000000000100100100010011000000100011,010000100001000011101000000000010100,78,15173ms
001010000000101000000110000000010011,000100000001000111000000000101101000,000000111010010000101000100000000100,110001000100000000010001011010000000,39,10512ms
101001011000000001000000000001100001,000000000000100010010100100100011010,000000000111001100100010000010000100,010110100000010000001001011000000000,118,222135ms
010001011000000110010000100000000001,001010000010011001000001000011000000,000100100000100000101100001100010000,100000000101000000000010010000101110,78,31342ms
001000001000000100110000001010010001,000001000100101000000011100100100000,100100100011010000001100000000000010,010010010000000011000000010001001100,104,4380ms
001110000001000001100010001000000100,000000011000011000001000110001000010,100000000110000110000001000110010000,010001100000100000010100000000101001,159,2421ms
101010111000001000000000001010000000,010000000100110001000011100000100000,000100000010000010101000000001000111,000001000001000100010100010100011000,130,4190ms
101101001000100010011000000000000000,000000100110000000000100110010000011,000010000000001100100011000001100100,010000010001010001000000001100011000,127,4110ms
101010011000011000010000000100000000,000101000001100000000000000011011010,010000100000000100000101111000000001,000000000110000011101010000000100100,119,20679ms
101101101000010000000010000000100000,000000010000100001000000011101011000,010000000111001110001000100000000000,000010000000000000110101000010000111,157,6470ms
100011111000000000000100000000101000,011100000111001010000001000000000000,000000000000000001111010111001000000,000000000000110100000000000110010111,100,247347ms
001010001001000111000000000011000000,100000010000010000010011000100010010,000101100010100000001000110000000001,010000000100001000100100001000101100,59,21113ms
100000001011100000000000100100011000,000110000100010010000100001000100010,011001000000000101100001000001000001,000000110000001000011010010010000100,144,933ms
111101101000000000001001000000000000,000010010010001000110000100001000001,000000000001100101000010010100000110,000000000100010010000100001010111000,126,25069ms
001001000000100011010011001000000000,000110010100010000000000000000111100,110000100001001000000100010000000011,000000001010000100101000100111000000,89,55461ms
110111101000000000000010000000000001,000000000001000000001000110110001110,000000010110100010110100000000010000,001000000000011101000001001001100000,177,310ms
100011100001000000100100100000001000,000000000110001011000011000010100000,010000000000110000010000011001000110,001100011000000100001000000100010001,98,10324ms
110111100000011000000100000000000000,001000010101100001000000000110000010,000000000000000000110010110001011100,000000001010000110001001001000100001,164,96995ms
101100110000000000100100100000001000,000001000100010100000001011000010001,010010000010001000010010000010100010,000000001001100011001000000101000100,144,1393ms
100001111001010000000000001000000100,000010000110000100010000100011100000,001100000000001001001001010000000011,010000000000100010100110000100011000,97,987ms
111010101001000000001000000000100000,000001000100000010110000010001010010,000100000000111000000110100000001100,000000010010000101000001001110000001,121,2527ms
100110010100000000000100010000001001,001000100010010010110000000101000000,010001001001000100000001000010010100,000000000000101001001010101000100010,164,604ms
101001000011000000000000000000110101,000000000100001010001001010001001010,010000011000000100100010101100000000,000110100000110001010100000010000000,150,9672ms
110011110000000110000100000000000000,001000000000101000000001010100010011,000100000001010001000000101010001100,000000001110000000111010000001100000,124,2920ms
110000101000010001000010000101000000,001100000010100100000000010010011000,000001000001000010111101000000000100,000010010100001000000000101000100011,157,4664ms
001001100001000001010000100010000001,000100010100000000101100010000011000,010010001000111000000000000001000110,100000000010000110000011001100100000,67,13598ms
111110001010000000000010000000010000,000000100001000101010000001000001110,000000000100000010100001110110100000,000001010000111000001100000001000001,177,259ms
001100101000001000010000010100000010,100010000100010010001000101000010000,010000010001000001100011000001100000,000001000010100100000100000010001101,108,14153ms
110011111000100000000000001000000000,000000000001000110010110100100000100,000000000100001000001001010010101010,001100000010010001100000000001010001,144,5269ms
001111000100000011001000001000000000,000000101011000000010100100010000001,100000000000111100100010000100000100,010000010000000000000001010001111010,160,12304ms
001011011001000000001000001000001000,000000100000001000000110110110100000,010000000010010100000000000001010111,100100000100100011110001000000000000,72,116887ms
001100100100000000010100000100110000,100000001010010100000001100010000010,000011000001001010100000011000000001,010000010000100001001010000001001100,93,1293ms
011101101001000000000010000000100000,100000010000001000110000110000001001,000010000000100100000001000011010110,000000000110010011001100001100000000,66,35725ms
011101100000100000100011000000000000,100000000100010011000000110010000001,000000000011001100000000001001100110,000010011000000000011100000100011000,74,146994ms
111101110000000000000001000001000000,000010000000000111010000100000110100,000000001011001000001000011100000001,000000000100110000100110000010001010,149,2074ms
111111001000000000000000010000100000,000000010010000100000100001001010101,000000100101101011000010000010000000,000000000000010000111001100100001010,172,3926ms
001101111111000000000000000000000000,110010000000011000010000101000000100,000000000000000100000111000111100010,000000000000100011101000010000011001,85,46971ms
001010010100000010000000100010001001,100100000001000101000100011000010000,010001000000001000100001000001100110,000000101010110000011010000100000000,92,4902ms
010011000010000010000000000010101010,000000001100000000011110010100000001,101000100001011000100000000001010000,000100010000100101000001101000000100,144,1490ms
110011000000010001000010000000000110,000000001000000010111001000010110000,000000110011001000000100100001001000,001100000100100100000000011100000001,92,4289ms
100111011000000000001000000100000010,000000000001000001010001101010110000,001000000110010000100110010001000000,010000100000101110000000000000001101,153,8261ms
111011000000010000000010000010000010,000000011011000010000001000001100001,000000100000000100100000011100011100,000100000100101001011100100000000000,157,5627ms
000001000100000010110000000000100111,010110000001000001000100100010001000,000000101010001000001011000100010000,101000010000110100000000011001000000,50,662ms
111001111000000000000000000000110000,000000000100010001011011001010000000,000000000010000110000100100101001001,000110000001101000100000010000000110,157,630ms
100111111000100000100000000000000000,001000000100000110011000000001010100,000000000001000001000001101100101001,010000000010011000000110010010000010,154,1057ms
011100011011000000010000000100000000,000000000000111100100001001000010001,100001000000000011000110010000100100,000010100100000000001000100011001010,139,1353ms
011000101000001000010000010000010001,000000000110110001000000000100001110,100101000001000100000000001011100000,000010010000000010101111100000000000,127,231601ms
010100001010010100110000000000010000,000000010000000011000001100101000011,000011000100001000001000011010001000,101000100001100000000110000000100100,103,1711ms
110110000100100000100010000100000000,001001000010000000001000010010100110,000000011000011010000001101001000000,000000100001000101010100000000011001,153,1190ms
011000000000001000001001100001000110,000011110010010000010100010000000000,000000001101000111000000001010000001,100100000000100000100010000100111000,32,12147ms
111001101000010000000010000000010000,000000010011000010000000101001100010,000100000000100101101000010010000001,000010000100001000010101000100001100,132,1583ms
100111001000001100000000000010100000,010000000000100001010001001000010011,001000010001000010100010100001001000,000000100110010000001100010100000100,147,3786ms
