010101010000000000100001000001000101,100010000000011100001100100010000000,001000001100000011000000011000001010,000000100011100000010010000100110000,84,4710ms
110110101100000000001000001000000000,000000000001100100000111100000110000,000001000000010000100000000110001111,001000010010001011010000010001000000,177,147ms
100011100000001110000000100001000000,001000000100010000001010001010000110,000100001000100001010000000100011001,010000010011000000100101010000100000,97,6735ms
111111010000010000000000000000000010,000000001101001001001100110000000000,000000100000000010010011000011001001,000000000010100100100000001100110100,154,4831ms
000101000000000100000001000011110001,000000011100101001000010001000000010,010010100011000010000100100000001000,101000000000010000111000010100000100,48,29105ms
011100001000000000010001010001001000,000000000100111001000000000100000111,100000110011000000001000001010010000,000011000000000110100110100000100000,135,36223ms
001001001000101100000001000011000000,010000010010000000010000011100010001,100000100100010000000110100000100010,000110000001000011101000000000001100,103,1647ms
011001000110000000001010000000100100,000100001000000100000101100001001001,000000100000101011100000000110000010,100010010001010000010000011000010000,105,4927ms
011101001000001010000000000100000100,000010000101000100110000111000000000,100000000010000000001010000010011011,000000110000110001000101000001100000,157,10346ms
101110111000000000000000000110000000,000000000000100111000100100000100101,000000000100001000011011000001010010,010001000011010000100000011000001000,161,783ms
101101111000000010000000000000100000,000000000101001000011100101000001000,010010000010000000100010000010010101,000000000000110101000001010101000010,157,2459ms
011000001001000000000101010100001000,100000010100010000101010000001100000,000110100000100100010000000000000111,000001000010001011000000101010010000,97,2447ms
000101011010000000010001000110000000,100000100000001011000100000000110100,011000000100000100000010111000000010,000010000001110000101000000001001001,103,998ms
010101011000000001100100010000000000,000000100001111000001001001001000000,001010000100000100010010100000001010,100000000010000010000000000110110101,116,21877ms
111100000000011010000000000000100001,000000000000100000110001011110010000,000010110010000000000110100001000010,000001001101000101001000000000001100,120,8092ms
000010011000000001010100100000000101,100000100101000000001010000000011010,010101000000010100100000010001100000,001000000010101010000001001110000000,77,908ms
111001110000000100000000000000000101,000110000000001000001100010001101000,000000001101110001000000100010000010,000000000010000010110011001100010000,144,9124ms
100001010100000100101010000010000000,000110000001001001000000010000011001,000000100010100010010100000001100010,011000001000010000000001101100000100,103,3065ms
111101000000010000000100000001000010,000000111011001000000010000000010100,000010000100100101010001000000100001,000000000000000010101000111110001000,130,8268ms
111000000000101000010010001000100000,000000011000010011001000110000010000,000001100011000100000101000101000000,000110000100000000100000000010001111,131,6626ms
111001011000001000001100000000000000,000000100000100110100000011000100100,000110000000010000000011100010010001,000000000111000001010000000101001010,160,1009ms
110111101001000100000000000000000000,000000000100101000011000010110010000,000000000000000011000001101000101101,001000010010010000100110000001000010,147,3008ms
010011000000001000001000101000100100,001000100010000011000011000001001000,000000010001100000010100010110000010,100100001100010100100000000000010001,56,3923ms
100100111010110000000000000010000000,010000000000001101001010100000000101,000011000001000010010001000001011000,001000000100000000100100011100100010,129,207ms
101100110000000010010000100000100000,000001000101010100000100010010010000,010010000000000000001011000101001001,000000001010101001100000001000000110,157,560ms
110010010001000000000011000000000110,001001000000000101000100001101000001,000100100000011010011000100010000000,000000001110100000100000010000111000,103,4874ms
010110110010000000000010001100000000,100001000000000000000100010001101011,000000000101100111010000100000010000,001000001000011000101001000010000100,81,54157ms
000111111100000001000000000000000001,110000000001000010100011000000001100,000000000000100100000000111101110000,001000000010011000011100000010000010,105,4901ms
110000111001000000000001000000110000,000100000110000001100010000100000101,000001000000000100011100011010000010,001010000000111010000000100001001000,106,11008ms
111011011000000000000001000000000100,000100000000001011011000110010000000,000000000110010100000010000001011001,000000100001100000100100001100100010,136,9471ms
110011111000000000001000000000010000,001100000000100001010010000001000101,000000000101010000100000011100001010,000000000010001110000101100010100000,157,701ms
011101011000010000000000010000001000,000010000000001000110001001000110001,100000000010100011000100000101000010,000000100101000100001010100010000100,157,834ms
011100000100101000000001000001000100,100011100001010010000010000010000000,000000011000000101100100010000000011,000000000010000000011000101100111000,66,13753ms
101000110000110000100000100100000000,010011001110000000000010000001000010,000000000000001100011100010000011100,000100000001000011000001001010100001,99,3671ms
101000011000110000000010100000100000,010000000100000001001001000010001011,000010100011000000110000001001000100,000101000000001110000100010100010000,133,1060ms
011100010001100000000010100000001000,000010100010011001001000000100000100,000000000000000110110001010001000011,100001001100000000000100001010110000,62,14252ms
011110011000000100000000000000101000,100001100111010000000000010000000100,000000000000000011100011100011000010,000000000000101000011100001100010001,100,57160ms
000100101001100001000010001000100000,100000010000000010100101100001000010,001011000010001100010000000000001001,010000000100010000001000010110010100,48,12168ms
100111110010000010000000000000100000,000000001000011000100101101001000000,001000000100100000010000010100000111,010000000001000101001010000010011000,177,212ms
111110101000000100000000000100000000,000000000001011001001100100000100001,000001000000000010010010000011011100,000000010110100000100001011000000010,177,84ms
000011000100000100010110000100001000,000000001011011000000001100010010000,001000110000100000100000011000000101,110100000000000011001000000001100010,66,1939ms
100111011001100000000000000000100000,000000000100001010010000110001011000,000000100010010101101010000100000000,011000000000000000000101001010000111,142,15156ms
000011010100100011000000001000000001,000100001000000100001000110000101010,110000100001010000000100000001010100,001000000010001000110011000110000000,144,3105ms
111010100000000000000011000100000001,000000010101000110001000010010000100,000000001010010000110000100000110010,000101000000101001000100001001001000,157,220ms
110100010000001100001000000000001010,001000001100000000000000111010010001,000001100011100000000101000100000100,000010000000010011110010000001100000,122,1489ms
001101001000000000010000110100000100,000000000000000011101111000000110000,100000110101111100000000000000000000,010010000010000000000000001011001011,132,29526ms
111011111000000000010000000000000000,000000000001000000100100010001010111,000000000010001011000000101100101000,000100000100110100001011000010000000,132,1324ms
110111011010000000000000000000010000,001000000001100000110000110001000010,000000100100000111000100001010001000,000000000000011000001011000100100101,162,603ms
011110100000001000000001000000000110,000001001010000000010100100001110000,100000010100000111001000000100000001,000000000001110000100010011010001000,177,923ms
111000110000000100100000001000010000,000011000001000001000101100000001001,000000001100100010011000000110000100,000100000010011000000010010001100010,157,84ms
111110111000000000010000000000000000,000000000110011110000000000010100100,000000000001100001101100010000001010,000001000000000000000011101101010001,177,528ms
000101101100010000000000000011000010,000010000001001001001001100000110000,111000010000100000000110000100000100,000000000010000110110000011000001001,157,197ms
111000101000000000110000101000000000,000010000101000001000000010101001100,000101000010011000000010000010100010,000000010000100110001101000000010001,157,1621ms
010001101010000010001010010000000000,101010000100000000010000001001000011,000100010000000000100000100110011100,000000000001111101000101000000100000,104,22539ms
010100111001010001000100000000000000,000000000010000100010000001110101001,001010000000100000001010100001010100,100001000100001010100001010000000010,80,36889ms
000010010001001000001010001000100001,110000100000010000010001010000001100,001100001100100110000100000100000000,000001000010000001100000100011010010,66,7994ms
000101100100000000101000000100011000,100000000000101110000010010001000010,010010001000000000010000101010000101,001000010011010001000101000000100000,102,13211ms
010010001001100010011000000000000100,000000100110000000000000100111100001,100000010000000000100111010000011000,001101000000011101000000001000000010,118,60975ms
100010010000010001010001000000010010,010000000101001000000000101110100000,000100000000100100100010000001001101,001001101010000010001100010000000000,71,4639ms
110011110100000000000000100000001000,001000000001100101010000011100000000,000100001010000010000111000001000001,000000000000011000101000000010110110,146,1393ms
111111100000000000000000001001000000,000000000000010001011100010000110100,000000001010100010100011100000000001,000000010101001100000000000110001010,177,8259ms
100010110000000000101010001000000010,001000000001000100010000100000011101,000000001110110000000001010011000000,010101000000001011000100000100100000,100,3009ms
010011111000000010000000010010000000,000100000001010100001110000000011000,100000000110100000110000001100100000,001000000000001001000001100001000111,157,211ms
010001110101000000000000100010010000,001010000000000000010101011000100001,100000000000111010101010000001000000,000100001010000101000000000100001110,145,254066ms
111101010000100010010000000000000000,000000101101001000000010000011000010,000000000010000101100000100100100101,000010000000010000001101011000011000,157,7406ms
011010001001010000110000000000001000,000101010010001101000000000110000000,000000000000100000000101101001000111,100000100100000010001010010000110000,33,21516ms
110110110000001000000000000010000010,000000000100010100110101001100000000,001000000010000000001000100001011101,000001001001100011000010010000100000,177,2702ms
110100001000010000001000000011000010,001000000101100000010111000000001000,000011000010001001000000011100000001,000000110000000110100000100000110100,136,1292ms
111000111000000000000000010010001000,000101000000000011001101000001000010,000010000100010100110000000100010100,000000000011101000000010101000100001,157,231ms
001011010000010101010000100000000000,110000000000100000000010001000110101,000000101101001010000000010000001010,000100000010000000101101000111000000,79,14041ms
001000000100000000000101110100100010,010101010000010000111000000000001000,100010000000001011000000000001010101,000000101011100100000010001010000000,99,8378ms
011010110000010000010000000000101000,000100001100000010100010001000000011,000000000010101100000100110010010000,100001000001000001001001000101000100,50,11769ms
110001110000000110000000010001000000,000100000011101000010100000010010000,001010001000000000100001001000001110,000000000100010001001010100100100001,148,3699ms
101010100000010100010010000000000010,010100010010000000000100001001001001,000000001000100001001001010100110000,000001000101001010100000100010000100,78,9916ms
001111100000000000000000100000100101,000000000101111000001000000101001000,100000000010000000110011001010010000,010000011000000111000100010000000010,149,16771ms
111101101000000000000010001000000000,000000010001100100000100100100010100,000010000110011001000000000010101000,000000000000000010111001010001000011,157,2389ms
100001000000010000010100100100001010,001000100010001100001001010010000000,010000000100000011100010001000100100,000110011001100000000000000001010001,107,17498ms
000011100000100011100001001000000000,100000000110010000000000100000111010,011100000001000100000000010101000001,000000011000001000011110000010000100,94,72732ms
001010011000101000000000000000100110,110000000100000000111100001000010000,000100100001010011000001010001000000,000001000010000100000010100110001001,39,15078ms
001110101000100000000000000000110001,000001000010000000100110000010001110,100000000001010011010000100101000000,010000010100001100001001011000000000,150,62968ms
010100101100000001100000000000010010,100010000001000000010100001010001100,000000000010111100001000010101000000,001001010000000010000011100000100001,94,5974ms
000011110000000000010100000110000010,000000001001100110100010100000001000,101000000010011000000001010000100001,010100000100000001001000001001010100,115,7167ms
110101001000000011000000000000001001,000000010111101100000001100000000000,001010100000000000101110010000000100,000000000000010000010000001111110010,157,22001ms
110111100011000000000000000001000000,000000000000001101110001000100000110,001000001100100010001100001010000000,000000010000010000000010110000111001,177,333ms
001011110100010000100000000000000001,100000001001000110001100100010000000,010100000000000000010011010100001010,000000000010101001000000001001110100,122,10425ms
010100010001000010001011000000010000,000010000110000100100000010100101000,100001001000010000000100001011000010,001000100000101001010000100000000101,121,4026ms
001000111000001100001001000000000100,000010000000000000100100011101100010,100100000001100010010000100010001000,010001000110010001000010000000010001,93,30227ms
101101010001001000000010000010000000,010000000010100101000101000000100001,000000001100010010011000110001000000,000010100000000000100000001100011110,117,15154ms
011111110000000000000000100000010000,000000000010101100000000010100101010,100000000000010001101100001011000000,000000001101000010010011000000000101,177,258ms
101011000010001110000000000000000100,000000000001000001011100101000000011,010000001100010000000010010011010000,000100110000100000100001000100101000,157,1533ms
110011010000100100000000010000000100,000100000110000000100010001101000010,001000000001011000001000100000101001,000000101000000011010101000010010000,111,2285ms
010011010010000010000000000000001011,000100000001110000101000000010010100,000000101100001101000010100100000000,101000000000000000010101011001100000,109,14088ms
010000101100010010000001010000000100,001001010000000000010000000110111000,000100000001101001001000001000000011,100010000010000100100110100001000000,22,9055ms
111101001000000010000000010000000100,000000000010101000010001001010000011,000010100001000101100100000100001000,000000010100010000001010100001110000,152,188ms
001000100001100001010000001010000100,000010010000011000001100000100100010,100001001100000010100000100000010001,010100000010000100000011010001001000,122,545ms
110010101000001000001010000000000010,000001010000000010010100001000011001,001000000000100000100001010110100100,000100000111010101000000100001000000,157,1074ms
000111011000000000110001000100000000,010000000011001100001010000000100100,101000000100110000000100000010010010,000000100000000011000000111001001001,177,109ms
100111101000000100100000010000000000,010000000101010000001000000100110100,001000000000101000000101101010000010,000000010010000011010010000001001001,149,1070ms
000100001000000110000110010100010000,000011010000110000100000000010001100,010000100001001001000001101001000000,101000000110000000011000000000100011,24,634ms
000110101000000001010001001000001000,110000000100001000001000000111000100,000001000011100110000000010000000011,001000010000010000100110100000110000,37,6249ms
011101110100000001000000010000000000,000000000000001100011100000010101001,000010001000000010100001000101010100,100000000011110000000010101000000010,122,3680ms
000100010001110000000000100001110000,100000000000001001100001000100000111,000000001010000000011010011010001000,011011100100000110000100000000000000,0,3412ms
010111111000100000100000000000000000,000000000001000010000010100001111010,100000000000010000011001011010000100,001000000110001101000100000100000001,177,336ms
101000001100000110000000110000000100,000100110001000001100000000000110001,010000000010011000010110001000000010,000011000000100000001001000111001000,116,11092ms
010011001000100010100001000000000100,100000100000000000011010000101000011,000000010010011000000100111000010000,001100000101000101000000000010101000,51,63437ms
110000011010000100000000000000110010,000011100000000001011000001100000100,000100000100001000100011010000001001,001000000001110010000100100011000000,117,4242ms
011011111000100100000000000000000000,000000000000000011001010000111000011,000100000010010000110101000000011000,100000000101001000000000111000100100,93,221021ms
000100011000100010000000011000110000,000000100000000101001000100100000111,000010000110011000110100000000001000,111001000001000000000011000011000000,42,2894ms
010010000010100000110000001000011000,000101111001000000000010000110000000,101000000100010000000101100001000100,000000000000001111001000010000100011,120,833ms
101000100000001000001100010010000100,010010001000000100000001101001000001,000100000010110000100010000100110000,000001010101000011010000000000001010,116,2150ms
011011110000001100000000000000100000,100000000110000001000101100000010001,000000001001100010001000010100001010,000100000000010000110010001011000100,85,22802ms
100011110000100000000001000001000010,001000000110000001010000100100101000,010100000001011000000110010000010000,000000001000000110101000001010000101,124,4321ms
011000010000000101010000000100010001,000010000111000000000110101000001000,000101100000010010001000010000000110,100000001000101000100001000011100000,65,1823ms
001011111000000001000010000000000010,000000000001000100001001100110110000,110000000110100010010100001000000000,000100000000011000100000010001001101,157,2736ms
110010001000100100100000100000001000,000001100000001000000000010111010100,000000010110000001011011000000000010,001100000001010010000100001000100001,157,4405ms
100011011010000000100000000001100000,000100000000100000000101001010001101,000000100000000111001010100100000010,011000000101011000010000010000010000,124,1371ms
110110011000000000010001010000000000,001001000000110100100000001000010001,000000000011001001001000000010001110,000000100100000010000110100101100000,154,3578ms
111110010001000000010000000001000000,000001001010100010000001000100000110,000000000100010100001000011000111000,000000100000001001100110100010000001,162,5175ms
000010110010000000000100000101101000,100100001001000010111001000000000000,011001000000100001000000101010000100,000000000100011100000010010000010011,58,30861ms
011100100011000100100000000000000010,100000001000001000011000001101000001,000001010100010010000001100010100000,000010000000100001000110010000011100,98,6694ms
000111101010000000000000000110000010,010000000100000000111100001001010000,100000000000111011000000010000001001,001000010001000100000011100000100100,145,1622ms
001000101010000100001001010001000000,010010000101001000000000100000100011,000100000000100011000110000110000100,100001010000010000110000001000011000,28,4498ms
011111111000000000000000100000000000,000000000001001100010001000010101100,000000000000010000001110001101000011,100000000110100011100000010000010000,127,126829ms
111011110100000000100000000000000000,000000000000111011000001000000100110,000000001010000100010000100001011001,000100000001000000001110011110000000,157,57ms
101010101000000011000000000000000011,000000000000001000100111010000101100,010001010001110000000000000101010000,000100000110000100011000101010000000,144,20398ms
100111111100000000000001000000000000,010000000010011010101010000000000010,000000000000100000010000111001110001,001000000001000101000100000110001100,164,3116ms
001100100000010011100000010000000001,010000000101000100010000001000110010,000001011000000000000101000111001000,100010000010101000001010100000000100,97,13893ms
100011000100000110000000000100000011,000000101001001000110100000000101000,010100010000010001001010001000010000,001000000010100000000001110011000100,157,2163ms
100001011000000000100001011000100000,010110100000001010010100000010000000,000000000101010100001000000000010111,001000000010100001000010100101001000,80,21170ms
110000110100001000100011000000000000,000000000001000010001100010001100011,000100001010110001000000000110000100,001011000000000100010000101000011000,144,12286ms
101011101000000000000010000001100000,000000010001000010010001100010010010,010000000100011100000100001000001100,000100000010100001101000010100000001,133,2256ms
111010010000001000010000000001000010,000000001010110001001100100000100000,000100100000000110000000011110000001,000001000101000000100011000000011100,157,196ms
010010101000110000010000000001010000,000000010011000101001000001010100000,001001000000000010000011010000001011,100100000100001000100100100100000100,48,2122ms
010011100000000001110110000000000000,000000000101100010000001010100000011,001000000010010100001000101001001000,100100011000001000000000000010110100,72,54931ms
100111000001000000100000010101000000,011000011000100000001000001000001001,000000000000000011010001100010100110,000000100110011100000110000000010000,123,4981ms
011110000100010000010000000000001001,000000000011001011000001000101000010,100000001000000000100110001010100100,000001110000100100001000110000010000,177,989ms
011010111001010000001000000000000000,100000000000100001000011110000110000,000101000110000100010000001001001000,000000000000001010100100000110000111,103,14069ms
101111101000010000000000000100000000,010000000000100100101100010010000010,000000000011001001010000101000011000,000000010100000010000011000001100101,154,488ms
101000111000100000000001001010000000,010000000000001111000000000101010100,000101000100000000110000110000001010,000010000011010000001110000000100001,157,1550ms
001111001010000100001000000000000001,010000110000100010010000100110000000,000000000101001001000100000001111000,100000000000010000100011011000000110,88,58421ms
110100110001000000000000000000100011,001010000000100000000101100100010100,000001000010010010011000001010001000,000000001100001101100010010001000000,127,15448ms
001001000000001000000001100010101001,000100111000000100110000010000010000,010000000001010000001010001100000110,100010000110100011000100000001000000,48,4791ms
101001101010010000000010001000000000,010010000001000111100000100001000000,000100010100001000000000010100001110,000000000000100000011101000010110001,129,26937ms
000000101110000000100000100010000101,000100000000011100011001000001000010,110000000001100001000100010000101000,001011010000000010000010001100010000,103,1292ms
100100101000100000000001110001000000,010001000001001000001100000000011100,001000000000000111010010000100100010,000010010110010000100000001010000001,94,4792ms
011011011000000001000100000000010000,100000000010000100010000100100101010,000000100001001000101000010010000101,000100000100110010000011001001000000,86,20528ms
111101011000000010000000000001000000,000010100000000101100100010000010001,000000000110100000001011000010101000,000000000001011000010000101100000110,157,1285ms
100100010001000000101000000000001101,011000100000000000010011100100010000,000000001110010110000100011000000000,000011000000101001000000000011100010,75,123679ms
110101110000000010000000001000000001,001000001000000000000110010110101000,000000000011111100101000000000000010,000010000100000001010001100001010100,130,25892ms
100100110001010001000000001000001000,010010000100000110001000010000100010,001001000000001000110000000110000101,000000001010100000000111100001010000,133,1322ms
010001100000001100110001000100000000,100000001001000000000110001001100001,000000010010100011000000100000011100,001110000100010000001000010010000010,61,5992ms
101111100000001000000000001100000000,010000001000000010010110000000100011,000000010011100000001000110001001000,000000000100010101100001000010010100,127,6618ms
100001101000000010100100000000100010,000100000000011000010010000100001101,001000010110000101000000111000000000,010010000001100000001001000011010000,144,3473ms
001100000000100101000000001010010001,000011011100000010000100000001000010,110000100000001000100010110000001000,000000000011010000011001000100100100,119,10327ms
000111100000001010101000000000010000,001000010000100000010100010110000100,110000001110000000000010000000101001,000000000001010101000001101001000010,177,222ms
011110010010001001000000100000000000,000000100101000110000010001000001100,000001000000110000111000010000100010,100000001000000000000101000111010001,119,24449ms
110001011000000010000100101000000000,000010100000101000000010010000100110,000100000010000101100000000111010000,001000000101010000011001000000001001,157,715ms
000000011110000110100001001000000000,100001100001100000000100100010000010,011000000000001001000010000100101001,000110000000010000011000010001010100,87,16536ms
100100100010000010010000000010001100,001010000000000101000001110100100000,010000010001001000001100001001000010,000001001100110000100010000000010001,110,1645ms
111111111000000000000000000000000000,000000000100000000011011110001001000,000000000001000101100100001100010100,000000000010111010000000000010100011,177,76ms
111100001000000000000010001000101000,000010010011000100100000100001000100,000000100100000010011100000000010011,000001000000111001000001010110000000,143,754ms
101000000001100000000000001110001010,010101100000000011010100000000010000,000000011000011100000000110001000001,000010000110000000101011000000100100,59,2187ms
110001101000000011100000010000000000,001000000100010100000001000111000100,000010000001001000011110001000100000,000100010010100000000000100000011011,157,7671ms
100101001100001001000001000000000010,001000010001000000110010100101000000,000010000000010010001100000000110101,010000100010100100000000011010001000,92,6611ms
111101100000010100000000000000100000,000010001010001000000101011000000100,000000000100100011100000100100010010,000000010001000000011010000011001001,157,1225ms
100011010010110000000000100010000000,001000000001001110000100000001000011,000100101000000000110001010000010100,010000000100000001001010001100101000,157,5643ms
111010011000000000100000000001010000,000000000000011100000000001010101101,000101000000000011001110000100000010,000000100111100000010001110000000000,157,1085ms
001110010000000000001010100100100000,110000000010011010000000001001000001,000000100001100001100100000000010110,000001001100000100010001010010001000,96,9292ms
100000011100001001010000100100000000,001001000000010100100110000010010000,010010100001000000000001000001001110,000100000010100010001000011000100001,143,648ms
110110010100100000000010100000000000,001000100001000000100101000101000001,000001000000010010010000001000111010,000000001010001101001000010010000100,157,2743ms
000010100000010100010001000001000101,010001011000100010100000001000000010,000100000001000001001010100110100000,101000000110001000000100010000011000,0,371ms
101010110001001000001000010000000000,000101000000100100000100001100001001,000000001110010010000011100010000000,010000000000000001110000000001110110,157,1826ms
001110001000010000001000011100000000,110000010100101010000001100000000000,000001100011000001010000000010010001,000000000000000100100110000001101110,68,76479ms
000001101100000101000000000000000111,011010010010000000000000101100001000,100000000000001010101110000011000000,000100000001110000010001010000110000,95,3862ms
010101111100000000000101000000000000,100010000000000010011000010001010100,000000000010100000000010101100001011,001000000001011101100000000010100000,88,14515ms
001100110000000000001000100101000100,100000000010100101010000011000100000,000000000000011010100110000010010010,010011001101000000000001000000001001,74,15892ms
100101010000100000000001101000000100,001000000110011100010000000000100010,000000101001000011000010000001010001,010010000000000000101100010110001000,72,36928ms
100000100110001100000010000010000010,000101000000000011100100100000001001,000010001000110000000001000101010100,011000010001000000011000011000100000,94,8384ms
011111001000000100000000010000000010,100000000101000010100000001011100000,000000100010010000000110000100011001,000000010000101001011001100000000100,120,19467ms
000011101000000000000100100010110000,100000000100010100101001010000000100,001100010001001000010000000101001000,010000000010100011000010001000000011,75,26084ms
111000010000100000000010100100010000,000011000000000110001000001011000100,000000001010011000110000010000001010,000100100101000001000101000000100001,152,243ms
101011001001000001000000000100000010,000000010100010000110100010000001100,010100100010000010000010001011000000,000000000000101100001001100000110001,144,662ms
011000111000000000100001100000010000,100000000011000001001100010000001010,000110000000011100010000000010000101,000001000100100010000010001101100000,120,6659ms
000011001110000000000110000100000010,010000100001100000000001010000011001,100000010000010000010000001011100100,001100000000001111101000100000000000,130,7242ms
111110000000001001000001000000000100,000001001000000010100010000101100001,000000110010100000011100001000000010,000000000101010100000000110010011000,136,8787ms
111011101000000001010000000000000000,000000000010010100000010101000000111,000000010100001000001001010110100000,000100000001100010100100000001011000,157,792ms
010110111000000000010000000000000101,001000000000110000001000001111000010,000000000010000011000111100000101000,100001000101001100100000010000010000,76,23365ms
001100111000010000000000100000100100,110000000000000000100001000001011011,000001000101100011000010000110000000,000010000010001100011100011000000000,60,155940ms
011010101000000101001000000001000000,100000000101001000010101001000100000,000000000010110000000000110110010001,000101010000000010100010000000001110,86,50355ms
100001110000000000001001000110001000,000110000011010100000000101000100000,001000000000001001010000010001010101,010000001100100010100110000000000010,138,5294ms
000000000011001010010101110000000000,011100010000010001000000000001010001,100000100000100000001010001110100000,000011001100000100100000000000001110,67,40200ms
110001100100000001000001000000000110,000000010001010000100110001010100000,001100000000100100000000010001011001,000010001010001010011000100100000000,134,1859ms
111010001011000100000000000100000000,000101000100000001100010100000010001,000000110000001010001001011000000010,000000000000110000010100000011101100,133,1084ms
001110100000000110000001101000000000,000000011011000000000000000101010101,100000000100100000110110000010000010,010001000000011001001000010000101000,163,37401ms
000001110100100001000000010100100000,010110000000000100101000001010000001,101000000011000000000110100001010000,000000001000011010010001000000001110,118,3007ms
100010011000000000000010100101100000,000100000100001110000001010010000100,001001000010100000110000000000011001,010000100001010001001100001000000010,151,574ms
101100111000100000000000010000001000,010010000011000010001100100001000000,000000000000010000010000001110110110,000001000100001101100011000000000001,129,24343ms
101110011100000000101000000000000000,010001000010000010000100000000100111,000000000001100000010010010110011000,000000100000011101000001101001000000,163,489ms
000000110100010100000001001010010000,000010000000100010000110000001101010,011001001000000001011000010100000000,100100000011001000100000100000000101,97,2513ms
010001000000000001110100100000010010,101000011000000100000000011001001000,000000100111000000001010000110000001,000110000000111010000001000000100100,70,2809ms
101101101000000100000001000000000100,010000000100000011010110000000110000,000010010000110000000000111010000001,000000000011001000101000000101001010,102,2759ms
111100111000000000010000000000010000,000000000010010100101001001100000100,000001000100101000000000100001101010,000010000001000011000110010010000001,126,1879ms
000011111001000000000010101000000000,010100000000100110000001000001000101,000000000000011000010100000010111010,101000000110000001101000010100000000,44,49506ms
000001000001000001000010001100010101,100000000100001000101001010001100000,000010100010110110010000000010000000,011100011000000000000100100000001010,0,6285ms
001100001000011000001000000001001100,000000000010100000010001111000110000,010000100001000000100110000100000011,100011010100000111000000000010000000,69,40144ms
111110001001010000000000000000000001,000000010100000101110000000101000010,000001100000000010001110100010001000,000000000010101000000001011000110100,156,1148ms
001001100000000000101100000001000110,100100001000010101000000000110010000,000000000101101000000010011000101000,010010010010000010010001100000000001,32,46710ms
000010111000010000110000000100000100,100101000010000100000010001000010010,001000000000101001001100000010001001,010000000101000010000001110001100000,57,1212ms
111001111000000010000000000000000001,000000000000101100010000100100001110,000000000010000001101010001011010000,000110000101010000000101010000100000,131,7796ms
101110101010100000000000000000100000,000001010000000000011110001001010000,000000000000000111000001000110001101,010000000101011000100000110000000010,177,13665ms
110001111000000000001001000000000010,000100000111011000000010110000000000,000010000000100101000000001001101100,001000000000000010110100000110010001,114,15819ms
001010101010000000101000001010000000,100001000100100000010001000001100001,010100010001001010000010000000011000,000000000000010101000100110100000110,71,15572ms
011001100000000010010000000001001001,000100011001000100001011001000000000,000000000000111000100000010110100100,100010000110000001000100100000010010,88,112311ms
011110101000000110000000010000000000,000000010001000000001001100100111000,100001000010000000010100001001000011,000000000100111001100010000010000100,177,1758ms
111010101000000010000000100000000100,000100000111100101000000000000000011,000001000000011000111001010010000000,000000010000000000000110001101111000,157,15022ms
001111110001000100100000000000000000,100000000100110000000000110100000101,000000000000000010011101001011001000,010000001010001001000010000000110010,83,20432ms
011101101000101000000000000000010000,000000010011000000100100110000100010,000010000000000001011001001010000101,100000000100010110000010000101001000,76,12518ms
010100011100000000100010010000000010,101000000001000001011100000100000100,000010100010110010000000001000001001,000001000000001100000001100011110000,94,2028ms
000110100100010000000001000010000101,001001000000000110000000011001100010,100000011011100000110010000000000000,010000000000001001001100100100011000,155,1075ms
000110111000000100100000010100000000,011001000010100010011000000000000100,000000000000010000000101001011100011,100000000101001001000010100000011000,52,24147ms
100100000101010000100101000000010000,001000010000100000000010010100100011,000001100000001011010000101000000100,010010001010000100001000000011001000,80,21142ms
111100101000000000001100010000000000,000011010000001000100000101000100010,000000000100110010010000000011010100,000000000011000101000011000100001001,132,19122ms
101100101010001000100000000000000001,000011010100000000001000100100110000,000000000001000111010000011010001000,010000000000110000000111000001000110,122,2140ms
101001000000001000000001000110100010,000000000101100000101100010001010000,000010010010000101010010100000000001,010100101000010010000000001000001100,112,13609ms
011111011100000000000000000001000000,000000100001110010010001010010000000,100000000010000001000010000100011110,000000000000001100101100101000100001,177,389ms
011000011010001100001000000000100000,000011000100010000000000100101010100,100100100001000000010110000010000010,000000000000100011100001011000001001,141,9875ms
111100100000000000010100001000010000,000010010100001000000001000100101010,000000000011010100100010010011000000,000001001000100011001000100000000101,157,1604ms
100111010010000000100001000100000000,010000001001010010010010000010000100,000000000100001001000100100001001011,001000100000100100001000011000110000,152,3047ms
110100100000000001001010101000000000,000000001101000010100001010000100001,000001000000111100000000000001010110,001010010010000000010100000110001000,111,32304ms
010010111010010000000001000000000100,001000000001000010101000100100100001,100000000000100101010100010001001000,000101000100001000000010001010010010,118,11689ms
011000110100000001000010000100000100,000000000010001100110100100000001010,100011001000100000000000010001010001,000100000001010010001001001010100000,157,192ms
110110111000000000000000000010100000,001000000111011000000110000000000001,000000000000000000101000111000011110,000001000000100111010001000101000000,155,5598ms
011000000011001000100001110000000000,000000101100000011010000000000011100,100110000000010100000100000100100010,000001010000100000001010001011000001,161,12005ms
110110000000000000010010000000001101,001000001010011100001000000001010000,000001010001100010000100101000100000,000000100100000001100001010110000010,117,9771ms
110010011000000000011000001001000000,000001000101011000000101000000100010,001000100010000010100010100000001100,000100000000100101000000010110010001,148,980ms
100001100010010001000100110000000000,001000000001001000100001000001100101,010110001100000000010000000000011010,000000010000100110001010001110000000,177,665ms
111111110000100000000000000000000000,000000000010001101001000001001000011,000000001000010000010011000100101100,000000000101000010100100110010010000,160,905ms
000010000001010000111000011000000001,000100000010001110000000000100011010,011001010000000001000100100001100000,100000101100100000000011000010000100,71,27562ms
100110001010000000100000100100001000,001000110000000100010000010010010001,010000000000011010000100001001100010,000001000101100001001011000000000100,141,5879ms
100101111000000000001000000100100000,001010000000001001100000001001001001,010000000101000010000111000010010000,000000000010110100010000110000000110,157,152ms
111011010000000100100000000000100000,000100100001011001011000000000010000,000000001000100010000100100110001001,000000000110000000000011011001000110,157,2849ms
001101110001000000000100010000100000,000000000110101000010001000010000101,100000000000000111101000001100000010,010010001000010000000010100001011000,128,22434ms
010100000001100100100100001000001000,000001010110001000001000000000100011,101000100000010000000001110011000000,000010001000000011010010000100010100,120,3482ms
010110101100000000000100010000000001,001000010010100000010001100000110000,100000000001010010000000001101001100,000001000000001101101010000010000010,177,1020ms
010011011000000000000010000100011000,000100000000100100001100100000000111,101000100101011000100000010000000000,000000000010000011010001001011100000,157,708ms
010000111001100001000000100000000010,001001000100011000100000010010100000,100100000000000000010011001101010000,000010000010000110001100000000001101,157,5260ms
100110110011000000000000010000000001,000000000100000100000000001111011100,011001001000001000101010000000100000,000000000000110011010101100000000010,177,3415ms
010001111000000100000000000001000110,000010000001001011010000010100100000,100100000110000000001110000000010001,001000000000110000100001101010001000,151,781ms
011100011000010000000001000000000101,000001100100001000010000010111000000,100010000001000100101000000000011010,000000000010100011000110101000100000,144,1331ms
100010100010100000000000010110010000,000100001000000010101100001000001010,001001000100010001000011000001000100,010000010001001100010000100000100001,131,998ms
101111010000000000110000010000000000,000000000100000010001010100100101100,010000101001101001000000000001000010,000000000010010100000101001010010001,177,812ms
110111010000001000110000000000000000,000000100000110010000001000010111000,001000000000000101000110011100000001,000000001111000000001000100001000110,177,69ms
010111100100000100000000000000000110,001000000001101010000110100000001000,100000001000010000111001000001100000,000000010010000001000000011110010001,177,1459ms
111010111000000001000000000100000000,000100000101000000000110010010000011,000001000000110110001001101000000000,000000000010001000110000000001111100,146,3224ms
010110000000100000110100010000001000,100000000111010100001010000001000000,000001111000001010000000000100010100,001000000000000001000001101010100011,132,25097ms
011010000100000000010000000100101001,000000100001100010001000100011010000,100100000000010001000101011000000100,000001011010001100100010000000000010,136,7107ms
000111010000001010101010000000000000,000000000010100000010001100100001101,000000100101010001000100010000110000,111000001000000100000000001011000010,70,17246ms
011010100001000000000010000100101000,000000011100101100100001000001000000,000101000010000011010000001000000110,100000000000010000001100110010010001,73,19477ms
000101001000001000010001010010000001,000010010000010001001110001000000010,000000000111100100100000100000100100,111000100000000010000000000101011000,28,24964ms
001010111100000100000100010000000000,000001000001001001000010101000011000,110100000000000010000001000101100100,000000000010110000111000000010000011,157,1490ms
001111000001100000000000010001000001,000000110000000010101110001000100000,110000000010010001000001000000010110,000000001100001100010000100110001000,142,6145ms
101001110000000001000000010010010000,000000001001000000000010000101001111,000100000100010100111001001000000000,010010000010101010000100100000100000,157,9995ms
110000101001001000000000000100010001,000001000100110010101000000010000100,000100010010000100000000101001100010,001010000000000001010111010000001000,135,7063ms
110111000001000001000000000000001010,000000011000001100000001100101100000,001000000100000010110010010000000101,000000100010110000001100001010010000,177,291ms
101001100100000001001110000000000000,000000000000000100110000101110101000,000110011011100000000001000000000010,010000000000011010000000010001010101,164,7625ms
101010000100000000110000000000100011,010000010000001110001010001100000000,000000101000100000000000010011011100,000101000011010001000101100000000000,115,14142ms
001100011000010110000001001000000000,100000000000001001011010000001100100,010000000100100000100100110000001001,000011100011000000000000000110010010,77,49675ms
010100100001100010000001010000000001,101000010000001000000110000110100000,000000001110000001000000101000010110,000011000000010100111000000001001000,34,1434ms
100110000000000110000011000000001010,011000101010001000000100101000000000,000000010100000000010000010011110001,000001000001110001101000000100000100,76,7602ms
011100111000000000000000011000000001,100001000000100101000000000001011100,000010000100010010000111100000000010,000000000011001000111000000110100000,81,36479ms
000100111101001001000000000001000000,000000000000000010101001010100011001,011010000010000000010010101000000100,100001000000110100000100000010100010,115,30953ms
110011011001000000000000001000000010,001000000010010000110001010010001000,000100100000000110001110100001000000,000000000100101001000000000100110101,114,25783ms
010011101000110001000000001000000000,100000010011000000010000100001010010,000000000000000110101010010100101000,001100000100001000000101000010000101,88,13880ms
001101010010001000001000000100100000,010000000000100000010100011000010110,000000101001000000100010000011001001,100010000100010111000001100000000000,86,84116ms
001010100011000001010000010000000010,010000010000011010100000000001011000,100100001000000000000101100110000001,000001000100100100001010001000100100,131,7049ms
111000001010101100000000000000100000,000010100100000010001100100000000011,000101000001000000100000000111010100,000000010000010001010011011000001000,157,266ms
101000101000100010010000100000000100,000011000000000100000001000001101011,000100010111000001100000001010000000,010000000000011000001110010100010000,157,2205ms
101111110000000000001000001000000000,010000000010001000100001010000110100,000000000001100101010110100001000000,000000001100010010000000000110001011,155,10193ms
011110111000000000110000000000000000,000000000100101101000101010000000001,000001000000010000000010101011100010,100000000011000010001000000100011100,135,983ms
110011001100010000000001000000000010,000000100001000011000010000010100101,000100000010101000000100101001001000,001000010000000100111000010100010000,142,3649ms
000000100000010000001001001000100111,010001000101100001010000010000001000,001010010010001010000010100010000000,100100001000000100100100000101010000,11,9166ms
101111001000000010000000010010000000,000000000110100000000110100100100010,010000010001011000001000001001010000,000000100000000101110001000000001101,142,2152ms
111111001000000100000010000000000000,000000110100010000100100100001010000,000000000001100000001001011110100000,000000000010001011010000000000001111,142,8070ms
100101101000001000000000000110000010,001000000001100010001000110000000101,000000010110000101110000001000010000,010010000000010000000111000001101000,143,586ms
010010100011000001000001000000000110,000001001000010100101100100001000000,100000000000100000010010011010011000,001100010100001010000000000100100001,87,116098ms
110001010000000000000001010010101000,000110000000000000100010100001010011,001000000110100111000000000100000100,000000101001011000011100001000000000,157,429336ms
111001000001000011000000000011000000,000110010000000000101011010000100000,000000001110100100000000100100001100,000000100000011000010100001000010011,157,3767ms
100000110001000000010000001101100000,000111000110100100000000000010010000,001000000000011001100011000000001001,010000001000000010001100110000000110,93,14254ms
100000101001000000001100010000100001,010011000100010000000000001101001000,001000010000001100110001000000000110,000100000010100011000010100010010000,75,5127ms
001111010010000011000000000100000000,100000100000001000000101100000010110,000000000101110100110010001000000000,010000001000000000001000010011101001,118,76848ms
000010101100000001110000010000001000,001001000000111000001010000000010010,010000000001000110000100100111000000,100100010010000000000001001000100101,85,1507ms
001111011011000000000000000000000100,110000000000101000010110010000010000,000000100100000011000001000000101011,000000000000010100101000101111000000,98,5887ms
011011000000001000001001000000000101,100000101011100010000010010000000000,000100000000000101010000101100100010,000000010100010000100100000011011000,70,13603ms
000101010001010001000001000001001000,000000100010101100000110101000000000,000000000100000000100000010110110101,111010001000000010011000000000000010,48,86449ms
010001001000100000000001001000010110,100110000001001000010000000011001000,000000010000010101100000010100100001,001000100110000010001110100000000000,34,10349ms
110001000011000000000011000000010001,001000000100001000101100000100001100,000100110000100000010000011000100010,000010001000010111000000100011000000,108,2840ms
010111000010010001000000000000101000,000000010101001000100010010011000000,001000101000000000011101100000000010,100000000000100110000000001100010101,117,48154ms
101010111001000000011000000000000000,000100000110001000100010000110000010,010000000000100000000100110001001101,000001000000010111000001001000110000,127,1084ms
110111111000000000000010000000000000,001000000011001011001001000000010000,000000000000100100110000101001100010,000000000100010000000100010110001101,177,541ms
011111000011000000000000010000001000,100000110000000001010000000100110010,000000001100001000100111000001000001,000000000000110110001000101010000100,125,23783ms
100001001100000000010000001110010000,000100000001000011000000110000101100,001000000010001100101100000001000001,010010110000110000000011000000000010,141,395ms
011100101100100010000000000000001000,100000010000000100100000010101100010,000001000011001000000010101000010100,000010000000010001011101000010000001,105,12668ms
001101100001000000000000000111000001,010000001100000011100010010000000100,100010010000010000000101001000101000,000000000010101100011000100000010010,157,3065ms
011110110000001000100000010000000000,100000000011000000000010000011111000,000000000100010100011001000000000111,000001001000100011000100101100000000,141,10779ms
001001101110000000001100100000000000,100000000000100010000010010000011011,010110010000001001000000001100000100,000000000001010100110001000011100000,119,24504ms
101101001000001000000000001011000000,000010010000110000101100000100100000,010000000011000101000000000000001111,000000100100000010010011110000010000,132,24525ms
001010000100000001101001010000001000,100100001000011110000000001000000010,010000100000100000010110000110000001,000001010011000000000000100001110100,83,18045ms
111001001001000000000100000100000100,000000000100101011101000000011000000,000110110000000100000011100000010000,000000000010010000010000011000101011,160,2478ms
101100100100000000001000001000110000,010001011000111000010000000000000100,000010000011000001100000000010001011,000000000000000110000111110101000000,129,5986ms
010000010000000001000110001001110000,001000001111010000010000010000000001,000100100000101000101000100010001000,100011000000000110000001000100000110,34,7829ms
100010101100000010000000010001100000,000001010000000000011110101010000000,010100000010001101100000000000000110,001000000001110000000001000100011001,141,7129ms
001101011100000100000000001000010000,000000000011001000101000010001001001,100000100000110000000011100010100000,010010000000000011010100000100000110,119,8102ms
110101111001000000001000000000000000,000000000000001001000110100101110000,000010000010110100110001000000000010,001000000100000010000000011010001101,157,232ms
010010110000010100000100000001100000,100100000011000001010000000000001011,001001000000000010101011101000000000,000000001100101000000000010110010100,86,53086ms
011101010110010000000000000100000000,000000100000000000110100100000010111,000010000001001010000000011010101000,100000001000100101001011000001000000,113,8192ms
110100111000000000000000010011000000,000000000000010011010001101000011000,001011000100001100101000000000100000,000000000011100000000110000100000111,157,321ms
001010010010000011000010000000010001,100000000000010100100101000110000010,010001100000001000010000101000001100,000100001101100000001000010001100000,48,7556ms
000001001000001010000100100110000100,110010000101010000100001000000001000,001100100000100000011000010000010001,000000010010000101000010001001100010,50,1587ms
001010110101000010000000100000010000,000101000010000100001001001000101000,100000001000001001110000010000000011,010000000000110000000110000111000100,151,1849ms
100010111100000000001000010010000000,010100000000001010000000001000101101,000000000011000101110100100000010000,001001000000110000000011000101000010,132,3180ms
101011110001000000001000000000000100,010000000100000011100010001010000001,000100000010110000000000110001011000,000000001000001100010101000100100010,108,2038ms
101111000001000010000001010000000000,000000000010110001001000001010001001,010000100000000000100010100001110100,000000011100001100010100000100000010,177,1657ms
110001001100000000100100001000000010,000000000001000010000010110101101000,001010110010001000000000000000010101,000100000000110101011001000010000000,157,1849ms
001011000100001000000000001110010000,000100000010010101000000100001100001,110000011000000010100011010000000000,000000100001100000011100000000001110,157,614ms
110011101000000000000001001000000100,001000010100001101000000000010100001,000000000010100010010100000101010010,000100000001010000101010110000001000,157,47562ms
100011111000000100000000010000000100,000100000110100001000011000000000011,000000000000010000101100100101101000,011000000001001010010000001010010000,135,1871ms
010110100001010100010000000001000000,000000001010000011000110000000010011,001000010000101000000000010100101100,100001000100000000101001101010000000,97,13492ms
001000010000101000010000011001100000,000101001000000000000101100000001011,010010000011010010001000000000010100,100000100100000101100010000110000000,32,2435ms
010101100000001010000000000001100100,100000011000100000100001000010010010,000000000110000001011110010100000000,001010000001010100000000101000001001,88,6753ms
010111101000010000000010010000000000,001000010101000100100000000001000101,100000000010101000010100101000000010,000000000000000011001001000110111000,142,29898ms
001110110001000000000000001100000100,000000001000000010010110100010000011,000000000110011000101000000001101000,110001000000100101000001010000010000,118,15076ms
000101110001000010000000100000001001,100000001100001000001001010000110000,011000000010100100110010000000000100,000010000000010001000100001111000010,80,5659ms
001111111100000000000000000010000000,010000000000100000011000111001100000,100000000010001101000100000000001101,000000000001010010100011000100010010,177,476ms
001110000100000001000100100100100000,000001101000100000101000010000010100,110000000010001000010010000010001001,000000010001010110000001001001000010,177,60ms
000001010011010000000000000000101101,100010101100000101000100100000000000,011000000000000000011000011110010000,000100000000101010100011000001000010,74,107668ms
001000110000000000010000100001011100,000001001001010100000000010100000011,100010000000001010100011001010000000,010100000110100001001100000000100000,130,10770ms
110000100001100000010001010100000000,000001010000001100001000100001100010,000100000100010001000100001000001101,001010001010000010100010000010010000,118,907ms
001001110000001100000001100000001000,100010000000110000000100001110000100,000100000110000000110000010000010011,010000001001000011001010000001100000,90,1812ms
111011100000001000000000010000000001,000000001001000101010010000100010100,000000000100000010101100100011100000,000100010010110000000001001000001010,157,540ms
100101110100010000000010000000001000,001000000001001000000000011010010011,000000001000000011101101000100000100,010010000010100100010000100001100000,133,717ms
011011100000001000000000001000010001,100100010000010010011100010000000000,000000000000100000100011000101101010,000000001111000101000000100010000100,91,224743ms
001110111000000000000000000000100011,100000000001100000001110000010010100,010000000110001101000001011000000000,000001000000010010110000100101001000,122,34716ms
111000100100000100000000000100010001,000000001001101001000000001010001100,000011010010000010001011000000100000,000100000000010000110100110001000010,157,872ms
010101101000000000000000101000100100,000010010011010000100000010100010000,001000000000001110001110000000000011,100000000100100001010001000011001000,65,6561ms
001011011000011000000100000000000010,100000000000000100011001010011000001,010000000100000010000010101000110100,000100100011100001100000000100001000,83,9372ms
000001011001100000000000001101010000,010000000010001001000001100010000011,000000100100010100100010000000101100,101110000000000010011100010000000000,46,12640ms
100111001010001000010001000000000000,000000000000010001100100010101100100,011000010100100010000000100000010010,000000100001000100001010001010001001,177,1581ms
100100001100000010000100001000010100,001001000010100000101000010000000011,000000000000010101000011100100101000,010010110001001000010000000011000000,91,3465ms
011010011010000000000000000101000010,000000100001001010110100000000010001,000001000100110100001001000000101000,100100000000000001000010111010000100,107,9090ms
010010011110010000000000000101000000,001100000000100001010001100000001100,000000100000001100001100000000110011,100001000001000010100010011010000000,90,4947ms
100100011000001000010001010100000000,011000000101100000100110000000000100,000011000000000110001000100010010001,000000100010010001000000001001101010,104,6751ms
111010000110000000010100000000000100,000100010001000001101001000100001000,000000000000001110000010011010010001,000001101000110000000000100001100010,130,3060ms
011001111100000000000010100000000000,000000000000001000011000011000011110,000110000010000100000101000111000000,100000000001110011100000000000100001,129,2790ms
110100101000010001000000000100001000,000000010100000100000010110000000111,001011000000000000110101001001000000,000000000011101010001000000010110000,157,1051ms
100101011010000000000100001010000000,001010000101010000100000100000001100,000000100000000000011001010001010011,010000000000101111000010000100100000,106,8891ms
100110101000000000010100000100000010,001001010000000010100010010010000001,000000000010101001001000001001101000,010000000101010100000001100000010100,127,13840ms
100001111000000000000001011000000001,000100000010010011000010000011000100,010000000101001000010000100000011010,001010000000100100101100000100100000,118,3494ms
010000110000001110000010000010000100,100001000001000000101100010000100010,000100001010100001010001100000001000,001010000100010000000000001101010001,40,21967ms
000110110000101000000000001010100000,001000000001010000100100010100001100,000001000010000000010011100000010011,110000001100000111001000000001000000,38,2234ms
110010000110010010000000000000001001,000100001001001000011100100000010000,000001010000000001000010011011000100,001000100000100100100001000100100010,133,5331ms
110011100011001000000000000000010000,000000011100000001010110000001000010,000000000000110100100000101100001001,001100000000000010001001010010100100,146,3832ms
100000001101000010000000001010101000,000100010010100000011011000000000001,010011000000000000000100110001000110,001000100000011101100000000100010000,122,17335ms
100000000111000000000000100010000111,000000000000000101011110001001001000,000010001000111010100001000100000000,011101110000000000000000010000110000,85,31141ms
101100010000000000111010000001000000,000000000100110001000100110000110000,000000101010000100000001001110001000,010011000001001010000000000000000111,132,10575ms
011011010000000001100000000101000000,000100000001110000000110100000001010,000000001110000000010001011010000001,100000100000001110001000000000110100,122,468ms
110101011000000000001000001001000000,001000000000111000000010000100110010,000010000101000110100000010000000101,000000100010000001010101100010001000,157,987ms
101110010110010000000000001000000000,000000101000000000110100000010011100,000000000001001110000010110000000011,010001000000100001001001000101100000,154,23353ms
110101010100011000000000001000000000,000000100000000111000100010000011001,000000001010100000110001100001000100,001010000001000000001010000110100010,157,532ms
001001010001010100100000000110000000,010010001000000001001000001000001101,000100000110100000000001100001110000,100000100000001010010110010000000010,80,2315ms
000100100011100001000000000001011000,110000001000000000011001001100000001,000001000000001010100000100010100110,001010010100010100000110010000000000,17,50004ms
000001111000100000000000110000100001,000100000001011001100011000000000100,110000000100000100001100001101000000,001010000010000010010000000010011010,127,5565ms
010000100110000000010010010011000000,100000011000010000101100000000001010,000100000001100001000001101100100000,001011000000001110000000000000010101,45,1716ms
111001100010000001010010000000000000,000000001000100010001000010101010100,000110000000000100100000101010000011,000000010101011000000101000000101000,177,272ms
011001011100100001001000000000000000,000000000011011000100000000101010001,100110100000000010000101100000001000,000000000000000100010010011010100110,177,2507ms
000100110000000001111000000100000001,100000000001000010000101010001100010,000000001100111100000010000000011000,011011000010000000000000101010000100,61,3602ms
001111101001000000000000000100000100,010000000000001000011000100010111000,000000010000000011100011010001000010,100000000110110100000100001000000001,91,52906ms
101101100000101000000000010000001000,010000010000000110010000000001110100,000010000101000001101100000000000011,000000001010010000000011101110000000,136,2623ms
001001011000101000000100010000000001,010010100010000010000000101000001010,100000000100010100000001000011010100,000100000001000001111010000100100000,96,8616ms
111000011000000100000001001000000100,000100100000001001101000000101010000,000011000010000010010010000000100011,000000000101110000000100110010001000,112,4200ms
110010110000000010110000000000100000,001100000100001101000100000010001000,000000001001000000001001101001000011,000001000010110000000010010100010100,119,2343ms
001110011000010000100001001000000000,100001000011100000000000100000101100,000000100000000110000110000001010011,010000000100001001011000010110000000,78,11781ms
010011110000001011000000001000000000,000000000110110000111000010000100000,101100000000000100000110100101000000,000000001001000000000001000010011111,143,5791ms
011010010001001100000000100000001000,000000101100000000000100011010100100,000101000000000011111000000001000010,100000000010110000000011000100010001,90,2267ms
110100000001000000010001010000100010,000010000000110011001100000001010000,001000101100001000000000101100000001,000001010010000100100010000010001100,157,84ms
010101110000100001000010000000000010,000000000100010100001100000100110001,101000001011000000000001110001000000,000010000000001010110000001010001100,142,3902ms
011111100100000000010000000000000001,100000000000000000000011110110001010,000000010011101001000000000001110000,000000001000010110101100001000000100,123,15580ms
101011010000010000100100000010000000,000100000000101100011000000101000100,000000000010000001000011110000011001,010000101101000010000000001000100010,96,15892ms
100110111001000000010000100000000000,010001000100001000101100010000100000,000000000000100011000010000110001011,001000000010010100000001001001010100,111,50642ms
001001111000000000001000100000100100,110000000110010100000000001000011000,000100000000100010100010000101000011,000010000001001001010101010010000000,99,16808ms
011001010000111000000100100000000000,100000001010000010001001010100010000,000100100000000100110000000011001100,000010000101000001000010001000100011,106,7882ms
110101100000000010000101010000000000,001000010010100001000010100000000110,000010000100001100100000001001011000,000000001001010000011000000110100001,153,687ms
100101000000000001000000101000110001,011010010010000000000000000110001100,000000100100000110110101000000000010,000000001001111000001010010001000000,66,30822ms
111011001001001100000000000000000000,000100010110110000000010010000000100,000000000000000001110001001000011011,000000100000000010001100100111100000,120,27796ms
000111001001100000000010000001001000,001000010110001000001000011000000001,110000100000000110010001000100100000,000000000000010001100100100010010110,143,10637ms
100111100000000110000000000000110000,000000011101101001010000000001000000,000000000010010000000110001010001101,011000000000000000101001110100000010,117,96856ms
011111010000000011000000000010000000,100000000000000000100100001101110001,000000100010000100011011000000001010,000000001101111000000000110000000100,99,15797ms
000101111000010001000110000000000000,100000000001001100010000100100000011,011000000000000000101001011000001100,000010000110100010000000000011110000,116,133084ms
111101111000000010000000000000000000,000000000000100001010100101010100001,000000000110001000100000000101001110,000010000001010100001011010000010000,157,294ms
001010001100000100111000100000000000,000000010010001000000000010010010111,000100000000110000000001001101101000,110001100001000011000110000000000000,72,36549ms
110101000000000000000100000000101101,000010000010000001000010101001010010,000000001001101010010001010100000000,001000110100010100101000000010000000,112,14785ms
110010111000000000000010001010000000,001100000011000000000100010001100100,000000000000011000011001100000001011,000001000100100111100000000100010000,126,2589ms
011111101000000000000000001100000000,000000010000001000110010000010111000,100000000111100010000000000001000011,000000000000010101001101110000000100,177,379ms
111100010000000000010101000010000000,000001001010000010000000101001000011,000000000000111100001000010000011100,000010100101000001100010000100100000,128,4827ms
101101110001100000000100000000000000,010000000010000101100000110100000001,000000001000010010001001001000101010,000010000100001000010010000011010100,104,3879ms
101000010110000000010000100100000010,000010000000010111000001010001000100,010001000001101000000000001010100001,000100101000000000101110000000011000,157,869ms
000000010000010101100000100000110001,100001100010001010000100010000001000,000010000101000000010011001011000000,011100001000100000001000000100000110,18,1900ms
001101101000100000100100000000010000,000000000010000000001001010010001111,010000000000010111010000101001000000,100010010101001000000010000100100000,75,18545ms
010110001000000010001001000000001010,001000010101000001000000010010010001,100001100000101100000000000100100100,000000000010010000110110101001000000,155,42353ms
000111110001100001000000000000000001,011000001000001010010011000000000100,000000000010010000101000001000111010,100000000100000100000100110111000000,68,84235ms
111101110000000001000100000000000000,000010001110010100000000000000001101,000000000001000000101001001110110000,000000000000101010010010110001000010,157,36920ms
100010000100100000001100001000100001,000100100000010101100001000011000000,001000001010000000000010110100001010,010001010001001010010000000000010100,95,500ms
110000001000011001101000000000000100,000101010001000000000101001001001000,001000100110000100010000010000010010,000010000000100010000010100110100001,143,568ms
110111110000000010000000000001000000,000000001000001001110110000000100001,000000000100000000000001011110011010,001000000011110100001000100000000100,177,86ms
111100110000101100000000000000000000,000001000010000010100001010100001100,000010000101000001011110000000100000,000000001000010000000000101011010011,157,324ms
011000101000000010100000000010100010,000100010000001000010010101001001000,000000000110110001000001010000010100,100011000001000100001100000100000001,84,17508ms
101011111000000000000000000000100010,010000000100001000100000101010000101,000100000001010111000010010001000000,000000000010100000011101000100011000,130,2273ms
000000111001010010000001100000000100,100010000110000000100110000001001000,011100000000000000011000000010110001,000001000000101101000000011100000010,88,6479ms
101111011001000000000001000000000000,010000000010000000001110101000100001,000000100100101010000000010010000110,000000000000010101110000000101011000,177,1058ms
101100011000010000000001010000010000,000001000111100010000100000010000010,000010000000001101100010101000001000,010000100000000000011000000101100101,101,31991ms
010001011001000010000100000010000010,000000000100011100100000001100100100,100110000000100000011000000000011001,001000100010000001000011110001000000,148,11295ms
110011000000011000001001000000010000,000100001100100000100010000100101000,001000010010000010000000110011000010,000000100001000101010100001000000101,122,1087ms
100110011000100000000000010000010010,000000000101011010010100000000100100,010000100010000001001001000101001000,001001000000000100100010101010000001,149,7298ms
000010001010001001000000001000100110,101000100001000000001100000000011001,000000010100100000010001110101000000,010101000000010110100010000010000000,31,3514ms
111010110010000000010000000000000001,000100001100010000000001001100011000,000001000001100011001000100001000100,000000000000001100100110010010100010,114,4606ms
100011101010000000000000000101000001,010000000000011001100100000000111000,001100000100000100011001011000000000,000000010001100010000010100010000110,157,306ms
000110000110000100011001000000001000,010001001001000001000000100000110100,100000000000111000100000000101000011,001000110000000010000110011010000000,124,24115ms
111011000000000010000001000000001100,000000010001010100000100001011010000,000100001110001000100010000000100001,000000100000100001011000110100000010,157,429ms
000110001000110100101000000000100000,000000100001000001010010010110001000,001001000010000010000101001001010000,110000010100001000000000100000000111,49,4082ms
110010100000000100000010010000001001,000101001000001000001101000000010100,000000010010100011000000101011000000,001000000101010000110000000100100010,76,3382ms
101110100100000000100011000000000000,000000000001010100011100001000001001,010000010010101000000000100010010010,000001001000000011000000010101100100,173,1201ms
110111001001000000000000000100100000,001000010000010100010010010010010000,000000000010000001100101100001001010,000000100100101010001000001000000101,160,6073ms
001000001000100010000000000110001101,000010000100001100110000100001100000,110100110000010001000100010000000000,000001000011000000001011001000010010,157,1855ms
010000001001101001000000000101000100,000000110100000010100000001010100010,000101000010000100011111000000000000,101010000000010000000000110000011001,61,64429ms
111001101010000010000100000000000000,000100000100010000000001010010101001,000000000000100100101010100100010010,000010010001001001010000001001000100,153,6816ms
111111000101000000001000000000000000,000000010010000110000000011111000000,000000100000010000100011000000010111,000000001000101001010100100000101000,177,110ms
011000100010000000100001000000100101,000010001100000010001000100101001000,000100000000010100010110001000010010,100001010001101001000000010010000000,53,4963ms
011100110000000000110000000000010010,000001000111000001000100010011000000,100000001000110000001010100100001000,000010000000001110000001001000100101,157,91ms
011110001100000000000101000000100000,000000000001111010001000001011000000,000000100010000100110010010000001100,100001010000000001000000100100010011,124,14787ms
010111010000001000100000000000001100,000000000001000011000011000101010010,001000100000110000010000101010000001,100000001110000100001100010000100000,104,12813ms
010000011000010010100000000001001001,100000000101000100000100100000010110,000111000010000000001011010010000000,001000100000101001010000001100100000,86,10226ms
111110011000000000100000000000000010,000000000000010010000100111011000001,000001000100000101000001000100101100,000000100011101000011010000000010000,177,81ms
101011100000110000010000000000000100,000000000110001110000000000100110001,010000000000000000001101100011001010,000100011001000001100010011000000000,116,129739ms
001100010100100000000001101001000000,100010100000001010010000000000011010,000001001011010000001000000100100001,010000000000000101100110010010000100,67,6339ms
001101111000000000001000010010000000,010000000110101000100010000000101000,000000000001000010010101100101000100,100010000000010101000000001000010011,92,7331ms
101001111000000100001000010000000000,000010000100110001000100000001010010,000000000010000010110010101010000100,010100000001001000000001000100101001,136,7309ms
001011100001000001001000010001000000,000000000000001010010000101100010011,110000010110000000000011000010100000,000100001000110100100100000000001100,144,399ms
001000011000001001101000000010000010,100100100000100000000011001000101000,010000000110000010010000100100010100,000011000001010100000100010001000001,99,543ms
011001110000000000000001000011000010,100010000110001000100100000000011000,000000000001010101000000101100100001,000100001000100010011010010000000100,98,32219ms
110100011000000000000001010100010000,001001100010001001001100000010000000,000000000001000010110010100001000011,000010000100110100000000001000101100,143,12688ms
000111000000001101000000100001001000,000000110001000000100000010110100100,111000000010010010000001000000000011,000000001100100000011110001000010000,123,8486ms
111110110000000100010000000000000000,000001000100011001101010100000000000,000000001001000000000101011110010000,000000000010100010000000000001101111,145,39397ms
101011011000001000000010000000001000,000000000111000011100100000010000001,000000100000000000011001011000110100,010100000000110100000000100101000010,103,20860ms
111111101000000000000000001000000000,000000010000110100111000100100000000,000000000011001000000110010001010100,000000000100000011000001000010101011,166,632ms
100010001011001001010000000000000100,010000000000100000100000001111011000,000001110100000100001001100000000001,001100000000010010000110010000100010,110,11274ms
011101000000101000000000100100001000,000000001000010100101001011000000100,000010010100000010000110000010010010,100000100011000001010000000001100001,97,7145ms
100011001000010010000000000100110000,010100010000000000100100100010000011,001000100001100100001001000001000100,000000000110001001010010011000001000,92,76373ms
111111011010000000000000000000000000,000000000000101010010000010010010101,000000100001010101000010000100001010,000000000100000000101101101001100000,177,821ms
001100101001001100010001000000000000,100000000110000001001010100000000011,010010000000110000100100010110000000,000001010000000010000000001001111100,87,38728ms
000001100011000101000000000100100010,100100000000010010000001011010000100,000000001100100000010110100001010000,011010010000001000101000000000001001,21,8741ms
101010001000000000010001010000110000,000101000001100001000000101001000100,010000000010001110001000000010001001,000000110100010000100110000100000010,125,2953ms
101001001000100000100001100000000100,010000010101000110001000000000101000,000000100000010001010010011011000000,000110000010001000000100000100010011,120,5768ms
110110001000000000000001010001000010,000001010000000101010100101010000000,001000000000011010101000000000010101,000000100111100000000010000100101000,171,1179ms
101110110000000000001011000000000000,000001001101000010100100000100000010,000000000000111001010000001011100000,010000000010000100000000110000011101,163,1521ms
101010011010000001000000000000011000,010101000000100000100001101100000000,000000000001010100001100000011100001,000000100100001010010010010000000110,90,40520ms
101100000010001001100101000000000000,010000101100010000010000001100000010,000011000000100100001000100001001001,000000010001000010000010010010110100,90,8162ms
100110010100000000000000011000110000,010001001001100000100000100010000010,000000000000010100011101000001001001,001000100010001011000010000100000100,89,7698ms
011101111000100000000010000000000000,100010000001000101010000000100001100,000000000010010000001101100001000011,000000000100001010100000011010110000,71,225017ms
000100000001100010001000001010011000,000001100000000001100110010100000010,001000001100011000000001100001000001,110010010010000100010000000000100100,4,584ms
010111011000000000100000000001000010,000000100000111101001010000100000000,101000000011000000000100101000001100,000000000100000010010001010010110001,177,276ms
100000111000000000001101000000001100,001110000100100110000000000010000010,000001000001000000110000011001100001,010000000010011001000010100100010000,93,10545ms
100101100000000000001011010000010000,000010001101001001000100100000001000,010000000010110110010000000000100010,001000010000000000100000001111000101,122,39416ms
101010010001100000100000000001000001,000101100010010000010100000010001000,000000001000001011000001011100000010,010000000100000100001010100000110100,110,755ms
101110001000010000100001000000010000,000000100010100100001100100000101000,000000010100000010010010001101000001,010001000001001001000000010010000110,177,434ms
001011101000000000010010100000010000,100000000001011011000001000011000000,000000010100100100100000010000101010,010100000010000000001100001100000101,75,10142ms
010111001000000000001000000011010000,001000100000010110000001000100001010,100000000000101001010110001000000001,000000010111000000100000110000100100,152,11392ms
101101011000000000100100000100000000,000000000010001100001010001000001011,000000100000010001010000110011010000,010010000101100010000001000000100100,157,306ms
101001011000000100001000000000000101,010100000010010011000000100000101000,000010000100101000000010011011000000,000000100001000000110101000100010010,107,8423ms
100000010011001000000010000110000001,001000000100000110001000011000001010,010100001000100001010000000001100100,000011100000010000100101100000010000,121,8164ms
011011101000000010010000010000000000,000000000001111001000001000011000001,000100010010000100000000000000111110,100000000100000000101110101100000000,107,36534ms
010101000001001001000100000001000001,101000100000000110010001001010000000,000010010010000000001010000100110100,000000001100110000100000110000001010,56,6580ms
101100001000000000100000100100100001,010011000010101000010000000010010000,000000100000010101000010010000001110,000000010101000010001101001001000000,114,9769ms
110000010010100000010001000001000010,001100000000001110001100000000010100,000000001001000001000010101110100000,000011100100010000100000010000001001,117,445ms
010001010000000000001001001100100100,100010000100000000110010000000011010,000100100001101000000100000011000001,001000001010010111000000110000000000,61,60886ms
000011011000100001010000000010000100,000000000101000110101000000001100001,100100000000000000000011011000011010,011000100010011000000100100100000000,89,21966ms
011011001000001001000000100000000010,100000010010000000001010011011000000,000100000101010000100100000000001101,000000100000100110010001000100110000,106,3413ms
111110100000000100000000000000001100,000000001100000010110100001010000010,000001000010001000000011100001110000,000000010001110001001000010100000001,149,3851ms
101110000010000000000010000010011000,000000001100000000010001001001100011,000001110000101010001000000100000100,010000000001010101100100110000000000,135,15591ms
010101001100010000000000011001000000,000000100000101000011001000000010011,101000000000000101100110000000001100,000010010011000010000000100110100000,157,972ms
110000000010010011010000001000000100,000001000100001000100010010010001010,001000111001000000000100000101000001,000110000000100100001001100000110000,150,2367ms
101101000000010000010000000000001110,010010100001000011000001000000010001,000000011110001100100010000010000000,000000000000100000001100111101100000,125,3824ms
010110010001010001000100000100000000,000001000100001000001001010011000010,100000001000100100100000101000100001,001000100010000010010010000000011100,170,1273ms
010111110100000000000001010000000000,001000001011000000101000000000100110,000000000000110010000000101010011001,100000000000001101010110000101000000,92,31510ms
111001010000000000000100100100000100,000000000101011000010010000000110001,000010000000000000101001010011001010,000100101010100111000000001000000000,157,38379ms
011101100001011100000000000000000000,100010011000000001001000001010000010,000000000110000010100110100001001000,000000000000100000010001010100110101,102,125508ms
001011001000100010000100000000001010,100000000000000100100000100101100101,010100000110011001000001010000000000,000000110001000000011010001010010000,90,63040ms
010010010010010000010100000000000110,000000000100101000100000100001110001,101000001001000011001001001000000000,000101100000000100000010010110001000,120,31925ms
101001010011010000000000000000011000,000100001000100000001000111010000100,010010100000001011010001000000000010,000000000100000100100110000101100001,143,10109ms
000000001011001001000000010100001001,010110000000000100000000101001110000,000000110100110000001111000000000000,101001000000000010110000000010000110,27,7535ms
110110100000000000010010000000001100,000000001010000001000001000110110001,000001010100010110100000101000000000,001000000001101000001100010001000010,177,1556ms
101111111000000000000000100000000000,010000000001010000100011010000000101,000000000010000111001100000010101000,000000000100101000010000001101010010,160,2379ms
010100001000100100010101000000000100,000000000101010000101010000010010010,100011100000000011000000001001000001,001000010010001000000000110100101000,114,9746ms
000110010000100000010000101010000100,011000000010000010000110000001100010,000001101000010101100001000000001000,100000000101001000001000010100010001,62,9112ms
001101000100000000000010001011000010,010000010010010110100000100000000100,000010101001001000010001000100010000,100000000000100001001100010000101001,73,8377ms
011001001000001010001001000000010000,000000000010010001010010111001000000,100000100001100000100100000010001010,000110010100000100000000000100100101,116,117793ms
111100011000000000000010000010000001,000000000110010100000100011000010010,000010100000001001101000000101000100,000001000001100010010001100000101000,157,111ms
011001101000000000100100100001000000,100100010000000000011010000110100000,000000000111011000000000010000001101,000010000000100111000001001000010010,86,9287ms
000110011000001100000000001100000001,010000000001000000010011100000011100,001001000010110001101000000001000000,100000100100000010000100010010100010,98,2635ms
100110100010000000000011000001001000,000000000000000101000100011110010001,010000000100010010110000100000100100,001001011001101000001000000000000010,153,6678ms
010000000000100011010010001000100010,101000100110010000000000100010000100,000001010001001000101100010001000000,000110001000000100000001000100011001,21,2639ms
010110011100110100000000000000000000,000001000000001010010000010011000101,100000000001000001001110101000000010,001000100010000000100001000100111000,177,6610ms
110101101000000000110000000000010000,000000010010001000000010011001000110,001010000001010101000001000010100000,000000000100100010001100100100001001,157,101ms
010100110011000000000000000100100010,000001000000001010101001000001010100,001010001100000001010000100000001001,100000000000110100000110011010000000,107,9673ms
