011011001100000100000000110000000000,100000010000000011010001000011000001,000100000000101000001100000100011100,000000100011010000100010001000100010,97,5356ms
010111010100000001001001000000000000,000000101000001110010100001000100000,100000000001100000100010110100000100,001000000010010000000000000011011011,177,10492ms
100100100100110000000000010110000000,000000001001001011010010000000010001,001001000010000100000000101000100110,010010010000000000101101000001001000,109,2347ms
111100101010001001000000000000000000,000001010000000110000110010100100000,000010000001110000001000001010010010,000000000100000000110001100001001101,157,1326ms
010001100010000101000000000011001000,100010000100101000000001100000100100,001100001001010000100100001100000000,000000010000000010011010010000010011,102,33134ms
110000100101100000000010010000001000,001001000010001001101000100000000010,000100001000000010000001001100110001,000010010000010100010100000011000100,125,8742ms
101100001000000100000100001101000000,000000000010100000010001100000110101,000010100000010011001010010000000010,010001010101001000100000000010001000,108,4687ms
000000101000001000100001011011000000,011000000100010100001010000000010010,000011000010100000010000100000100101,100100010001000011000100000100001000,24,1297ms
010110010000000001000000100010000110,000000000110100100100011001000010000,100000100000011000001100010000101000,001001001001000010010000000101000001,119,34605ms
001010001100001000101000001000100000,000000000001010001000001100101001010,100101010000100100000010000010000001,010000100010000010010100010000010100,132,7722ms
011010111000000000000000000000010101,000100000000110001001001010010001000,000001000001000000110010000101100010,100000000110001110000100101000000000,122,20919ms
000100011100000110001000001000001000,100001000010000000110010100000110000,000000100001110001000100010001000010,011010000000001000000001000110000101,14,4050ms
100110100010001010000110000000000000,000001000100000100001000010101011000,010000011001000000100001001000100001,001000000000110001010000100010000110,177,1322ms
011101001001000000000000000001000011,100000000000001000110000110010010100,000000010100000101001101001100000000,000010100010110010000010000000101000,106,25667ms
111110010000000000000101000000000001,000000000011010010100000100100010010,000000100100101001001000001001100000,000001001000000100010010010010001100,136,10222ms
101000101000010000100001000000100001,000001000010101001001010100010000000,010000000101000110000100001001000010,000110010000000000010000010100011100,128,20480ms
001101100000011100000100000010000000,010000000010000010011001010000100100,100010001101000001000000101000010000,000000010000100000100010000101001011,126,5085ms
110101000010000000100011100000000000,000000111100010000000000001000100011,001000000001000011011000000101010000,000010000000101100000100010010001100,157,610ms
111100110100010000000000000100000000,000000000001000010110010010000010011,000010000000100001001000101011100000,000001001010001100000101000000001100,157,67ms
010110000000101000000100001100000010,000000001010000100101001000011010000,100001000001010000010010100000100100,001000110100000011000000010000001001,131,4433ms
101000010000100000100000011000001001,000010000100000101000111000000100100,010000000011001000000000100101010010,000101101000010010011000000010000000,121,5294ms
000111100000010000000001010000000110,011000011000100000010000100101000000,100000000011000010001100001000100001,000000000100001101100010000010011000,76,19257ms
100100010000000100000001010000110100,000000100000011000110000001100001010,011000000001100010001100100010000000,000011001110000001000010000001000001,85,11790ms
011101010100001000010001000000000000,100000001011000100000000010100001001,000010000000100001101100100001000010,000000100000010010000010001010110100,113,6446ms
101110011000000000100010001000000000,010001000001000000011000100100010100,000000000110100010000101000011100000,000000100000011101000000010000001011,149,9630ms
100001111000000000001000001010000100,001110000000011000000000010100100010,000000000011100000110111000000010000,010000000100000111000000100001001001,121,8565ms
111100011001000000000000010000000001,000000100000100100010011000001101000,000000000000011011101000001010000010,000011000110000000000100100100010100,157,2469ms
000101000000000001010100100000110100,000010011100100000000010001100001000,001000100011000000101001000010000010,110000000000011110000000010001000001,49,1675ms
110101001100000000001001000000010000,000000100010100100100000001010100001,001010000000011010010110000001000000,000000010001000001000000110100001110,144,549ms
110001001010001000000000001000101000,000010000000000100100011110010000001,000100000101100000001100000001010010,001000110000010011010000000100000100,137,1350ms
011101100000000001010010000000000010,000000000000000010001100001011011001,100010000111100000100000110000000000,000000011000011100000001000100100100,157,1665ms
100110111100000000010000000000010000,000000000000011110100001100010000010,010001000010100001000100001000101000,001000000001000000001010010101000101,177,377ms
110010011000000101000010010000000000,000001100000001000000100101110000100,001100000111010010000000000000010001,000000000000100000111001000001101010,157,5864ms
000100110000010000000110100001001000,011010000000100111100000000000010000,100000001010000000001000011100100001,000001000101001000010001000010000110,73,6899ms
001101001100001000000000000100010001,000010000010100101000100000001001010,110000110000010000100010001010000000,000000000001000010011001110000100100,157,588ms
000010100001000001010000000110011000,100000000010100100001001010001100000,000001010100011010100010100000000000,011100001000000000000100001000000111,55,31416ms
101001111000001000000000110000000000,000000000101010000100101000011100000,000000000010100001010000001000001111,010110000000000110001010000100010000,93,23454ms
011111000000000000001000010000000101,000000100010100000100010000110001010,100000000100000011010000101001100000,000000011001011100000101000000010000,177,3699ms
101011100000001000000110000000100000,000000000011000010010000111101000000,000000001000000101100001000010011010,010100010100110000001000000000000101,111,6035ms
010100101100010100000001010000000000,000011010000101000100100000000100100,001000000001000011010010100001001000,100000000010000000001000001110010011,91,7801ms
100001001001010000101100000010000000,001010010000000010000000110100000011,000100100010100101000001000000011000,010000000100001000010010001001100100,85,3186ms
010100000000111100000010000000010010,100000000010000001001100100000100101,001000111001000000010001001000001000,000011000100000010100000010111000000,63,10064ms
000111000000000100000001100011100000,101000100011011001000000000000001000,000000010000100000101010001000010110,010000001100000010010100010100000001,20,5834ms
110010010100100001010000000000000001,000000000001010000001011000111010000,001101100000001100100000001000001000,000000001010000010000100110000100110,157,791ms
011111001000000001000010010000000000,000000000101001100010000100001110000,000000010010010010100000001010000101,100000100000100000001101000100001010,110,27083ms
010000111001010000000100100000001000,100101000000101000110001000001000000,001000000000000101000010011110010000,000010000110000010001000000000100111,56,4837ms
000000110000001000001000110010010100,111010001000000010010000001000000010,000100000110010100100010000000001001,000001000001100001000101000101100000,24,3806ms
111000011001001010000100000000000000,000101000000010000110011010000010000,000010100000100001001000100100100010,000000000110000100000000001011001101,120,50411ms
011111101000000000010000000000010000,000000010001101011001000010000000100,100000000100010000000111000110100000,000000000010000100100000101001001011,177,400ms
111010101000001000000001000000000001,000000010110100011001000000101000000,000100000001000000010100001000111010,000001000000010100100010110010000100,131,3902ms
100110110000000100000001001000000001,010000001011010000001000110000001000,001000000000001010010100000010110100,000001000100100001100010000101000010,108,10552ms
101111000100000000000010000000011000,000000000000111000000101110001000100,010000011010000100100000001010000001,000000100001000011011000000100100010,172,689ms
001010101010101100000000010000000000,010000000001010001000100100011000001,000101010000000000010011000100010100,100000000100000010101000001000101010,93,70191ms
001100011010000001000001100000001000,000011000100100000010000000010100110,110000000001000000100110000101000001,000000100000011110001000011000010000,157,1506ms
110011101000100000000000000000100010,001000000100011010000101011000000000,000000000011000000111000100110001000,000100010000000101000010000001010101,157,18521ms
101110010000000000010010000000010001,000000001101110001100000101000000000,000000100010001010000001000010001110,010001000000000100001100010101100000,105,49946ms
101100010101010000000001000100000000,000010001000000100111100000000011000,000000100010001001000000011010000110,010001000000100010000010100001100001,157,613ms
101110110000100011000000000000000000,010001000001000100000000011001000011,000000000110001000110101000000011000,000000001000010000001010100110100100,163,2374ms
100100000100001000100000001000011001,010000001001100010000100000110000010,000000010010010001010010100001000100,001011100000000100001001010000100000,78,9229ms
001010011000010000100000010000101000,110000000001000011010001001000000100,000100100010001100000010000100010010,000001000100100000001100100011000001,65,6356ms
011100001000000000000101010010000010,000011100100001000001010000001010000,100000010000100001010000000000101101,000000000011010110100000101100000000,136,9210ms
011001100000010010000000000000100101,000010000001100000000011001100010010,000100010010000000011000110010001000,100000001100001101100100000001000000,77,20168ms
111011011000000000000100000000000100,000000000011100010000010010110100000,000100000000000101001000001001010011,000000100100011000110001100000001000,130,4116ms
110011110010000010000000000000000100,001000000100011100000000001110000001,000000000001000000001011110001011000,000100001000100001110100000000100010,128,6768ms
011011111000100000000000000000000100,100100000111000000100000100010001000,000000000000011000001111010100000001,000000000000000111010000001001110010,104,74912ms
111011111000000000010000000000000000,000000000000100000001010110110001100,000000000011000101100000001001000011,000100000100011010000101000000110000,157,221ms
011001010000000010000000001000101010,000000100000100001110000110100000100,100100000100011100001001000000010000,000010001011000000000110000011000001,157,2973ms
010001001000000000001101100001010000,000110010000010001100010010000100000,100000100001001110000000000100001001,001000000110100000010000001010000110,121,33660ms
101011000000101100000000100000000100,000000001011010010010000000110000010,010100110000000000100101001001000000,000000000100000001001010010000111001,157,5257ms
001100101100000100001001000001000000,000000010001001000000100100010011001,000011000000010011110000010100000000,110000000010100000000010001000100110,99,3572ms
011010110000000110000001000000001000,000000000010010001010100100001000011,100001001101000000100000010110000000,000100000000101000001010001000110100,157,50ms
011111011000000000000010000000100000,000000000100110100100001011000001000,100000000010000000011000100010010101,000000100001001011000100000101000010,177,1638ms
011111110000000100000000000100000000,000000000000100000100100101001100110,100000001000001010010011010010000000,000000000111010001001000000000011001,177,93ms
111001011000100001000000000000000010,000110100001000000000000111100001000,000000000000001100000011000011110001,000000000110010010111100000000000100,119,52613ms
011010001001011000000000000000101000,000000010100100101100100000010010000,000101100010000000000010011000000101,100000000000000010011001100101000010,77,16491ms
100000111101000000001100100000000000,010100000000010011000001000100011000,000001000000100100010010001010000011,001010000010001000100000010001100100,110,9157ms
101010000101110000100000000000100000,000101100010000000000000001000010111,010000000000001110010111000000001000,000000011000000001001000110111000000,138,6674ms
111101000000010000101000100000000000,000000100100000101000001011001000001,000010000010101010010000000100001100,000000011001000000000110000010110010,157,316ms
010110101000000000100000000010011000,100000000000101101010100001000000010,000000010111000000000011100101000000,001001000000010010001000010000100101,132,3378ms
001110010000010000000100100100001000,000000100101000100001010000001010010,110000000000100001100001000010000101,000001001010001010010000011000100000,177,1744ms
111101011000010000000000000001000000,000000000000000001110010001000111100,000010000101100000001100110010000000,000000100010001110000001000100000011,157,221ms
011100000000000010000000110000110010,000000001110100001000000000011001001,000011100001010000001111000000000000,100000010000001100110000001100000100,74,74530ms
110101100000010000000110100000000000,001000000000001000100001000011100011,000000001001000110000000011000011100,000010010110100001011000000100000000,116,7551ms
001011001010000000010100000000001001,000100000100101010001000000000010110,010000000000000100000000111111100000,100000110001010001100011000000000000,66,18523ms
001000001100000000110011011000000000,010101000000111000000100000000000110,000010100001000111001000000001000001,100000010010000000000000100110111000,0,49571ms
101111100000000000110010000000000000,000000000001011101000100000000111000,000000000000100000001001100111000110,010000011110000010000000011000000001,150,7098ms
101100110000000000010000000000011001,000011000000000000101000010011100010,000000000111110110000000101000000000,010000001000001001000111000100000100,81,15672ms
011001000001000000101000010000100100,000010110000010001000010001010010000,100000001000100110000001100001000010,000100000110001000010100000100001001,109,3694ms
101111101010000000000000000001000000,000000000001001100101010001010000001,000000000000110010010100000100101010,010000010100000001000001110000010100,152,8944ms
011100011100000000000000001000000101,000000100010100010001100010010001000,100010000001010001100011000000000010,000001000000001100010000100101110000,157,643ms
110100100100000100000000001000100100,001010001010001000001001000000001001,000001010001110001000110000000000010,000000000000000010110000110111010000,111,14714ms
001010000010011110000000000000000110,100000010000100001101000000010011000,010100000001000000000100011001100001,000001101100000000010011100100000000,25,5099ms
000000000101110001000000110100000100,010000101010001000001001000000010001,000011000000000000100010001001101010,101100010000000110010100000010000000,53,15078ms
010000000000000011011001010000011000,000001101100000000100000101010000001,100110010001001000000100000000100010,001000000010110100000010000101000100,125,4590ms
111001100000010000000000000100000101,000000000001100101100010100001001000,000010000110001010000000001010010010,000100011000000000011101010000100000,157,7220ms
111010011000000010000000001001000000,000100100110000001011000100000000001,000001000001010000100101000010001010,000000000000101100000010010100110100,143,19725ms
000010010000000011010000110010010000,000000000110000100100101000001100010,001001001001101000001000001000001000,110100100000010000000010000100000101,15,13589ms
100111100000011000000010000000010000,001000010100000100101000000100100100,010000000010000011010100100010000001,000000001001100000000001011001001010,142,1058ms
000011111000000000000100001001001000,101100000011000000010001000010000010,000000000100001010101000110100100000,010000000000110101000010000000010101,78,7039ms
110111100000000010001000000000001000,001000000000101000100111001000100000,000000011001010100010000100010010000,000000000110000001000000010101000111,135,8991ms
010100100100100000010000100100001000,100010000000000010000010001010010110,000000010011010001001001000001100000,001001001000001100100100010000000001,60,9106ms
100011000001000100010010010010000000,001000011100010010001000000000010100,010100000000001001100100001100000001,000000100010100000000001100001101010,137,916ms
100111010000000100110000000000000010,000000101010100000001100010001000100,011000000000011011000011000010000000,000000000101000000000000101100111001,162,950ms
111111001010100000000000000000000000,000000100000010100000010001010011100,000000010001000011110001000100100000,000000000100001000001100110001000011,166,1053ms
001110111100000100001000000000000000,000000000001001011100001010001001000,010001000000010000000000101100110010,100000000010100000010110000010000101,120,41483ms
111101100000000000000001001100000000,000010000001010100111000000001001000,000000000110100011000100010000000101,000000011000001000000010100010110010,132,864ms
110001000000001000000010110100000010,001000000010110000110000000011010000,000110000100000110001100001000001000,000000111001000001000001000000100101,151,2660ms
010010010000000000000010011101100000,000101000001000011100000000010000101,000000000010100100011100100000011000,101000101100011000000001000000000010,55,29160ms
101000011000011100011000000000000000,000000000010000010100011100000000111,010001000000100001000000001110011000,000110100101000000000100010001100000,137,3811ms
011001101000000000001001001000010000,000000010110100101000000100001001000,100100000000001000010100010010100001,000010000001010010100010000100000110,146,3313ms
101010001010000000100000001100000010,000100010100101111000000000000001000,010001100001000000001110000000010100,000000000000010000010001110011100001,153,18239ms
011101110000000000000000110000010000,000000000010100110000011000100101000,000000001000011001101000001001000001,100010000101000000010100000010000110,85,19673ms
101011001010000000010100000001000000,010000110001000000000001011100001000,000100000000110010101000000010000011,000000000100001101000010100000110100,107,10940ms
000100010010100100001000100000100001,000001000000010010000000001111010010,011000101001001000100011000000000000,100010000100000001010100010000001100,89,47157ms
111011110000000000100000000000001000,000100000000010111000010000100000011,000000001101001000000000011010110000,000000000010100000011101100001000100,149,953ms
101111001100010000000000000000000001,000000000011100000110000001001001010,010000110000000101000010100000110000,000000000000001010001101010110000100,163,1291ms
001111111000000000010000000000000001,000000000010000100100101110000000110,100000000000110011000010000010101000,010000000101001000001000001101010000,150,6881ms
101000001001101000100000000000001100,000001000000010100001111000001010000,010100000000000011000000100010100011,000010110110000000010000011100000000,112,2775ms
101010010011100100000000000000000001,000000001100001000000001100011010010,010100000000010010001010001100001000,000001100000000001110100010000100100,146,2815ms
010111001000100000000000000001010001,101000000010010000000100101100000010,000000010101000100011011000000000100,000000100000001011100000010010101000,112,18153ms
100100111000000000010000000010001010,000011000000110000001100100000100100,000000000100000111100010011100000000,011000000011001000000001000001010001,133,2339ms
111111111000000000000000000000000000,000000000000000010001111010001001100,000000000101100100110000001000100010,000000000010011001000000100110010001,177,70ms
111110100100000000000100000000100000,000000000000111100100001100000010010,000001000001000011001010000011001000,000000011010000000010000011100000101,162,658ms
111000001000010000001000010000010100,000001000001101001100001000010000010,000100010100000110000010101001000000,000010100010000000010100000100101001,132,5438ms
011111010000000000000000000101000010,100000000011000110010000000000001101,000000100100000001000011101010010000,000000001000111000101100010000100000,136,5434ms
000111110100000000001000000000000101,000000001001000110000010000011110000,001000000010000000110100111000001000,110000000000111001000001000100000010,89,5416ms
001101000000110000001000000011000010,000000001001000110000000010000111001,100010100100001001010011000000000000,010000010010000000100100101100000100,123,26547ms
000011101000001000001000001100001000,100100000011100001000011000001000000,000000010100000100000100110010010001,011000000000010010110000000000100110,56,1043ms
000010111100000000100001010000000100,001101000000000100000000001011100001,010000000000011011011110000000000000,100000000011100000000000100100011010,62,84610ms
000001111100001000100000001000000100,010100000001010000000001000001110001,000010000010000111010000110000000010,101000000000100000001110000110001000,55,18413ms
010000110100000010000000100000111000,101000001000100000010001000111000000,000001000001010001100010011000000100,000110000010001100001100000000000011,63,2035ms
011111111000000000000000100000000000,000000000100100100101000000010000111,000000000011001000010100010001011000,100000000000010011000011001100100000,114,84861ms
001010111100000100000010000000001000,110001000000001010100000010010010000,000000000000110001011001100000000110,000100000011000000000100001101100001,42,5741ms
110010000000000010101000000001100010,000000100100011000010001100110000000,001001000001000000000110000000011101,000100011010100101000000011000000000,117,7813ms
100100001010100010000100001000100000,001000000000010100011010010010000010,000000110100000001000001000101001001,010011000001001000100000100000010100,128,2078ms
110111000010000000000000100101000000,000000011000101000000010010010000101,000000000100000001001101000000111010,001000100001010110110000001000000000,151,30604ms
111001000001000010000000010000010001,000100100000000000011010100010001010,000010001010011001000000000101100000,000000010100100100100101001000000100,157,23712ms
100000010000010001000010011010001000,010000001001101000001000000100100100,000001000000000010110101000000010011,001110100110000100000000100001000000,70,13443ms
001111100000000110100010000000000000,110000000010001000011101000000000010,000000000101100001000000101011100000,000000011000010000000000010100011101,98,33451ms
111001111000000000000100000010000000,000010000100010001001000100001001010,000100000010000100110010010100100000,000000000001101010000001001000010101,157,71ms
000110000000010000010000000110010011,000000001000101010100010100001100000,000000000111000001001101001000000100,111001110000000100000000010000001000,47,36603ms
101011110000001100000000000000010000,010100000100000001001001000001100001,000000001010010000000110011010001000,000000000001100010110000100100000110,95,31109ms
100001101000000000000000110001100100,010000010101100100001000001100000000,001100000000010001110111000000000000,000010000010001010000000000010011011,136,95297ms
111111000000100000010000000000001000,000000100110001010000100100100000010,000000011001000100000010001010010100,000000000000010001101001010001100001,140,2129ms
000110111000100000001000000010000001,010001000000000000100101011001001000,100000000011000100010000100100110000,001000000100011011000010000000000110,133,14493ms
000101001000100000000000011100100100,100010010000010000110000100001000010,001000100000001110000010000010011000,010000000111000001001101000000000001,45,5995ms
100001110100100100000000110000000000,010000000010010000100110000011000010,001100001000000001001001000000001101,000010000001001010010000001100110000,132,1340ms
000011001100010100000010000000001001,010000000011000001001100000010010100,001100010000100010010001001000000010,100000100000001000100000110101100000,57,7696ms
100010001000001100100000101000100000,010100000010010000000100000100011010,001000100001100011000010000011000000,000001010100000000011001010000000101,102,7101ms
110110000100000011000000000101000000,001000000000001000001010110010101000,000000001011010100100101000000010000,000001110000100000010000001000000111,177,520ms
000110100100000010100000010100010000,110000010001001101001000001000000000,000001000000110000010000100011000101,001000001010000000000111000000101010,69,15000ms
010011101000000010011000000000100000,001000000100101001100000000101000001,000100000001000100000000110010011100,100000010010010000000111001000000010,51,13343ms
111111100000000000010000000000000100,000000001001000010100101010000011000,000000000000101000001010101001100001,000000010110010101000000000110000010,138,21742ms
001111101000000000101000000001000000,000000000001111011000000100000100100,010000010000000000010011000100010011,100000000110000100000100011010001000,140,11417ms
100001011000100100100010010000000000,010100100000001000000001000001111000,001010000000000011011000000010000101,000000000111010000000100101100000010,109,19156ms
100111011100010000000000000000010000,000000000011000100001000000011101100,001000000000101010110100010000000001,010000100000000001000011101100000010,122,6125ms
100111111000000000000000000000010010,010000000001010010000100100010000101,001000000010100000111000010100100000,000000000100001101000011001001001000,177,114ms
000100001110000000010011000000000011,101011100000100110000000010000000000,010000000001000000001100101011000100,000000010000011001100000000100111000,26,4716ms
111100001110000000000001000100000000,000011000001010010001000100000010001,000000100000100000100100001011101000,000000010000001101010010010000000110,157,54ms
001111001011000000000100000000000100,010000010100011000000001011001000000,100000000000100011010000100000110010,000000100000000100101010000110001001,136,24237ms
010111000000000010000000011100001000,101000000101011100000100000000100000,000000011000100001101010000010000010,000000100010000000010001100001010101,97,8708ms
110010101001100001000000000000000100,001000000010010010010001100001000010,000001010000000000001010011110010000,000100000100001100100100000000101001,157,1075ms
100010011100100000010011000000000000,011000000000000010000000101100111000,000001000011010100000100010001000001,000100100000001001101000000010000110,126,1736ms
110101111000000000010000000000010000,000000000000000011000110100101100010,000000000011110100000000011010001000,001010000100001000101001000000000101,119,2727ms
010110100000000000100000000001001110,001001000001000110001000000100110000,100000010010001001000000111000000001,000000001100110000010111000010000000,151,4293ms
000101010110100010000000010010000000,000000001001001100001100001000100100,000010100000000000100010000101010011,111000000000010001010001100000001000,87,10644ms
100111110000000010000001000000001000,010000001001100000010010100000100010,000000000100010101101000010001000100,001000000010001000000100001110010001,152,2465ms
110001110000000001000110000000010000,000000001000001000101000110001100001,000010000011010000010001000000001110,001100000100100110000000001110000000,103,10453ms
110110011000000000011100000000000000,000000000101110100100000001101000000,001001100010001010000001000000001100,000000000000000001000010110010110011,177,2176ms
101110100100000001000010000000000001,010001000000000010100100100100110000,000000001000110100001000001010001100,000000010011001000010001010001000010,124,8888ms
001001010010001000010000001001010000,100100001100000000000010100010000101,010010000001010001001001000100001000,000000100000100110100100010000100010,74,952ms
010100011000000100011000000011000000,001001000001001001000010000000000111,100010100010100000000001001100010000,000000000100010010100100110000101000,123,2907ms
100011100000000010101000000000101000,010100011000010001010001000100000000,000000000100101100000000100011000110,001000000011000000000110011000010001,96,4092ms
101000111000101100000000000000000001,000000000010010010111100000100001000,000110000000000000000011110001100010,010001000101000001000000001010010100,131,35489ms
000011011100010100100000000000010000,001000000000100001001000100101000101,000000100011000010000100011010100000,110100000000001000010011000000001010,67,7433ms
101100111100000000000001001000000000,000000000001010100100000000000101111,010000000010101011001000110000000000,000011000000000000010110000111010000,130,16297ms
110000001010000010010000000100100010,001001100001000100100001000000001001,000100010000100001001000100011010000,000010000100011000000110011000000100,108,4116ms
001100001010000110000001000001001000,100001000000011000010110010000000001,010010000001000000001000100110100010,000000110100100001100000001000010100,80,13885ms
110100010000101000000011000000010000,001000000001000111111100000000000000,000000101000000000000000011011001011,000011000110010000000000100100100100,112,63923ms
000001010101000100000000000101001010,011000101000010000001011010000000000,100000000010100001010100101010000000,000110000000001010100000000000110101,94,140827ms
110000110000010000000010101010000000,001000000000100001101000000000111001,000111001000001010000100010000000100,000000000111000100010001000101000010,139,6847ms
110001111010010000000000100000000000,001000000000000010101000000110100011,000100000001001000010001001001010100,000010000100100101000110010000001000,115,10475ms
101100000010000000001001100010000010,000001110000000000110000000000110101,000000001101011100000000011001000000,010010000000100011000110000100001000,80,9967ms
000100101011000010000000000100101000,000011000100100000101001001000000100,111000000000010000000010110011000000,000000010000001101010100000000010011,157,507ms
000110110100000000000010100000000101,111000000010001100000101001000000000,000000001001000010101000010010010010,000001000000110001010000000101101000,78,13450ms
101101100001100000000010001000000000,000000001000000110010000010100110010,010010010100000001000100000010001001,000000000010011000101001100001000100,157,1438ms
011010101000000000000000011000010100,100001000110110000000001000000001010,000100010001000110100000100100100000,000000000000001001011110000011000001,106,7620ms
101110111000000000000000000000101000,000001000001011110010000001010000000,000000000100100000001101010001010010,010000000010000001100010100100000101,156,3695ms
101000110000101000000000010100000100,010110000000000100000001101001001000,000000001101010001001010000000110000,000001000010000010110100000010000011,97,6968ms
010010110001000010010001001000000000,001001000000101000101010000001000100,000100001100010000000000110100110000,100000000010000101000100000010001011,76,30730ms
101101101000000000000010000001100000,010000000001011000000100001110000100,000000010100100110110001000000000001,000010000010000001001000110000011010,157,495ms
010010000000101000100100000001001001,100000000001000010010010001110010000,000100101100010000000001010000100010,001001010010000101001000100000000100,45,2421ms
011011000000000100000000100001001001,000100100110000001000000010010100100,000000000001100010101100000100010010,100000011000011000010011001000000000,73,172359ms
010011110010000000100000010001000000,001100000000000110000010100110010000,000000000101000001010100000000101110,100000001000111000001001001000000001,94,17565ms
110110100000100000001010001000000000,000001010001000010100000000111010000,001000001010011001010001000000000100,000000000100000100000100110000101011,162,6723ms
100010000000011001101000011000000000,011101110000000000000000100010010000,000000000100000100010111000000000111,000000001011100010000000000101101000,53,242319ms
111001010010000000000000000000110010,000010100101000100000000010011001000,000100000000100011010101000000000101,000000001000011000101010101100000000,108,15352ms
100010111100001000000001000000010000,010100000000010000010010001000001110,001001000000100001100100100010000001,000000000011000110001000010101100000,116,6839ms
100000110100010000001001010001000000,001000001011001000010000001000100010,010100000000000010100000100110010100,000011000000100101000110000000001001,157,106ms
101100101000010000000000001000000110,000000010110000000011100100010010000,000011000000101101000010000100100000,010000000001000010100001010001001001,116,1323ms
000111001010000100000010100000000001,011000000101101000010100000100000000,000000110000000011100001010001100000,100000000000010000001000001010011110,44,1883ms
010001010010100000001101000000001000,101000000100000000000000011010010110,000010001001011100100000000001000001,000100100000000011010010100100100000,59,6247ms
010101010100010000000000000001001001,101000001000100101000000100010000100,000010000001001010100101001100000000,000000100010000000011010010000110010,92,20011ms
000100111010000000010010000000100100,011000000000001010000001000000011011,000001000100110000101000011001000000,100010000001000101000100100110000000,51,1725ms
011100010000000100010000100011000000,000001101000001001100010000000100001,000010000100000010001101001000010100,100000000011110000000000010100001010,86,1456ms
010110011001000000000001001100000000,100001000000100100000110000001011000,001000000110000001001000110000000110,000000100000011010110000000010100001,117,723ms
110101011000100000000100001000000000,000010000001001001000010100010100100,000000100100010100111000000000011000,001000000010000010000001010101000011,157,120ms
111101110000000000000010000010000000,000000000010000111001000010101000100,000010001000011000010001000000010011,000000000101100000100100101000101000,125,1446ms
000011100010010000100100110000000000,010000000100000110011001000000101000,000000001001000001000000001011010101,101100010000101000000010000100000010,31,25488ms
100001000100100000011000100100000100,011100010000001000100001010010000000,000010000001000110000100000000111010,000000101010010001000010001001000001,79,5078ms
111110101000010000000000000000010000,000000000001100101010010100000100100,000000010110000010000100001011001000,000001000000001000101001010100000011,177,260ms
001011011010000000000001010010000000,010000100100100000110010000001000100,000100000000000100000100101000011011,100000000001011011001000000100100000,33,4456ms
100100101000000000001100001000001010,010011000110001000100000010010000000,000000010000110011000001000101100000,001000000001000100010010100000010101,82,12439ms
101111111000000000000000000000100000,000000000110000000001011000011001100,010000000000111011100000000100000001,000000000001000100010100111000010010,177,46ms
000100000011000001001000100010000101,001001011100011000010000000100000000,110000100000000110000011001000001000,000010000000100000100100010001110010,79,7356ms
010010001000111000001001000000001000,001101100100000101000000001000010000,000000010001000000100110010110000010,100000000010000010010000100001100101,45,27159ms
000001110101000000100010000100010000,011100001010001000001100000000100000,100010000000100011000001101000000100,000000000000010100010000010011001011,91,15462ms
100011001000100110000000001000000010,000100100010000001001001000001001001,010000000001011000110000010000100100,001000010100000000000110100110010000,118,948ms
010001101000000100010000001010000010,000000010001100000100000010001111000,001100000010011001000101000000000001,100010000100000010001010100100000100,69,6515ms
100110000000000010011110000001000000,000000100110000001000000110000000111,011000001001011000000000000110001000,000001010000100100100001001000110000,177,1452ms
111110011000000000000000000010000100,000001100000001010001111000000100000,000000000100010001010000001001011010,000000000011100100100000110100000001,161,10229ms
101010110000000100010100000000010000,000101001000000001001000000111000100,000000000011111000100001000000001010,010000000100000010000010111000100001,109,24538ms
111001110000000010010000000001000000,000110000000111001001000000000001010,000000000010000100000110011010000101,000000001101000000100001100100110000,122,10672ms
011000111000001100000001010000000000,100001000000000010001000001101100010,000100000110000001010100100000000101,000010000001110000100010000010011000,102,7713ms
011110111000010000000000010000000000,000000000010100000100010101010100010,000001000000000001001101000101001001,100000000101001110010000000000010100,97,44796ms
011110001000000000001100000010010000,100001100000010000100000010001101000,000000000111001000000011100100000100,000000010000100111010000001000000011,127,10452ms
010011111000000001001000000000000100,000000000000100010010001111100100000,101000000010010000100110000010000010,000100000101001100000000000001011001,157,994ms
111101001000000100001000010000000000,000000000100001001110001001010000001,000010110001000010000000100000101100,000000000010110000000110000101010010,142,18128ms
011000101010010100010000010000000000,100000000000100000001111001001000100,000101000001000001000000100110110000,000010010100001010100000000000001011,91,43480ms
101010011000000100100001000100000000,010000100100001000010010100010100000,000001000001010001000000000000011111,000100000010100010001100011001000000,131,4679ms
100101000000010100000000010001100100,010010100111000000010100100000000000,001000011000100000100010001010000001,000000000000001011001001000100011010,105,55249ms
000010110100000000000101000000010110,110000000000000001100010001100100001,000101001000000010011000110000001000,001000000011111100000000000011000000,59,36263ms
100001010000001010000101100001000000,010010001001000100000000001100000110,000100000010010001110000010000100001,001000100100100000001010000010011000,68,5860ms
100111101000010010010000000000000000,010000010100000000000011000110000101,000000000010101000001100010000011010,001000000001000101100000101001100000,135,8730ms
010001110010000001000001000010000010,101000001100101000000000001000100001,000010000000000000001110110100010100,000100000001010110110000000001001000,75,11030ms
010100010101001000000000000001100100,100000000010010000011101001000000010,001011101000000000000000110000011000,000000000000100111100010000110000001,103,40928ms
101010111000000000000010000000010010,000000000001010100001000101010001001,000001000110100000010101010000100000,010100000000001011100000000101000100,103,4832ms
110111101000000000001100000000000000,000000010100000010010001100011010000,001000000010101101000000011000000010,000000000001010000100010000100101101,147,561ms
001111011001100000000000000100000000,000000000110010100000000111000110000,110000000000001010010110000001000100,000000100000000001101001000010001011,170,1459ms
111000010000100101000000000000010001,000010100101010000000000100010101000,000001000000001000101001001101000100,000100001010000010010110010000000010,142,14454ms
110011010000000011000000000101000000,000100100001001000100000000010000111,000000000100010100000111100000110000,001000001010100000011000011000001000,150,7673ms
001111010000001100000000000001000100,010000100000000010110000000100100011,100000000110000001000010001010011000,000000001001110000001101110000000000,160,35086ms
110100001010100001000000001000000010,000000110100001010001000100010010000,000010000000010100000110010001100001,001001000001000000110001000100001100,104,5515ms
111001101000000010000001000000100000,000000010010000001001110000000001101,000110000001011000100000100110000000,000000000100100100010000011001010010,177,26ms
001001110000000100001010000101000000,110000000101000000000001100000001011,000100001010100000110100001010000000,000010000000011011000000010000110100,80,6445ms
101110001001000100000000000100001000,000000000100110010110001000000010100,000000110010000001001000101000100010,010001000000001000000110010011000001,129,13316ms
101011010010000000000000100010001000,000000000000011001010100010000110010,010000001100000010001000001100000101,000100100001100100100011000001000000,157,599ms
101101110000000001000000010001000000,000000001100000110011001000010100000,000000000000011000000110101000001110,010010000011100000100000000100010001,96,10589ms
111110001100000000000000001001000000,000000010010001110010100100100000000,000000100000110001100000010000010101,000001000001000000001011000010101010,177,320ms
100010100000001000010000101110000000,010001010000100100100000000000110100,000000001111000001001101000000000010,001100000000010010000010010001001001,103,2009ms
101000100100100101001000000000001000,010011000011001010000100000000010000,000000010000010000110001011000000110,000100001000000000000010100111100001,86,70917ms
100111001000001001000000000001000010,000000100011010010000111100000000000,010000000000100000110000010010001101,001000010100000100001000001100110000,156,12850ms
110011001000001000001000110000000000,000100010000100000110000000100100011,001000100100000010000110000011000100,000000000011010101000001001000011000,144,2226ms
101101000000000010000000000001000111,000010000010100100001010110010000000,000000110100000000100100001000111000,010000001001011001010001000100000000,142,2544ms
100000000000101010000110001010100000,011001000101000000001000000001000011,000100111010000000010001000100000100,000010000000010101100000110000011000,90,5112ms
100000011000000110000101000010000001,001010100010000000110000000101000010,010001000100010000001000000000111100,000100000001101001000010111000000000,91,17872ms
000000100001010000100110101000100000,100110010010100000010000000010010000,010001000000001010001000000001001101,001000001100000101000001010100000010,24,5658ms
001000110010000011000000010001000100,100000000100010000010001000000111001,010011001000101000000100000110000000,000100000001000100101010101000000010,84,14607ms
111110111000000000000001000000000000,000001000011000001101000001100010000,000000000100000100010110000010100101,000000000000111010000000110001001010,164,1954ms
100010010000101010001011000000000000,010100101000000100000100101000000001,001000000011010001100000000011000010,000001000100000000010000010100111100,90,19943ms
100011010000000100000000000010001011,010100000100001000000110001001010000,001000100011010000100001010000000100,000000001000100011011000100100100000,122,10206ms
111011001000000000000000100000100001,000100100110111000000000001010000000,000000000000000101010101010001010100,000000010001000010101010000100001010,124,20123ms
111000000001000001100000000000011100,000110001110001000010000101000000000,000001010000110110000001000100000010,000000100000000000001110010011100001,116,76230ms
001100010000000001001100001011000000,100000000001110000000011000000110100,010011100100000100010000010000000010,000000001010001010100000100100001001,81,4269ms
000101110010100010000000100100000000,101000000000001000000000010001101110,000000001100010000100110001010010000,010010000001000101011001000000000001,89,12451ms
111010111000000000000000000100010000,000000000110010100001100101000000001,000100000000001010110001000010001100,000001000001100001000010010001100010,157,112ms
011101011001000000100000000000000100,000000000100000001010010110011001000,000010000000101110001000001100000010,100000100010010000000101000000110001,98,3052ms
000111010010000100010000100010000000,000000001100110001000100001000000101,110000000000001000100001000100101010,001000100001000010001010010001010000,177,154ms
111011000001000000101000000000000001,000000001010000010000010001110011000,000000100000110100010100110000000100,000100010100001001000001000001100010,157,2345ms
111111010000100100000000000000000000,000000100000011000000010010110100001,000000000100000000101100101001001100,000000001011000011010001000000010010,177,1864ms
100011110000100010000000100010000000,000100000010001000010011010100010000,011000000001010100100000000000100101,000000001100000001001100001001001010,135,1356ms
101101001000000010001000000010000001,010000110000010000100110001000000100,000000000110001101000000000101100010,000010000001100000010001110000011000,133,20184ms
000110010000001100100000000110000001,101000000000010000001000011001001010,010001000100000011000110100000000100,000000101011100000010001000000110000,135,2251ms
000010001000001010010011000100000100,100001000001010000100000100001000011,010100100010100000001100001000001000,001000010100000101000000010010110000,57,9743ms
000101011000000000000001010110000010,001000000001000100101000000001100101,100010100010110001010000001000000000,010000000100001010000110100000011000,157,3346ms
101111011000000000000000010000000001,000000100000100110000100000110011000,010000000110011001010010100000000000,000000000001000000101001001001100110,177,3657ms
010010100010001000010000101000000001,001001001000100010000011000100100000,100100010001000000001100010000001100,000000000100010101100000000011010010,99,9654ms
101001011000011000010010000000000000,000100000100000000101000000110011001,010010000011000110000101000000000100,000000100000100001000000111001100010,144,2949ms
000101111000000010000000001100000100,010000000101010001000001010001001000,101000000000100100011000100000010001,000010000010001000100110000010100010,131,1007ms
110000011000111000000001010000000000,000000000001000000111010000001001101,001000000110000100000100001010010010,000111100000000011000000100100100000,127,4879ms
111101010000000100010000100000000000,000000000000011001001101001001001000,000000100101000000000010000110100101,000010001010100010100000010000010010,157,3286ms
111011010000000001100000000000100000,000000101001001000010010100000010001,000100000100010010000001010100001100,000000000010100100001100001011000010,157,102ms
101101111000000000000000010000010000,010000000001110010000000000011001010,000000000100000101111010001100000000,000010000010001000000101100000100101,157,3901ms
001101110000000001000110100000000000,000000001010110100100000000100100100,010010000000000000010001001010011001,100000000101001010001000010001000010,94,76141ms
101001010001000000000001100001000100,000110000000011001010100000000011000,000000100010100010101010010000000001,010000001100000100000000001110100010,136,9207ms
011110011011000000000000000000100000,000000000000001000011100101011001000,100000000000110011000001000000010101,000001100100000100100010010100000010,163,7628ms
001000010010100110000010100000001000,110000100001000001011000000010000010,000001001100000000000100010001100101,000110000000011000100001001100010000,12,636ms
111110110000010100000000000000000000,000000000010100000010010111001000100,000001000100000010000100000100011011,000000001001001001101001000010100000,177,146ms
100100011000010010010000000001001000,000000000110000000001010100010100110,011000100001100000000101001000010000,000011000000001101100000010100000001,107,6127ms
101111110000000000000000100001000000,000000000100001000110101001000010010,010000000010110100001000000110000001,000000001001000011000010010000101100,177,76ms
010011010000100100010000000010000010,100000000100001010000001000101001100,001000000010010001001110100000100000,000100101001000000100000011000010001,54,13338ms
010101110010000001000100000010000000,000000001000100010101010010000010010,100000000000011100010000001001000101,001010000101000000000001100100101000,133,11993ms
110011000010000000000010001001000100,000100010001110000101000100010000000,000000001000001000000101010100101010,001000100100000111010000000000010001,142,4749ms
010011000100001000000001110000001000,100000001000100011000010000000110100,000100110010000100010000000111000000,001000000001010000101100001000000011,87,1771ms
001100110011010100000000000001000000,000010000100000000000101100100011100,000000001000001011010010001000000011,110001000000100000101000010010100000,41,14522ms
110001010010000000001000000100001010,001000100000000100010000101010110000,000000000001101011100001010000000001,000110001100010000000110000001000100,123,13204ms
000111011110000000000001000000000100,011000000000001000110010000111000000,100000100000100000001100110000010010,000000000001010111000000001000101001,133,7269ms
110101010000000010000001000000100100,000000001100010000010000000010011011,000010100001001101001000000101000000,001000000010100000100110111000000000,142,25032ms
010011011000001010000001000000000001,001000000110000101000000000010100110,000000000001000000011010110100011000,100100100000110000100100001001000000,61,56884ms
111010001000000000000101000000001010,000000000100011010010000001100100001,000101100000000100001010100001010000,000000010011100001100000010010000100,123,9593ms
111111110000000000000000000000000010,000000001000010000010101001010001100,000000000100101100000000100101110000,000000000011000011101010010000000001,177,98ms
011000100010001010100100000000000010,000001001000000100000011001001010001,000010000001100000011000100110000100,100100010100010001000000010000101000,87,3973ms
011000011011000010000000001000001000,000111000000001100100100100000010000,100000100000000001010010000110100010,000000000100110000001001010001000101,135,42938ms
000110001001000000001100100000010001,110001010010000000110000000001000010,001000100000001110000001000010100100,000000000100110001000010011100001000,28,2512ms
000101101000000100010010001000010000,011000000000000001001101110000000100,100000000101100010000000000100100011,000010010010011000100000000011001000,120,32616ms
010001011010000001001001000010000000,001010000001100100000100010100000001,000100000100010000010010100001010100,100000100000001010100000001000101010,76,3355ms
011101101101000000000000000100000000,000000010000000000111001000010010011,000000000000010110000110001001001100,100010000010101001000000110000100000,99,25553ms
001111110001001000000000010000000000,100000001100010010110000000100000100,010000000010100101000010001010000001,000000000000000000001101100001111010,103,35934ms
001110001100100010000001000001000000,010000100011010000000000110100000100,100000010000000101000010000000111010,000001000000001000111100001010000001,130,8474ms
011001011000100000001010000000000100,100100000001001011010000010000100000,000000100100000100100101100100000010,000010000010010000000000001011011001,117,15426ms
001011100000010001000100000001010000,010100010001000100000010100010100000,100000001000100000010001010000001110,000000000110001010101000001100000001,73,11340ms
011110010100010000000000000000010001,000000100000000100000110100100101100,100001001001100011010000000010000000,000000000010001000101001011001000010,177,690ms
010100111010100000000000001000010000,000010000100001000100000110100001010,000000000000000101011101000000100101,101001000001010010000010000011000000,35,7997ms
001000000010100000000001100010011010,000010000001001010010110000100000100,100100100100000000001000010001100001,010001011000010101100000001000000000,66,15054ms
110000111000000010000000010000010010,000111000000000100010110000001000100,000000000100010000101001101000100001,001000000011101001000000000110001000,136,18772ms
011110110000000001000100000010000000,100001000010000110001010000000011000,000000000000011000010001111001000100,000000001101100000100000000100100011,80,29739ms
001110110000010000010000000000001001,010001000000001100000010001010110000,100000001100100011000000110100000000,000000000011000000101101000001000110,177,626ms
100111000000010000000101100000100000,000000010011001110010010000000001000,000000000100100001001000010011010100,011000101000000000100000001100000011,96,97945ms
100010110000000100001000000010010001,000101000000110010010010110000000000,000000001001001000100001000100101010,011000000110000001000100001001000100,112,23798ms
001100000000000000000001110100010101,100010010000000111100000000010001000,000000101001010000010110001000100000,010001000110101000001000000001000010,21,16081ms
011011110101000000000000000000100000,100000000000010000010110000101010010,000000001010000011100000100010001100,000100000000101100001001011000000001,119,7506ms
011001111100000100000010000000000000,100000000000001001100100000011001010,000110000010110010001000000100000100,000000000001000000010001111000110001,126,33838ms
010110110000000000000100100010000010,001000000110000000101011001000000100,000001001000101110000000000101000001,100000000001010001010000010000111000,132,42184ms
000001000100000110000010000000011101,000100101001001000110000000010000010,100010000010000001001001001100100000,011000010000110000000100110001000000,112,1482ms
000100100000000001010100001001000110,101010001000100000101001010000000000,000000000011001100000010000100101001,010001010100010010000000100010010000,0,15656ms
110100000000010110000001000010010000,001000101000000000011000000100101001,000000000011001001000110001001000010,000011010100100000100000110000000100,65,36290ms
101010100011000000100001000000000010,000000000000110000001100000000111101,010001011000000110000010110000000000,000100000100001001010000001111000000,154,6089ms
111010110000000100000000000001001000,000001001010000001100010000000110001,000000000101111000010100010010000000,000100000000000010001001101100000110,157,5200ms
000001100000100010101010000000001001,000000001010000101000100101001010000,110000000101010000010001000010100000,001110010000001000000000010100000110,103,1412ms
011101111000000000000001000010000000,000000000110010010010100010000001010,000000000001100100100000001001110001,100010000000001001001010100100000100,101,48704ms
100101010101000000100100000100000000,010000001000000011000010100000010101,001000000000101000011000011010100000,000010100010010100000001000001001010,140,332ms
110111001100000000101000000000000000,001000000011111100000000100000000010,000000010000000001010111010000101000,000000100000000010000000001111010101,177,77ms
101101010001000000000100000000100001,010000101100011001001000000001000000,000000000000000100010011011000011100,000010000010100010100000100110000010,81,48727ms
111001001100000100001000000001000000,000010010000101000000000000110100011,000100000010000011110000100000011000,000000100001010000000111011000000100,157,5258ms
111100000000000000100010110000000001,000010001000000110010100001101000000,000000110110010001000000000000001110,000001000001101000001001000010110000,157,1094ms
010101111100000000000010000000100000,000000000000110000110000011100000110,000010000001001011001000100000010001,101000000010000100000101000011001000,63,9048ms
000111101000000100000100001100000000,011000000010001000011010000000000011,100000000000000010100001010010011100,000000010101110001000000100001100000,152,1894ms
110010111001000000000000010100000000,001001000110000000001101000010001000,000000000000111000010000100001000111,000100000000000111100010001000110000,129,1750ms
000011010100010000000111000000000010,100000000000101001000000000111001001,011100001001000000001000100000010100,000000100010000110110000011000100000,82,32211ms
000011000010000001100000010000010110,000000000000110000001111100000100001,001100110100000100000000001010001000,110000001001001010010000000101000000,68,4324ms
000001001010000011011000001001000000,000010010100010000100001010000110000,001100100001100000000100000100001100,110000000000001100000010100010000011,56,4808ms
110101110000100000000000000000001001,001010000000001000001001110100000010,000000001001000110010100000011010000,000000000110010001100010001000100100,120,19202ms
100101011000000000000010100000010001,000000000100111000000001000011100010,001010100010000001010100001000001000,010000000001000110101000010100000100,114,14349ms
001101010010100010010000000000000100,100000000100010000001110000000101001,010010100001001100100000000010000010,000000001000000001000001111101010000,88,14095ms
101110000010000100010000000000001100,000000001100001010100101001000000010,000000000001000001000010100011110001,010001110000110000001000010100000000,100,23334ms
011011011000000000000011010000000000,000000100110001000000000101001001001,100000000001010101100100000010100000,000100000000100010011000000100010110,157,1087ms
111000100000000000110100010100000000,000001000011011000000001100000010100,000100000100000110001010000001100001,000010011000100001000000001010001010,157,57ms
100000001000000011011010000100000001,010000110101001000000000100010000010,001010000000000100100000010001101100,000101000010110000000101001000010000,109,7282ms
010100001011000000101010000000001000,100000110000001000010000001000010110,001001000000110111000000000001000001,000010000100000000000101110110100000,75,17657ms
111101111001000000000000000000000000,000000000000110000000110101001001001,000010000010001111101000000010000000,000000000100000000010001010100110110,157,468ms
100101110101000000000100000000001000,000000000000111001010000001010000011,011000001010000010000000000100110100,000010000000000100101011110001000000,157,1097ms
111110000000000000010000000101010000,000000001100000001101100100000000110,000001100011100010000010001000001000,000000010000011100000001010010100001,162,335ms
001101101010010000000000000000100010,000000000001000011010110001000001001,010000000100101000001000100010010100,100010010000000100100001010101000000,90,13419ms
101110101100000000100100000000000000,000001010000001111000001010010000000,010000000011010000001000100000010011,000000000000100000010010001101101100,177,117ms
110110101000000000000000000100010100,000000000101011000100100000010001001,001000000010100010010010111000000000,000001010000000101001001000001100010,170,2779ms
011100111000000000000000000000010011,100001000101100000011010010000000000,000000000010000101000101100010001100,000010000000011010100000001101100000,71,97895ms
100110101010100000100000000100000000,001000010000000010010100000001110100,000000000001010001001010010000001011,010001000100001100000001101010000000,136,3410ms
011001001000001000001000010000100001,000000000011000100010010100010010100,000000100100110001000001001001000010,100110010000000010100100000100001000,53,8218ms
110100101000000000000100000011000001,000010010000110101010000100000001000,000000000100000010100011010100110000,001001000011001000001000001000000110,157,725ms
011010011000000010100000000000010010,000000000100101001010101000101000000,100000000001010100001000111000100000,000101100010000000000010000010001101,128,27575ms
100110010000000001000000110100001000,000000000000000010111011000011100000,001001100001100000000000000000010111,010000001110011100000100001000000000,150,66376ms
011010010000000110000000010100010000,100100001001001001000001100010000000,000001100000110000001100000001101000,000000000110000000110010001000000111,59,5016ms
110011011000000000000011000010000000,001000000110101010000100100000001000,000000100001000101000000001001000111,000100000000010000111000010100110000,115,6270ms
000001011000000010001100010000010010,000110000110101000000001101000000000,110000100000000101000010000101000001,001000000001010000110000000010101100,116,26464ms
001001011000000000100001100100000001,010000000010010100000110010010000100,100010000100001010001000001000101000,000100100001100001010000000001010010,148,1258ms
110111110000000010000000000000001000,001000000000110100100101011000000000,000000000100000001010010100011010001,000000001011001000001000000100100110,177,8886ms
110001100000000001011000010000000100,000000001000000100000100000111101001,000100000100101000100011001000010000,001010010011010010000000100000000010,143,32405ms
000000111000000001000101000011001000,001000000000100110001010110000000001,110101000001010000000000000000110010,000010000110001000110000001100000100,146,2838ms
000110011000000000000001000001010101,010001000000011000001100100010000010,000000100101100110000000010100001000,101000000010000001110010001000100000,73,9681ms
110000000010100101000010010000001000,000110001100000000001000100001010010,000001110001001000000101000100000001,001000000000010010110000001010100100,100,3524ms
110100011000001100000000001010000000,000001000100010011010100000100010000,001010000011100000001001000000101000,000000100000000000100010110001000111,126,7257ms
101100100000011010000100000100000000,000000001011000000010010000011100001,000001010100000101100000100000001100,010010000000100000001001011000010010,151,1057ms
101001110100001000000000001000000100,000000001000000110000111000001010010,010100000011010000010000100100000001,000010000000100001101000010010101000,157,89ms
100010101000010000000100000000101010,000000010000001101000011011010000000,011100000011100000011000000001000000,000001000100000010100000100100010101,139,3249ms
100000101000100000000101001000001100,001100000110000010000000100101000001,000011000000001001010010010000010010,010000010001010100101000000010100000,49,566ms
100100110100001000000101000100000000,001010000010010110000000010000001010,010001000000100001010010001000100001,000000001001000000101000100011010100,128,2943ms
011001110000000000000000011010000100,000010000100100000010001000101100010,100100000010001101101000000000001000,000000001001010010000110100000010001,157,775ms
110011111000100001000000000000000000,000000000001001000000111000010101001,001000000010000100010000010101010100,000100000100010010101000101000000010,144,2404ms
010010101001100010000000000000100100,100000000100000100110000000101001001,000001000000010001000110111000010000,001100010010001000001001000010000010,22,19778ms
110111010000000000000000000100010100,000000000000011000100101011000101000,001000000101000111010000000000000011,000000101010100000001010100011000000,177,103ms
101011011000010100000000000000000001,000100000100000000011010010010000110,000000000011000010100001000100111000,010000100000101001000100101001000000,139,8218ms
100101100001001000000000100000001100,000010000110000011000000001111000000,010000001000100100110101010000000000,001000010000010000001010000000110011,157,22987ms
101001101100000100000000000001001000,000100010000000000001100000100100111,010010000000101010100010110000000000,000000000011010001010001001010010000,154,12564ms
100110001001000100000000000001011000,001000010000000000111000000110100010,000001100000101010000011101000000000,010000000110010001000100010000000101,113,65912ms
111010100000001100000001001000000000,000001000010010000010100110000010010,000100011100100010000000000101100000,000000000001000001101010000010001101,157,2412ms
001000111001000101000000010100000000,110100000010000010100000100001010000,000010000000011000010001000010101010,000001000100100000001110001000000101,42,4030ms
001011010000011000001000000001100000,100000000101000010110000000110000001,000000000010000001000101100000011110,010100101000100100000010011000000000,13,18422ms
011100101000001010100000000000010000,100000000100000000000011101010100001,000000010010100100010000010101001000,000011000001010001001100000000000110,102,2640ms
010001000010001000001000100110010000,001100100000000000100110001000001010,100000001101010101010001000000000000,000010010000100010000000010001100101,124,26866ms
111011100000100001000000000100000000,000000010001000000001001101011100000,000100000000001010010100000000011110,000000001110010100100010010000000001,134,1252ms
001100100010101100010000000000000100,000010000001010010101000010110000000,100000000100000000000100001000111011,010001011000000001000011100001000000,87,38102ms
110100110000001010010000000100000000,000010000000110000001000010010000111,000000001111000100000111000000001000,001001000000000001100000101001110000,157,1010ms
010101100010000010000000010000100010,000000000000001101110000101101000000,101010001000000000000111000010001000,000000010101110000001000000000010101,143,8596ms
001010010000001100000010000110100000,010100101000000010010000100000010100,100000000100010001001100010000000011,000001000011100000100001001001001000,113,4058ms
110010110100000000000000100000011000,000000000001010010011000010010000101,001100001000100000100011000001000010,000001000010001101000100001100100000,148,2342ms
101010101000000000100001001000100000,000100000110100001000000100000010110,010000000001001110010100010001000000,000001010000010000001010000110001001,157,3025ms
100101101000000010000010001000000001,001000000000001100101001010100000100,000000010100000000010100100001011010,010010000011110001000000000010100000,106,6305ms
000000010011000000100111000000101000,000101000000100001010000001000010110,100010000000011000001000100101000001,011000101100000110000000010010000000,75,3530ms
011110000000100100000000000001100100,000000100000011001001010101000000001,100000000111000000110100000000011000,000001011000000010000001010110000010,177,645ms
001001101001000000010010000000010010,000000010000000110001000000101100101,000000000100111001100001010010000000,110110000010000000000100101000001000,60,41762ms
011110100001000000000000001000100100,100001000010111100000000000110000000,000000011000000011111100010000000000,000000000100000000000011100001011011,97,101763ms
101001100001000010100000000001000100,010100001000100100001000001000100010,000000010110001001000111000000001000,000010000000010000010000110110010001,107,5988ms
000010000011000100010100100001010000,001101000100110001001000000010000000,110000001000001010100001000100001000,000000110000000000000010011000100111,127,10188ms
001110011100000000100000101000000000,110001000010100000010100000010010000,000000100000011101000000000001101001,000000000001000010001011010100000110,102,31899ms
010010111000000100000000000000001101,001000000101000011011010100000000000,100001000000101000000000010110010010,000100000010010000100101001001100000,157,9689ms
110001101100000010000000001000100000,000000010000010100011000100001010100,001100000011100001000100000110000000,000010000000001000100011010000001011,157,35ms
001110101000100000100000000110000000,010001010001001010000000110000010000,000000000000010100011011000001100010,100000000110000001000100001000001101,88,54056ms
000101100010000010000000010010000011,110000001100010000011011000000000000,000010010001000000100000000101011100,001000000000101101000100101000100000,74,30907ms
010111111001000000000000000001000000,001000000000011100010010011100000000,000000000110000010101100000010001001,100000000000100001000001100000110110,116,57581ms
011000000011011100000000001010000000,100101100000000010000010110000000010,000010001100100001000100000100001100,000000010000000000111001000001110001,52,23601ms
111111011000000000000001000000000000,000000000010001111101000001100000000,000000100001100000000110000010101001,000000000100010000010000110001010110,160,15368ms
111011101100000000000000100000000000,000000000001000110000011010010100100,000100000010001001010000000000011011,000000010000110000101100001101000000,157,690ms
110001011000101010000000000001000000,001100100010000000000010100010100100,000000000100000001100101001000010011,000010000001010100011000010100001000,121,19840ms
010000100011000000000011010000000110,100001001000010110001000000001000001,000000000100001000010100101100101000,001110010000100001100000000010010000,44,2103ms
010011100000000001000100000001010100,000000011000000110010000100000100011,101100000110000000100010001010000000,000000000001111000001001010100001000,157,326ms
101011111000100000000000000010000000,000100000010000001000001011000110010,000000000101000110000000100001001101,010000000000011000111110000100000000,157,1313ms
000000001100110111000000000000000110,101011100010000000010000010000001000,000000010000001000000111101110000000,010100000001000000101000000001110001,11,795ms
111100100000000011100000010000000000,000011000010110000000000000011011000,000000010100000000011101100100000010,000000001001001100000010001000100101,157,2047ms
111010010000000000010000100001100000,000001101000000100001010000010000011,000000000101111001100100000000010000,000100000010000010000001011100001100,147,4427ms
001010100000001100000000001100101000,110100000000000000101010110000000100,000000011100000011010101000001000000,000001000011110000000000000010010011,47,49243ms
101001001000000001000010000100001001,010000100000110100010000100001000100,000010010011000010100100000000110000,000100000100001000001001011010000010,128,1600ms
110110001000100000001010000010000000,001000000001000000010001110001100010,000000100100011011000100000100000100,000001010010000100100000001000011001,177,572ms
001000101000100010100000100100000001,110001000001001000010010010000001000,000110010100010001000001000000100010,000000000010000100001100001011010100,101,17249ms
000010101000100001100000010100000010,011001000011000110000000000000001100,100000000100001000000110001011000001,000100010000010000011001100000110000,118,11346ms
010111011000000010000010000000000100,000000100100000001001001000111010000,001000000010001100110000000000100011,100000000001110000000100111000001000,108,7671ms
001010110010000000000000010001011000,000000001000110110001000100000100100,100000000000001001000111000110000010,010101000101000000110000001000000001,100,41151ms
010000101000100100001000011010000000,100100010000010010000000100001001100,000001000000001001100101000000100011,001010000111000000010010000100010000,24,1481ms
010110001000000101001000010100000000,100000000000101000000000101001110010,000001100101010010000101000000000001,001000010010000000110010000010001100,107,7248ms
100000100010000000001111000000011000,011000001001010010000000000101100000,000011010000000100010000000010000111,000100000100101001100000111000000000,74,76340ms
001011000010010000001100010000000010,100000001000001000100000000011110100,000000100101000101010000101000000001,010100010000100010000011000100001000,45,27635ms
100011101000000101000001000000000100,000100010001110000000000100000101001,001000000000001010011110001010000000,010000000110000000100000010101010010,85,5726ms
010000011000000110100101000000001000,001000000001101001011000000000010010,000001100000000000000000101111000101,100110000110010000000010010000100000,86,42941ms
110111111000000000000000000010000000,001000000100011001000001010000000011,000000000000100010011110000101000100,000000000011000100100000101000111000,177,231ms
010101001001001010000000000000100100,000010000000100000001010110001001010,100000000000000101010100001010010001,001000110110010000100001000100000000,113,49729ms
110000010001100101100000000000100000,000000000100011010000101010000010001,001011100000000000000010001001000110,000100001010000000011000100110001000,137,20642ms
000000011001001000000001011100010000,000010000100000101100100100000100010,000001100000110000011000000011000100,111100000010000010000010000000001001,0,402ms
110110010000000000001010100001000000,000001001000000101110000000000011010,001000100010110000000001000100100100,000000000101001010000100011010000001,177,353ms
111000101000000010000101000000100000,000010000000001000110000101011000001,000101000011100000001010000100000100,000000010100010101000000010000011010,143,1555ms
010110111000010001000000000000100000,001000000110000010000000100001011100,000000000000101100000011000110000011,100001000001000000111100011000000000,81,117452ms
001011101000000100000000010011000000,110100000010000000000110000000101100,000000000001001010011001101000000001,000000010100110001100000000100010010,35,2665ms
110110111000000010000000000000100000,001000000000001000101010010110010000,000001000001010000010101100000001001,000000000110100101000000001001000110,147,13288ms
010100110000000100011000000000010001,000000000001000000100101111000000110,001001001100100000000010000010101000,100010000010011011000000000101000000,87,17931ms
011010000001000010000100000010100100,100000101010100000100000000100000011,000001000100000101001001001001001000,000100010000011000010010110000010000,54,6762ms
010111101010010000000000000000000010,100000010100000110000000110001010000,001000000000000000110011001100000101,000000000001101001001100000010101000,144,12451ms
011011010010000000000000000001100100,100000101101000000001100100000010000,000000000000100101110011000010000001,000100000000011010000000011100001010,70,56405ms
111100010000001100000000000000000110,000010000010010001111000001001000000,000001000101000010000101000100100001,000000101000100000000010110010011000,157,840ms
110100111001000000001000000000010000,000001000000000000010100110001000111,001010000000101100100010000000101000,000000000110010011000001001110000000,125,14619ms
010101101001000000000100001000010000,000000010100000000110000100100101001,100010000010001110001001000000000010,001000000000110001000010010011000100,127,4886ms
011110101000001100100000000000000000,000001000000000000001000010100111101,000000010010110001010010100010000000,100000000101000010000101001001000010,107,40740ms
110101101001000000000000000000000110,000010000000110101001001101000000000,000000000100001010110000000011011000,001000010010000000000110010100100001,157,15667ms
010000010001001000011010000001000001,101110100000000001000100000000001100,000000001000110100100001111000000000,000001000110000010000000000110110010,19,28308ms
011000010000000001010000001000100110,100100000101000000100001010100000001,000000101000001110001100000001001000,000011000010110000000010100010010000,32,708ms
011000001000100010000000010011000010,000101010000010001000100100000011000,100000100111001000001001000100000000,000010000000000100110010001000100101,157,364ms
001001001100001000110000001010000000,110100010010000010000010000000001001,000000000001110001000000010100110010,000010100000000100001101100001000100,71,18376ms
101111010010100000000000001000000000,000000001000001010010100010000010011,010000000101000100001011000010000100,000000100000010001100000100101101000,177,239ms
001101111000000100000001100000000000,100000000000100000100000011010100101,010000000100010011010100000001000010,000010000011001000001010000100011000,97,11896ms
110111011000000000000000000100000100,000000000000011100000110101000010001,001000000000100000111001000010101000,000000100111000011000000010001000010,177,48ms
001000100001000001010000010000010110,000010000000100110100101100100000000,110101001110000000000010001000000000,000000010000011000001000000011101001,152,2242ms
001000011000010000000100000000010111,000110000110100011000000001100000000,110000100000000100000010100001101000,000001000001001000111001010010000000,127,29792ms
111101101000000010000100000000000000,000010010010001000100000010110010000,000000000001110001001001100000000110,000000000100000100010010001001101001,125,15639ms
010101011000000000100010000000100010,000010000100001110010001000000000101,101000100000100000000100001011001000,000000000011010001001000110100010000,146,1252ms
101100011000100000000001000110000000,000000000000011110100000100000010101,000011000111000000011100000001000000,010000100000000001000010011000101010,157,77ms
000110101000001010010000010000000001,110000000000110100000100100010100000,000001010010000000101001000000010110,001000000101000001000010001101001000,74,3130ms
100011111000001001000000100000000000,010100000010100100000010000000001110,000000000000010000100001010101110001,001000000101000010011100001010000000,132,20153ms
100001100000000111000000100010000100,010110000100000000001001010001100000,001000001001011000010010000000001001,000000010010100000100100001100010010,70,2065ms
110011100001000100010001000000000000,000000000010100000001010000100011011,000100000000001010000100111000100100,001000011100010001100000000011000000,95,10423ms
111010000000000100100001000100000001,000100000000000001011100101010001000,000000011000111000000010010000100100,000001100111000010000000000001010010,128,9286ms
100101001000000000110010001001000000,000000010001001110000001000110000010,010010100010100000001000000000101100,001000000100010001000100110000010001,157,381ms
100011011001010001000010000000000000,000100000000001000110000111010100000,000000000010000100000101000101010110,011000100100100010001000000000001001,95,40019ms
010101000000011000000101000010100000,100000101001000001000000000101001100,000010010100100000101000011000010000,001000000010000110010010100000000011,65,16680ms
010111100000001001000000001000000100,000000001100000010111010000100001000,001000010010000100000100110000010001,100000000001110000000001000011100010,95,9924ms
001011111000000000000000000000010110,100000000001010110000100001000001001,010100000110000000111000000001100000,000000000000101001000011110110000000,99,7447ms
111000111000000001010000010000000000,000100000000001010000001001001011010,000001000101110000000100100000100100,000010000010000100101010000110000001,146,1186ms
011010100101100000000000010000000001,000001011010010000101000001100000000,100000000000001000010101100001010010,000100000000000111000010000010101100,151,8700ms
101000000000001001000100000000101011,000010000010010000010011000010010100,010000010000000100101000111001000000,000101101101100010000000000100000000,73,41385ms
011011101000000001000010000100000000,000000000001100000010100110001000011,000100000000010100101001000010001100,100000010110001010000000001000110000,109,8418ms
111111101000010000000000000000000000,000000000010000100001100110110100000,000000010101100011100010000000000100,000000000000001000010001001001011011,177,77ms
010001111000010010000001000000000001,001000000101000000001100000111010000,000000000010100001000010101000101010,100110000000001100110000010000000100,51,18370ms
001101011100000100000000001001000000,010000100010000000001100010100001001,000010000000011001110001100000010000,100000000001100010000010000010100110,70,50318ms
011100100000000001000100000010001100,100000010000100000010001011000110000,000011000010001010000010100000000011,000000001101010100101000000101000000,63,5628ms
001110100001000010000000000010000110,000000010100101100100000000000011001,110000001000000000000011011100100000,000001000010010001011100100001000000,177,2706ms
000011110100000000000101000000011000,100000000000110100000000110100000101,000000000000001010111000001001100010,011100001011000001000010000010000000,34,5832ms
001001111000011100000000000000100000,110000000100000000001011000001001100,000100000001100011110000000100000001,000010000010000000000100111010010010,86,1979ms
110110110000000000000000100010100000,001000000100000100000100011000001110,000000001000010010110001000101010000,000001000011101001001010000000000001,177,74ms
100101111001000000000000010100000000,000010000010010010010010001000010001,010000000000000001001100000011101010,001000000100101100100001100000000100,157,69ms
000010011001001000001000001001001000,011100100100000000010000100110000000,100001000010110000000001000000100110,000000000000000111100110010000010001,37,661ms
111000110000100000010010000000000010,000100000001000100100100000110010100,000010000110001001001000010000100001,000001001000010010000001101001001000,157,1391ms
100110011001010010000000010000000000,010000000100000001000101100000110001,000001000010000000011010001110000010,001000100000101100100000000001001100,126,3622ms
110010100000001000000000111000100000,000000001101100101001100000000000100,000000010010010010000000000111010010,001101000000000000110011000000001001,118,60900ms
101011101000000001000000010100000000,010000000100000110001010001001010000,000100010011100000010100000010000001,000000000000011000100001100000101110,134,422ms
001111000000001000010000010100010000,100000000100110010000100101010000000,010000110001000100000001000000001101,000000001010000001101010000001100010,94,7186ms
001100111001001001000000001000000000,100001000010100000001010010000100010,000010000000010100010100100001010100,010000000100000010100001000110001001,46,12583ms
001110000010110000000100011000000000,100000000000001010100001000100000111,010001110000000101000000100010001000,000000001101000000011010000001110000,103,25475ms
011000110000000000100000101100100000,000001000101000001010010000000010110,100000001010001110000001010010000000,000110000000110000001100000001001001,157,451ms
001001000000010100000001000100110100,010010011100000001010010000000000010,000000100011000010001000100011001000,100100000000101000100100011000000001,0,6710ms
010011001100000001001000001000010000,100000010000101000000001100100100001,001000100010000110010000010001000010,000100000001010000100110000010001100,83,6225ms
001001100100001010100000000000000101,100110001001010000000011000000010000,000000010010100100010000110100000010,010000000000000001001100001011101000,93,4467ms
010000001001000000110000000100011010,001010100000000000000111000010100100,100001000010001101001000101000000000,000100010100110010000000010001000001,119,33079ms
010010011100100000001000010010000000,000101000000011010000000001000010110,001000000011000101110101000000000000,100000100000000000000010100101101001,92,148551ms
001011110001000000010000001001000000,000100000010010010001000000010110010,000000000100100101100100000000001101,110000001000001000000011110100000000,67,15218ms
110010001100000000000000011000101000,000000100001000001101011000010000010,001101010000110000010000000100010000,000000000010001110000100100001000101,148,466ms
011101000010000110000000000000010001,000010101100100001000000101000001000,100000010001001000010100000011000100,000000000000010000101011010100100010,143,17493ms
000111111000001000000000000001000010,010000000001010000010001000010101001,001000000110100011100010010000000000,100000000000000100001100101100010100,117,27969ms
101001000000000011010000000000100011,000000100100000000101110010000010100,000010001010011100000001000110000000,010100010001100000000000101001001000,128,208ms
011011100110000000000001000000000001,000100001001010010000000010000001110,000000000000000001011110001100110000,100000010000101100100000100011000000,110,10552ms
011111100000110000000000000010000000,000000000000001010110011001000001010,100000010100000100001100110000000001,000000001011000001000000000101110100,177,852ms
111100111000000000000000000001010000,000000000000011000010010100110100010,000011000000100000001100011000001001,000000000111000111100001000000000100,143,525ms
000001101010000100001001001001000000,010000010100110000110000100000000010,001100000000000010000100010100110100,100010000001001001000010000010001001,38,17464ms
011100110100000000000000001001000001,000000000000000101000011000100110110,000000000011100010010000110010001000,100011001000011000101100000000000000,75,177266ms
101101011100000000000000000100000100,010000100000010000011010000000010011,000000000001100000000101010011101000,000010000010001111100000101000000000,140,12339ms
110000101000000110110000001000000000,001101000001100001000010000010000010,000000010000001000001101100001101000,000010000110010000000000010100010101,117,18868ms
010111110000000000000000010010000010,001000000010000101011011000000001000,100000001100010010000000001000100101,000000000001101000100100100101010000,170,4899ms
